1 -34.6204812714334 -58.37887358673228
2 -34.68944447729573 -58.418725247228686
3 -34.63703576352056 -58.44502880224311
4 -34.68910082539411 -58.41496171810282
5 -34.63281629342916 -58.35663422540629
6 -34.61649233872879 -58.44706735815697
7 -34.67444513097834 -58.40301916118273
8 -34.679501336431336 -58.39369729104444
9 -34.63307323333711 -58.432199274968134
10 -34.64996775759513 -58.36101895964683
11 -34.68059645902902 -58.36237606956957
12 -34.695704787549616 -58.4420537092581
13 -34.64717691723084 -58.42799538595741
14 -34.696342624923325 -58.379520488221424
15 -34.61770087262688 -58.4395818211059
16 -34.68315018062674 -58.41389974841976
17 -34.637426660459234 -58.426822828854725
18 -34.692594915420685 -58.43528386312542
19 -34.69259297792332 -58.37510682984764
20 -34.689365667890804 -58.44656177000025
21 -34.62717422595195 -58.396645846857126
22 -34.622195630212474 -58.4446990402371
23 -34.60656979723651 -58.38810123812424
24 -34.64040645436089 -58.369414305426005
25 -34.69366382520109 -58.416838189226766
26 -34.65093158029619 -58.43192960512729
27 -34.67944026890485 -58.38786319647641
28 -34.65938998369191 -58.376678209305354
29 -34.679997625381766 -58.438625447763904
30 -34.64246923235981 -58.36976175784535
31 -34.66658731731298 -58.445494550387586
32 -34.60904946895015 -58.42798524981587
33 -34.61919592933612 -58.37366011940055
34 -34.68277586033614 -58.40372096530379
35 -34.675779290145165 -58.404558778042706
36 -34.69009360042172 -58.41320715913633
37 -34.62909253489675 -58.4264201146869
38 -34.67134627265168 -58.43601127696788
39 -34.61811504943565 -58.4338162983412
40 -34.643491318333595 -58.3539945351123
41 -34.65836100363313 -58.38754151606446
42 -34.62157183041674 -58.35625576712689
43 -34.60449624022047 -58.380063445290965
44 -34.65408902316243 -58.36740664915637
45 -34.633548331045354 -58.352749199831855
46 -34.65412580004289 -58.37589462120531
47 -34.695490653557506 -58.403519914587264
48 -34.69033685970907 -58.36324030536095
49 -34.6677070714072 -58.43935750131123
50 -34.63185321773487 -58.35071771355129
51 -34.67670799358827 -58.442675545296545
52 -34.64091621572115 -58.4244218302184
53 -34.67077621780893 -58.426230323004695
54 -34.67550238675286 -58.35307322768663
55 -34.67190713190766 -58.35023486430445
56 -34.61867309468319 -58.43414320728014
57 -34.66204005818721 -58.416879672207834
58 -34.64475585518135 -58.41981634377459
59 -34.642362686797156 -58.42521455582876
60 -34.65129459304794 -58.355002235224106
