1 -34.665555175938515 -58.4369724946783
2 -34.62016983046 -58.36206512984255
3 -34.67568768413288 -58.39056190968157
4 -34.6151329732101 -58.37067420587407
5 -34.627584286573295 -58.43713665273076
6 -34.663805855193395 -58.42463973025448
7 -34.67446509932674 -58.39327893199054
8 -34.61657349301007 -58.42654308243495
9 -34.683065945732764 -58.37226084028101
10 -34.61640289544643 -58.361385264092405
11 -34.654598746838154 -58.42456398873547
12 -34.61363882830607 -58.38617976116117
13 -34.68251237575604 -58.43228061491571
14 -34.65995078998802 -58.38044391059772
15 -34.60672824625872 -58.42935805656676
16 -34.680188967172086 -58.43784753388516
17 -34.617388364529596 -58.360464285541525
18 -34.61087347829293 -58.37708832850028
19 -34.69991742208464 -58.42802508108624
20 -34.68542803294268 -58.35823045607801
