1 -34.621298665466426 -58.35435280593319
2 -34.69043785891902 -58.38104965693621
3 -34.65062035816572 -58.40072817828376
4 -34.65058927010045 -58.445907178312716
5 -34.690908921351166 -58.41317324047497
6 -34.66481855605778 -58.42192183542624
7 -34.677518602883325 -58.43151614084446
8 -34.65773983735519 -58.43536237768781
9 -34.616582158776886 -58.43664018106049
10 -34.69380109186299 -58.39773984498803
11 -34.66241600475285 -58.37518777834752
12 -34.656367926756836 -58.36699226391922
13 -34.617772761254784 -58.42604695420182
14 -34.61799862049451 -58.37813736257069
15 -34.66801804119139 -58.41184885836481
16 -34.65455788444902 -58.36142121406533
17 -34.65894695967755 -58.37797209589844
18 -34.66157151340954 -58.4175627246848
19 -34.638530331068274 -58.36187009993014
20 -34.66608567982441 -58.42475233467986
21 -34.697821565405974 -58.36081308558607
22 -34.64897168612783 -58.44364377404785
23 -34.64494526167735 -58.402558930546114
24 -34.615281751779335 -58.42139775873102
25 -34.68766671935684 -58.44819873821093
26 -34.660431999674465 -58.434214907460905
27 -34.63522606828343 -58.377094766761275
28 -34.69227296143872 -58.44864453998025
29 -34.689811111105485 -58.38551594903189
30 -34.65124274397959 -58.365374166714965
31 -34.6214780475824 -58.35501431106026
32 -34.602235267563216 -58.44458417380914
33 -34.62176494474891 -58.36538325698139
34 -34.61789327154501 -58.39138422812294
35 -34.675487827745485 -58.363632566969066
36 -34.693214951440964 -58.39129257005106
37 -34.62372795871979 -58.36411592389991
38 -34.6048350531471 -58.39709832446644
39 -34.6480942299144 -58.405133974619794
40 -34.67088236919084 -58.413006825791946
41 -34.64731384761833 -58.39713723386932
42 -34.637461846091966 -58.40836833232477
43 -34.68425509111488 -58.38018406299802
44 -34.60654446119725 -58.39068822805623
45 -34.61059057649463 -58.394951157306735
46 -34.61584500440278 -58.41798518831262
47 -34.6018959492324 -58.40152956053613
48 -34.66597988586816 -58.406751988990415
49 -34.60937674391367 -58.39368890001295
50 -34.63766057235916 -58.35486414231636
51 -34.62702030166638 -58.35363797228349
52 -34.691918591858595 -58.42424723774978
53 -34.64991022005877 -58.446241149317906
54 -34.62611638318822 -58.35183537097304
55 -34.61060953512709 -58.38782483953101
