1 -34.60211830279729 -58.36808282301169
2 -34.618624779495114 -58.40337770109188
3 -34.64026455195433 -58.413747385093394
4 -34.6385043958858 -58.36912735041916
5 -34.69369584774774 -58.42294240381239
6 -34.601572360308865 -58.40426447641131
7 -34.62867790976712 -58.39040684275627
8 -34.61980714063905 -58.4104090719245
9 -34.63453588717631 -58.43961437274329
10 -34.65690869412106 -58.443553498657636
11 -34.672853646285894 -58.40743825881781
12 -34.651608287098846 -58.368873401132426
13 -34.684882731068726 -58.3950860836805
14 -34.68499507105103 -58.40970412778755
15 -34.69509077748508 -58.372956537813096
16 -34.6989559621977 -58.36274391118708
17 -34.60559626142489 -58.44788745184704
18 -34.67937144697048 -58.35131536694667
19 -34.62041236138177 -58.359012968354065
20 -34.62309922363979 -58.40425334309731
21 -34.65813996829124 -58.38131203719424
22 -34.65855706388269 -58.4384521171838
23 -34.69786134965985 -58.448243628905516
24 -34.688847764109596 -58.39935486687042
25 -34.60054276201888 -58.41990091593032
26 -34.6157643903775 -58.43082094504514
27 -34.693150978085285 -58.37637738587798
28 -34.69562249609554 -58.42502978866377
29 -34.603339541553815 -58.43013998405852
30 -34.6100829645393 -58.381196913100574
31 -34.672948898254184 -58.43656221892443
32 -34.65884921044922 -58.44339230210178
33 -34.61090692276729 -58.415460297655265
34 -34.67066879140084 -58.36411433902351
35 -34.63846801126785 -58.43338149044853
36 -34.66504163138704 -58.440505321592184
37 -34.62958464654562 -58.44611250571171
38 -34.6007291360134 -58.44984938973008
39 -34.63390022395255 -58.428113254787824
40 -34.69321080133319 -58.388880241437356
41 -34.65238725672518 -58.38816318410905
42 -34.695131066304775 -58.38646131671099
43 -34.667406068647416 -58.419919084962274
44 -34.676557401405574 -58.43897532508296
45 -34.69815250184821 -58.37558665969995
46 -34.6020219934286 -58.40819170714776
47 -34.67817882798677 -58.37751950023803
48 -34.6027703473572 -58.35406718073068
49 -34.66863049268821 -58.372172575873506
50 -34.689276219684196 -58.39509878629508
