1 -34.631319562581446 -58.35914407606663
2 -34.69011930328733 -58.394451131667246
3 -34.62404079743239 -58.365743132403296
4 -34.602430628516146 -58.4275198948554
5 -34.67874692884342 -58.37482343568736
6 -34.6471439612702 -58.38104503317076
7 -34.60399837196165 -58.39732994032927
8 -34.61917618254797 -58.383628102125265
9 -34.67910520956693 -58.387117745435056
10 -34.60998720240948 -58.42818779457699
11 -34.6171464081807 -58.36765550065453
12 -34.69881518157272 -58.375327629833095
13 -34.60613668412088 -58.41478293402308
14 -34.6973768579443 -58.40013836734291
15 -34.67869409314393 -58.41564627713222
16 -34.60313843077084 -58.414829430938745
17 -34.63213166522526 -58.35300786922034
18 -34.65828388305468 -58.353305465750736
19 -34.656805182864325 -58.44120686357765
20 -34.61921452600849 -58.363625827642835
21 -34.60634881341974 -58.41633219807294
22 -34.67164731922048 -58.386312740933924
23 -34.662258434224846 -58.3889771851772
24 -34.6080729548236 -58.40299662205405
25 -34.64132997068044 -58.38746759840075
26 -34.6689175177342 -58.42347011842276
27 -34.601834696008375 -58.37785659191206
28 -34.648479072157286 -58.377432591246034
29 -34.669540191080294 -58.44572446861079
30 -34.60592343398311 -58.41575580285284
31 -34.68064241998066 -58.38512383606302
32 -34.65963365545776 -58.41621647644665
33 -34.62704572481469 -58.38790627892284
34 -34.60990259638352 -58.441310773345336
35 -34.62343289220694 -58.36891888779051
36 -34.67139690056385 -58.40276888733088
37 -34.61193177302468 -58.428055462502456
38 -34.684982193786084 -58.36009003579061
39 -34.61438461635038 -58.43119290875046
40 -34.6470251360106 -58.43969481400013
