1 -34.6346459617984 -58.445363898348646
2 -34.61734750861425 -58.368287275829836
3 -34.637549725161215 -58.374956879058345
4 -34.687957934954795 -58.41219970314917
5 -34.63459570545364 -58.37033524084581
6 -34.685056131387896 -58.356213535072584
7 -34.648465116232245 -58.44037831829522
8 -34.608534400833896 -58.44485152943265
9 -34.60840157810557 -58.42796195522506
10 -34.64770748710448 -58.381431031469745
11 -34.65502523266223 -58.44364724013524
12 -34.63182941860839 -58.35737966270845
13 -34.631997607275125 -58.35384214019767
14 -34.60221065402482 -58.41856074848988
15 -34.67830494416127 -58.44585699154231
16 -34.60730657366156 -58.41943524483145
17 -34.658189160828485 -58.43120093962976
18 -34.65526877377429 -58.41386282693994
19 -34.651350832761246 -58.44039173161236
20 -34.69097946398106 -58.39801501569715
21 -34.629572162931474 -58.40991027300904
22 -34.661921805437856 -58.38937947212012
23 -34.6338979058696 -58.39723789774405
24 -34.609570004979396 -58.35225593564841
25 -34.67498684434587 -58.4232666020265
26 -34.683930559593726 -58.36602568142057
27 -34.643938339730745 -58.38168393179105
28 -34.640072600361414 -58.38281652441831
29 -34.60329144903437 -58.43399869946929
30 -34.67302607304865 -58.369778805487286
31 -34.66464156755002 -58.393361335392186
32 -34.603358920097264 -58.41075887825979
33 -34.69437447339781 -58.44940151601155
34 -34.6531767512453 -58.405116614751066
35 -34.63118809052218 -58.35012173986359
36 -34.69636884702565 -58.420424582351295
37 -34.660850642264975 -58.406575002192405
38 -34.6889013213132 -58.412971016853454
39 -34.64049115384508 -58.42112870252827
40 -34.6184686138401 -58.444311354187704
41 -34.62425923626112 -58.372331865200294
42 -34.63535901716555 -58.39104667294848
43 -34.62993965740907 -58.422019044986726
44 -34.69656351808517 -58.400158487916435
45 -34.68227300163824 -58.429150154844564
