1 -34.69690483500011 -58.35985901771613
2 -34.64903066698749 -58.43065429953415
3 -34.64320908980667 -58.44450391525905
4 -34.63414345657908 -58.429963816028526
5 -34.66651769750489 -58.449029297345184
6 -34.6335069703289 -58.378235673429536
7 -34.60813569454781 -58.372559666945364
8 -34.699197370981366 -58.38766862357826
9 -34.614690179091035 -58.39306917952447
10 -34.6138412799183 -58.400453009192404
11 -34.660471046185855 -58.43076003997218
12 -34.60932102343337 -58.354169255339635
13 -34.62515328679312 -58.40550522908697
14 -34.60351393322108 -58.37115634133605
15 -34.634915686133816 -58.42850879344169
16 -34.64089617199956 -58.376429098099884
17 -34.63051540250094 -58.38811153669044
18 -34.690341653009085 -58.36498865585692
19 -34.69931535826112 -58.38814035640475
20 -34.66489991369379 -58.435237410097784
21 -34.696127170001084 -58.42104535833449
22 -34.68538207957077 -58.430180501059525
23 -34.64583611002624 -58.377550287095346
24 -34.668349754478974 -58.43742705044812
25 -34.65894894944985 -58.39190820733355
26 -34.68242988638193 -58.39878388117692
27 -34.6337671794088 -58.423594426637656
28 -34.642906536456245 -58.43708517388378
29 -34.68388932248027 -58.38183773269892
30 -34.6117694107379 -58.367872439624634
