6.91 3.34 7.04 2.46 4.00 6.21 6.88 2.70 8.16 3.32 5.28 1.03 8.40 5.48 3.00 8.37 3.42 1.87 10.10 8.85 
2.98 10.52 4.58 10.48 7.20 3.35 4.41 8.47 5.95 10.88 4.33 9.88 1.15 6.26 9.54 1.35 10.85 10.56 1.14 7.19 
4.72 3.88 3.41 3.84 4.58 3.66 3.27 4.49 4.59 4.23 3.18 3.53 5.58 1.95 5.48 5.75 4.20 4.03 6.95 5.44 
6.59 8.10 9.32 7.24 2.53 6.69 9.07 2.32 10.99 8.10 5.74 5.81 8.52 8.60 1.81 8.19 8.20 6.61 10.50 12.04 
6.90 2.57 4.25 3.11 6.66 5.78 4.27 6.21 4.49 2.99 5.45 3.71 7.44 2.27 7.00 7.71 2.90 3.69 8.46 4.79 
4.28 7.50 0.80 7.76 7.19 3.41 0.85 7.84 2.05 7.91 4.10 7.65 3.44 2.78 8.96 3.95 7.84 8.08 3.64 3.36 
5.76 5.57 1.66 6.03 7.39 4.66 1.84 7.57 1.54 6.00 4.89 6.28 5.51 1.19 8.60 5.95 5.91 6.50 5.99 2.31 
4.54 4.26 4.84 3.82 2.98 3.75 4.64 2.73 6.25 4.49 2.88 2.87 5.93 3.69 3.73 5.93 4.52 3.66 7.62 7.17 
4.44 4.35 2.80 4.39 4.86 3.33 2.66 4.93 4.04 4.72 3.02 4.14 5.12 1.49 5.95 5.34 4.68 4.62 6.40 4.96 
7.37 1.74 5.02 2.34 6.65 6.28 5.03 6.01 5.31 2.17 5.83 3.12 8.06 3.04 6.70 8.29 2.07 2.96 9.17 5.57 
4.14 4.81 2.34 4.89 5.00 3.01 2.19 5.21 3.70 5.19 2.83 4.63 4.69 1.33 6.27 4.93 5.15 5.11 5.92 4.69 
3.67 11.27 5.21 11.25 7.89 4.11 5.06 9.19 6.45 11.64 5.09 10.65 1.92 6.95 10.25 2.05 11.60 11.33 1.13 7.64 
5.90 5.19 1.97 5.67 7.30 4.78 2.12 7.40 1.89 5.62 4.93 5.96 5.77 1.00 8.41 6.18 5.52 6.15 6.32 2.51 
3.74 4.77 3.47 4.58 3.72 2.75 3.27 3.92 4.99 5.09 2.14 3.96 4.81 2.60 5.00 4.91 5.08 4.62 6.37 6.00 
7.00 7.31 2.64 7.89 9.29 6.02 2.92 9.57 0.78 7.73 6.50 8.28 6.21 3.23 10.62 6.74 7.63 8.42 6.01 0.58 
4.71 3.80 3.98 3.61 4.03 3.72 3.82 3.84 5.24 4.11 3.08 3.08 5.77 2.61 4.82 5.88 4.11 3.68 7.27 6.10 
5.99 2.81 5.48 2.31 4.14 5.12 5.34 3.36 6.54 3.00 4.33 1.52 7.25 3.87 4.07 7.31 3.05 2.20 8.81 7.24 
4.72 7.90 7.79 7.17 1.09 4.91 7.52 2.16 9.55 8.00 4.02 5.80 6.65 7.37 2.60 6.30 8.07 6.68 8.62 10.69 
6.38 7.04 2.00 7.55 8.67 5.39 2.28 8.99 0.15 7.46 5.86 7.85 5.64 2.72 10.05 6.16 7.36 8.05 5.58 1.16 
5.82 7.46 1.60 7.91 8.43 4.90 1.87 8.88 0.64 7.89 5.48 8.07 4.95 2.90 9.97 5.48 7.80 8.35 4.80 1.84 
6.88 3.38 3.71 3.98 7.16 5.74 3.78 6.86 3.70 3.80 5.56 4.57 7.19 1.84 7.71 7.52 3.70 4.57 8.03 3.92 
2.99 8.59 2.35 8.68 6.69 2.51 2.20 7.65 3.81 8.98 3.48 8.29 1.70 4.11 8.77 2.24 8.93 8.86 2.14 5.09 
4.03 7.26 6.88 6.59 0.38 4.09 6.61 1.93 8.63 7.39 3.15 5.28 5.95 6.46 2.73 5.64 7.45 6.17 7.92 9.77 
5.21 4.94 6.41 4.22 2.03 4.72 6.20 1.14 7.88 5.04 3.71 2.88 6.89 5.33 2.09 6.78 5.11 3.77 8.74 8.82 
6.05 2.58 5.22 2.21 4.48 5.13 5.11 3.76 6.21 2.81 4.39 1.69 7.21 3.54 4.49 7.30 2.84 2.23 8.71 6.88 
2.10 8.24 5.90 7.77 2.40 2.60 5.61 3.91 7.75 8.47 2.06 6.65 4.02 6.10 4.83 3.64 8.50 7.51 5.99 9.01 
7.79 3.47 7.91 2.51 4.63 7.12 7.76 3.18 8.96 3.33 6.18 1.28 9.31 6.29 3.16 9.27 3.46 1.77 11.02 9.59 
3.76 5.44 1.81 5.53 5.19 2.61 1.62 5.57 3.38 5.82 2.65 5.25 4.12 1.46 6.66 4.40 5.78 5.75 5.29 4.49 
5.87 4.13 2.67 4.56 6.60 4.72 2.71 6.52 3.01 4.55 4.64 4.85 6.10 0.74 7.47 6.44 4.47 5.03 6.95 3.57 
5.30 7.14 7.86 6.36 1.11 5.29 7.61 1.25 9.54 7.20 4.32 4.96 7.22 7.18 1.59 6.92 7.29 5.82 9.18 10.60 
7.33 1.18 5.74 1.24 5.90 6.33 5.69 5.04 6.33 1.50 5.70 1.86 8.30 3.82 5.62 8.46 1.49 1.75 9.64 6.72 
3.13 7.56 1.44 7.68 6.26 2.30 1.23 7.06 3.15 7.95 3.08 7.36 2.45 3.07 8.18 2.92 7.90 7.90 3.18 4.46 
5.33 8.80 2.20 9.14 8.63 4.65 2.34 9.35 2.23 9.21 5.46 9.11 4.00 4.08 10.46 4.57 9.14 9.50 3.38 3.23 
5.78 7.80 1.72 8.23 8.55 4.90 1.97 9.06 0.97 8.22 5.54 8.36 4.79 3.19 10.15 5.34 8.13 8.66 4.53 2.06 
5.06 8.68 2.03 8.99 8.37 4.38 2.15 9.10 2.28 9.09 5.20 8.94 3.76 3.95 10.22 4.32 9.02 9.34 3.22 3.36 
8.20 3.19 8.10 2.22 5.13 7.49 7.97 3.69 9.07 3.01 6.58 1.25 9.68 6.41 3.64 9.66 3.14 1.47 11.35 9.63 
5.03 7.01 0.73 7.37 7.56 4.07 1.00 8.05 1.20 7.43 4.62 7.42 4.34 2.31 9.14 4.84 7.35 7.76 4.50 2.51 
8.51 1.76 7.60 0.84 6.07 7.64 7.52 4.80 8.29 1.52 6.84 1.17 9.76 5.74 4.98 9.83 1.66 0.33 11.26 8.69 
8.71 2.14 7.96 1.24 6.09 7.88 7.87 4.75 8.68 1.87 7.05 1.30 10.01 6.11 4.84 10.06 2.01 0.65 11.55 9.09 
3.56 6.70 0.85 6.86 6.08 2.54 0.57 6.69 2.71 7.10 3.06 6.62 3.26 2.17 7.80 3.67 7.04 7.11 4.07 3.99 
2.57 6.00 2.95 5.85 3.90 1.50 2.68 4.55 4.72 6.33 1.19 5.21 3.54 2.89 5.67 3.64 6.32 5.89 5.15 5.90 
7.08 5.43 8.37 4.51 3.17 6.69 8.17 1.61 9.75 5.36 5.67 3.11 8.84 7.12 1.09 8.68 5.47 3.82 10.72 10.59 
7.78 4.04 8.20 3.08 4.37 7.18 8.05 2.86 9.34 3.91 6.21 1.82 9.37 6.66 2.68 9.30 4.03 2.35 11.14 10.02 
9.08 1.34 7.80 0.85 6.86 8.17 7.75 5.63 8.31 0.96 7.42 1.95 10.23 5.87 5.82 10.34 1.10 1.06 11.64 8.58 
4.23 8.70 2.03 8.93 7.73 3.64 2.03 8.56 2.91 9.11 4.52 8.73 2.88 4.00 9.69 3.44 9.05 9.21 2.53 4.10 
6.39 2.21 4.63 2.34 5.52 5.34 4.58 4.95 5.32 2.58 4.80 2.55 7.25 2.74 5.72 7.43 2.54 2.73 8.53 5.83 
7.38 4.85 3.42 5.54 8.41 6.25 3.60 8.28 2.62 5.26 6.33 6.19 7.26 2.25 9.20 7.69 5.15 6.16 7.71 2.44 
1.72 7.42 4.92 7.03 2.53 1.76 4.63 3.81 6.76 7.68 1.03 6.01 3.59 5.06 4.86 3.34 7.70 6.84 5.56 8.00 
1.53 8.34 3.11 8.27 5.37 1.22 2.86 6.47 4.87 8.69 2.24 7.65 1.11 4.36 7.58 1.35 8.67 8.33 2.81 6.18 
7.54 5.01 8.52 4.06 3.76 7.08 8.34 2.20 9.81 4.91 6.07 2.72 9.25 7.15 1.74 9.12 5.03 3.35 11.10 10.58 
4.86 7.40 7.64 6.65 0.80 4.93 7.38 1.61 9.36 7.48 3.98 5.27 6.78 7.09 2.11 6.47 7.56 6.15 8.76 10.46 
3.80 6.04 5.81 5.45 1.13 3.48 5.56 1.78 7.48 6.21 2.46 4.23 5.58 5.19 2.88 5.40 6.26 5.11 7.49 8.56 
6.14 3.12 6.02 2.44 3.81 5.35 5.87 2.85 7.16 3.23 4.48 1.28 7.52 4.48 3.47 7.54 3.30 2.12 9.17 7.88 
5.40 3.11 4.39 2.93 4.43 4.42 4.27 4.00 5.46 3.41 3.77 2.53 6.45 2.78 4.87 6.57 3.41 3.05 7.90 6.19 
9.01 1.96 8.08 1.18 6.48 8.15 8.01 5.16 8.73 1.64 7.35 1.63 10.27 6.20 5.24 10.34 1.78 0.83 11.77 9.08 
1.37 7.79 4.94 7.41 2.85 1.65 4.66 4.19 6.80 8.05 1.17 6.41 3.29 5.25 5.22 3.00 8.07 7.24 5.26 8.06 
1.32 9.59 4.60 9.41 5.51 2.09 4.36 6.85 6.31 9.91 2.90 8.64 1.00 5.84 7.89 0.45 9.90 9.39 2.80 7.61 
4.17 8.98 2.32 9.18 7.80 3.66 2.30 8.68 3.21 9.38 4.58 8.96 2.70 4.29 9.80 3.28 9.32 9.45 2.22 4.39 
1.64 7.64 5.06 7.23 2.58 1.83 4.77 3.92 6.91 7.89 1.20 6.21 3.55 5.26 4.95 3.27 7.91 7.04 5.52 8.15 
4.63 7.77 7.65 7.04 0.94 4.80 7.39 2.06 9.41 7.87 3.90 5.68 6.56 7.22 2.55 6.22 7.94 6.56 8.54 10.54 
7.75 0.77 5.99 1.13 6.33 6.73 5.96 5.43 6.46 1.14 6.12 2.09 8.68 4.04 5.97 8.85 1.10 1.78 9.97 6.77 
7.59 4.45 3.77 5.17 8.38 6.45 3.93 8.16 3.08 4.85 6.45 5.89 7.57 2.39 9.04 7.98 4.73 5.81 8.09 2.89 
4.88 5.64 6.59 4.93 1.33 4.53 6.35 0.77 8.16 5.75 3.51 3.59 6.66 5.70 1.89 6.48 5.82 4.47 8.55 9.16 
0.38 8.63 4.75 8.34 4.00 1.43 4.47 5.36 6.59 8.92 1.75 7.43 2.24 5.49 6.39 1.87 8.92 8.23 4.21 7.89 
8.78 8.86 4.53 9.54 11.26 7.87 4.81 11.55 2.71 9.27 8.43 10.08 7.74 5.18 12.59 8.30 9.15 10.13 7.12 1.71 
2.89 6.80 5.53 6.29 1.42 2.76 5.26 2.64 7.31 7.01 1.80 5.14 4.75 5.26 3.69 4.52 7.05 6.00 6.70 8.48 
5.02 3.93 5.22 3.41 3.11 4.25 5.04 2.59 6.56 4.12 3.37 2.39 6.42 3.94 3.51 6.42 4.16 3.20 8.11 7.42 
5.93 9.06 2.63 9.45 9.20 5.24 2.81 9.88 2.21 9.48 6.04 9.50 4.57 4.39 10.99 5.14 9.39 9.85 3.79 3.00 
8.40 8.69 4.17 9.35 10.92 7.50 4.45 11.23 2.36 9.10 8.06 9.84 7.36 4.88 12.27 7.92 8.99 9.92 6.77 1.46 
7.48 8.05 3.21 8.65 9.97 6.55 3.49 10.30 1.41 8.47 7.10 9.05 6.51 4.00 11.36 7.06 8.36 9.19 6.08 0.87 
3.65 8.40 1.86 8.57 7.13 3.03 1.78 7.99 3.12 8.80 3.92 8.30 2.43 3.77 9.11 2.98 8.74 8.81 2.50 4.39 
4.61 7.13 7.29 6.41 0.46 4.63 7.03 1.48 9.01 7.23 3.66 5.05 6.53 6.74 2.16 6.24 7.30 5.93 8.50 10.11 
0.86 9.36 4.87 9.12 4.88 1.91 4.61 6.26 6.65 9.67 2.53 8.27 1.63 5.90 7.28 1.13 9.67 9.05 3.50 7.96 
5.42 4.39 2.32 4.74 6.29 4.28 2.34 6.31 2.92 4.81 4.22 4.90 5.66 0.34 7.29 5.99 4.74 5.16 6.55 3.64 
7.20 8.12 2.99 8.68 9.79 6.30 3.27 10.17 1.27 8.54 6.88 9.03 6.20 3.93 11.23 6.75 8.43 9.20 5.75 1.09 
6.32 7.44 2.03 7.94 8.81 5.38 2.31 9.20 0.38 7.86 5.92 8.20 5.47 3.04 10.27 6.00 7.77 8.42 5.27 1.33 
6.18 5.89 1.92 6.41 7.94 5.10 2.14 8.11 1.17 6.31 5.39 6.74 5.80 1.72 9.14 6.27 6.22 6.91 6.11 1.77 
9.14 0.77 7.03 1.65 7.68 8.10 7.04 6.68 7.19 0.82 7.53 3.06 9.99 5.05 7.09 10.19 0.69 2.38 11.17 7.27 
4.56 4.27 2.79 4.34 4.97 3.44 2.67 5.01 3.98 4.65 3.14 4.13 5.21 1.40 6.03 5.43 4.61 4.59 6.47 4.88 
3.45 6.45 5.79 5.88 1.05 3.24 5.53 2.08 7.52 6.63 2.23 4.68 5.28 5.33 3.15 5.07 6.67 5.55 7.21 8.64 
