3.37 5.10 6.52 6.11 6.03 4.51 7.38 2.84 6.63 6.84 4.55 7.67 5.77 7.90 5.96 3.72 4.83 2.51 2.86 4.81 4.22 4.44 3.16 4.95 1.82 1.67 5.76 5.97 1.13 7.05 
12.62 5.15 4.52 3.53 7.14 6.39 5.96 11.62 4.26 3.59 6.42 7.65 3.82 6.06 3.64 6.99 5.45 11.76 11.62 6.88 10.46 9.18 7.26 7.27 7.49 9.51 3.65 4.44 10.33 6.44 
4.96 4.85 6.21 5.27 6.61 2.38 5.22 5.00 4.68 5.00 4.85 5.52 4.15 5.75 5.12 1.56 2.86 4.12 5.02 5.34 6.04 5.85 1.01 5.63 1.34 3.60 4.78 5.56 3.24 4.89 
6.10 2.29 3.69 3.51 3.54 4.30 6.88 4.70 5.45 5.38 1.83 7.77 4.07 7.39 3.37 3.89 4.02 5.27 4.69 2.27 3.97 3.20 3.50 2.56 1.75 2.57 3.30 3.17 3.63 6.78 
9.02 7.52 8.39 6.80 9.97 2.64 1.49 9.64 3.11 3.79 8.23 0.85 4.37 1.75 6.70 3.21 3.12 8.31 9.66 8.85 10.58 10.11 3.74 9.25 5.66 8.25 6.23 7.74 7.85 0.91 
1.56 7.33 8.75 8.25 8.17 5.70 8.37 2.96 8.11 8.45 6.77 8.22 7.56 8.87 8.10 4.86 6.30 0.87 3.01 6.99 5.60 6.24 4.37 7.09 3.82 3.37 7.85 8.19 1.82 7.93 
5.44 4.80 6.12 5.07 6.72 1.88 4.73 5.50 4.20 4.54 4.94 5.07 3.76 5.25 4.91 1.07 2.39 4.60 5.52 5.46 6.42 6.14 0.51 5.77 1.57 4.03 4.54 5.45 3.74 4.40 
3.33 5.28 6.70 6.20 6.33 4.28 7.13 3.10 6.48 6.73 4.80 7.36 5.70 7.66 6.05 3.47 4.67 2.47 3.12 5.10 4.60 4.81 2.92 5.26 1.81 2.06 5.82 6.13 1.33 6.79 
9.58 7.91 8.71 7.10 10.40 3.14 1.38 10.20 3.26 3.92 8.67 0.37 4.65 1.47 7.01 3.76 3.54 8.87 10.23 9.30 11.11 10.61 4.30 9.70 6.20 8.81 6.54 8.09 8.42 0.93 
5.93 4.13 5.42 4.34 6.16 1.74 4.59 5.70 3.76 4.03 4.36 5.17 3.13 5.12 4.19 1.15 1.96 5.07 5.71 4.92 6.26 5.83 0.77 5.26 1.35 4.02 3.82 4.75 4.01 4.34 
9.24 4.06 4.60 2.94 6.63 2.55 3.05 8.76 1.09 0.84 5.09 4.56 0.54 3.44 2.87 3.19 1.62 8.38 8.76 5.73 8.50 7.58 3.52 6.16 4.28 6.80 2.42 4.02 7.19 3.28 
8.73 1.78 2.41 0.95 4.34 3.81 5.30 7.64 3.39 3.01 2.92 6.68 1.76 5.71 0.81 4.00 2.95 7.87 7.63 3.53 6.71 5.60 4.02 3.97 3.62 5.53 0.42 1.77 6.37 5.45 
7.80 0.80 2.15 1.78 3.17 4.34 6.39 6.42 4.62 4.35 1.53 7.60 3.03 6.85 1.65 4.25 3.70 6.96 6.41 2.17 5.27 4.14 4.07 2.60 2.97 4.30 1.68 1.53 5.36 6.44 
1.66 7.46 8.88 8.35 8.36 5.65 8.30 3.20 8.09 8.45 6.94 8.09 7.59 8.79 8.19 4.82 6.29 1.05 3.25 7.18 5.84 6.47 4.34 7.28 3.91 3.59 7.94 8.31 2.05 7.84 
4.30 5.04 6.44 5.66 6.57 3.06 5.89 4.35 5.34 5.65 4.88 6.13 4.74 6.42 5.50 2.24 3.53 3.46 4.37 5.30 5.58 5.53 1.69 5.55 1.34 3.08 5.19 5.81 2.58 5.54 
7.29 2.66 3.43 4.31 1.54 6.71 9.13 5.15 7.47 7.24 1.40 10.16 5.90 9.61 4.24 6.35 6.30 6.60 5.13 0.88 2.85 1.44 5.97 0.59 4.14 3.39 4.44 3.34 4.93 9.09 
5.11 5.05 6.39 5.39 6.89 2.16 4.98 5.27 4.53 4.90 5.12 5.22 4.12 5.50 5.23 1.33 2.73 4.28 5.30 5.62 6.36 6.17 0.80 5.91 1.64 3.92 4.88 5.73 3.50 4.62 
4.85 7.27 8.60 7.52 9.04 3.34 5.44 6.04 5.79 6.32 7.30 4.96 5.89 5.88 7.36 2.71 4.25 4.24 6.07 7.77 7.92 8.01 2.56 8.03 3.75 5.38 6.97 7.93 4.35 4.92 
8.58 3.62 4.35 2.75 6.17 2.18 3.38 8.06 1.60 1.53 4.56 4.74 0.50 3.82 2.65 2.69 1.22 7.71 8.06 5.20 7.84 6.96 2.95 5.63 3.58 6.10 2.18 3.72 6.50 3.50 
12.50 4.48 3.53 3.04 6.09 6.91 7.01 11.23 5.13 4.45 5.67 8.68 4.25 7.18 3.19 7.39 5.95 11.64 11.22 6.05 9.73 8.37 7.56 6.39 7.41 9.11 3.38 3.64 10.11 7.42 
5.41 3.69 4.86 5.24 3.42 6.14 8.85 3.32 7.50 7.44 2.56 9.61 6.12 9.37 5.12 5.58 6.00 4.74 3.30 2.46 1.91 1.51 5.10 2.39 3.13 1.53 5.16 4.55 3.08 8.70 
11.97 3.83 2.82 2.50 5.38 6.71 7.10 10.62 5.14 4.48 5.00 8.75 4.07 7.32 2.65 7.12 5.75 11.12 10.61 5.35 9.04 7.67 7.24 5.68 6.93 8.50 2.91 2.96 9.56 7.47 
2.56 6.19 7.52 7.50 6.31 6.51 9.38 0.85 8.57 8.73 5.29 9.63 7.58 9.90 7.36 5.72 6.79 2.03 0.86 5.31 3.15 4.00 5.16 5.28 3.66 1.48 7.25 7.09 0.98 9.05 
10.20 1.98 1.23 0.91 3.84 5.63 6.73 8.78 4.72 4.17 3.18 8.26 3.25 7.07 1.05 5.86 4.73 9.36 8.77 3.59 7.24 5.91 5.87 3.95 5.25 6.66 1.48 1.14 7.76 6.98 
9.60 3.15 3.44 1.77 5.67 3.57 4.28 8.78 2.27 1.75 4.33 5.82 0.92 4.63 1.74 4.05 2.61 8.73 8.78 4.93 8.08 7.00 4.25 5.36 4.47 6.71 1.35 2.92 7.37 4.54 
9.04 0.80 1.08 0.91 3.10 5.08 6.68 7.58 4.74 4.31 2.06 8.06 3.12 7.08 0.88 5.16 4.28 8.20 7.57 2.55 6.11 4.83 5.07 2.96 4.19 5.46 1.25 0.40 6.59 6.83 
9.24 3.36 3.84 2.18 5.92 3.01 3.82 8.54 1.84 1.43 4.46 5.32 0.35 4.20 2.11 3.52 2.05 8.37 8.54 5.08 8.04 7.04 3.75 5.52 4.15 6.52 1.67 3.27 7.07 4.04 
4.58 4.90 6.29 5.45 6.53 2.79 5.64 4.59 5.07 5.37 4.80 5.91 4.47 6.16 5.29 1.98 3.25 3.73 4.62 5.25 5.72 5.60 1.42 5.51 1.24 3.24 4.98 5.65 2.83 5.29 
8.65 1.86 2.54 1.09 4.43 3.67 5.19 7.59 3.28 2.93 2.98 6.56 1.66 5.60 0.94 3.87 2.82 7.78 7.59 3.60 6.72 5.63 3.89 4.03 3.53 5.49 0.54 1.90 6.30 5.32 
7.95 4.90 5.83 4.30 7.36 0.77 2.43 7.92 1.73 2.22 5.63 3.40 2.04 2.96 4.19 1.56 0.50 7.13 7.93 6.26 8.31 7.67 2.05 6.66 3.52 6.20 3.72 5.17 6.21 2.31 
3.70 4.84 6.26 5.80 5.89 4.19 7.05 3.17 6.28 6.49 4.35 7.39 5.41 7.58 5.64 3.41 4.49 2.83 3.19 4.65 4.35 4.45 2.85 4.82 1.46 1.82 5.43 5.69 1.49 6.74 
5.86 2.54 3.95 3.71 3.78 4.20 6.83 4.51 5.46 5.42 2.09 7.67 4.13 7.35 3.57 3.74 3.97 5.03 4.51 2.51 3.95 3.28 3.33 2.77 1.52 2.40 3.47 3.42 3.40 6.70 
3.66 5.73 7.14 6.40 7.12 3.60 6.36 4.05 5.98 6.32 5.47 6.42 5.46 6.88 6.24 2.76 4.17 2.84 4.08 5.86 5.70 5.83 2.25 6.06 2.02 3.16 5.94 6.52 2.28 5.97 
8.53 6.88 7.79 6.22 9.32 1.96 1.56 9.04 2.72 3.40 7.56 1.52 3.83 1.97 6.11 2.56 2.47 7.79 9.06 8.18 9.91 9.43 3.10 8.58 5.00 7.61 5.65 7.14 7.26 1.01 
6.51 4.99 5.77 6.64 3.46 8.26 10.93 4.00 9.46 9.33 3.72 11.74 7.99 11.44 6.56 7.72 8.06 6.04 3.96 3.25 0.94 0.95 7.24 2.90 5.28 3.20 6.72 5.70 4.63 10.80 
5.77 4.60 5.56 6.23 3.56 7.45 10.16 3.34 8.77 8.68 3.35 10.91 7.35 10.68 6.13 6.88 7.30 5.25 3.31 3.01 0.71 0.87 6.38 2.75 4.42 2.31 6.23 5.39 3.77 10.01 
5.63 2.80 4.16 4.15 3.55 4.81 7.47 4.06 6.11 6.06 2.04 8.28 4.76 7.99 4.02 4.30 4.61 4.84 4.05 2.31 3.30 2.67 3.86 2.49 1.94 1.94 3.97 3.70 3.16 7.34 
7.24 4.45 5.52 4.12 6.82 0.64 3.21 7.13 2.39 2.76 5.05 4.02 2.18 3.74 3.98 1.01 0.59 6.41 7.14 5.66 7.54 6.95 1.37 6.05 2.72 5.41 3.54 4.84 5.43 3.03 
7.38 4.40 5.44 4.02 6.79 0.72 3.15 7.23 2.26 2.62 5.03 4.02 2.04 3.67 3.88 1.16 0.45 6.54 7.25 5.65 7.60 6.98 1.51 6.04 2.81 5.49 3.43 4.77 5.54 3.00 
6.50 6.21 7.39 6.06 8.38 1.42 3.47 7.09 3.76 4.32 6.58 3.37 4.08 3.95 5.92 1.17 2.38 5.76 7.11 7.15 8.26 7.99 1.49 7.49 3.42 5.83 5.48 6.71 5.30 2.99 
9.38 6.45 7.17 5.53 8.98 2.25 0.63 9.60 1.66 2.33 7.30 1.96 3.08 1.16 5.45 3.05 2.24 8.60 9.62 7.94 10.11 9.46 3.61 8.36 5.29 7.97 4.99 6.56 7.86 0.68 
0.18 8.21 9.60 9.31 8.65 7.13 9.83 2.41 9.50 9.82 7.47 9.67 8.86 10.33 9.16 6.29 7.69 0.71 2.46 7.58 5.44 6.39 5.78 7.60 4.98 3.73 8.96 9.10 2.30 9.40 
8.89 0.67 1.18 1.00 3.06 5.00 6.65 7.43 4.73 4.32 1.94 8.02 3.11 7.06 0.95 5.05 4.22 8.05 7.41 2.45 5.98 4.71 4.96 2.87 4.04 5.31 1.26 0.50 6.43 6.79 
10.55 7.38 7.94 6.28 9.94 3.47 0.61 10.82 2.27 2.80 8.32 1.88 3.89 0.20 6.22 4.27 3.39 9.78 10.84 8.96 11.29 10.58 4.82 9.39 6.50 9.18 5.78 7.38 9.07 1.12 
5.81 6.98 8.24 7.01 8.98 2.51 4.40 6.76 4.87 5.44 7.19 3.95 5.15 4.84 6.86 2.05 3.46 5.15 6.79 7.71 8.34 8.26 2.11 8.02 3.76 5.82 6.44 7.56 5.01 3.87 
9.91 3.09 3.21 1.58 5.56 3.99 4.62 9.00 2.61 2.03 4.32 6.19 1.34 4.94 1.57 4.46 3.03 9.04 9.00 4.90 8.17 7.04 4.65 5.33 4.78 6.92 1.28 2.75 7.64 4.91 
8.08 7.25 8.25 6.73 9.61 2.17 2.27 8.78 3.44 4.11 7.83 1.68 4.41 2.63 6.62 2.54 2.90 7.38 8.81 8.44 9.89 9.52 3.03 8.82 4.99 7.50 6.15 7.58 7.00 1.69 
5.69 2.96 4.23 4.44 3.25 5.38 8.04 3.88 6.64 6.57 1.98 8.85 5.25 8.55 4.31 4.87 5.17 4.94 3.87 2.08 2.78 2.11 4.42 2.17 2.48 1.83 4.32 3.84 3.24 7.90 
9.37 1.63 1.75 0.13 4.03 4.61 5.90 8.12 3.92 3.45 2.90 7.36 2.35 6.28 0.05 4.83 3.73 8.51 8.11 3.44 6.89 5.67 4.84 3.86 4.32 5.99 0.46 1.22 6.97 6.10 
2.01 6.47 7.89 7.49 7.23 5.41 8.20 2.38 7.71 8.00 5.86 8.24 7.01 8.72 7.33 4.58 5.90 1.15 2.42 6.06 4.73 5.31 4.04 6.15 3.12 2.43 7.12 7.35 0.90 7.81 
11.07 6.27 6.56 4.91 8.82 3.85 2.10 10.89 1.48 1.51 7.38 3.75 2.84 2.10 4.89 4.68 3.28 10.24 10.90 8.01 10.82 9.91 5.17 8.44 6.40 9.02 4.51 6.07 9.24 2.66 
9.32 1.18 1.16 0.57 3.43 5.05 6.49 7.91 4.53 4.06 2.44 7.92 2.93 6.88 0.59 5.19 4.21 8.48 7.90 2.93 6.49 5.21 5.14 3.33 4.39 5.79 1.02 0.60 6.88 6.67 
5.37 3.52 4.74 5.04 3.46 5.86 8.58 3.39 7.23 7.18 2.45 9.33 5.86 9.09 4.92 5.30 5.72 4.67 3.37 2.42 2.18 1.75 4.82 2.40 2.86 1.47 4.94 4.40 2.99 8.42 
10.68 7.93 8.53 6.87 10.48 3.76 0.96 11.08 2.86 3.41 8.84 1.46 4.46 0.50 6.80 4.52 3.82 9.93 11.10 9.48 11.69 11.04 5.08 9.90 6.84 9.52 6.36 7.95 9.32 1.20 
7.29 4.47 5.08 6.12 2.63 8.27 10.82 4.83 9.23 9.03 3.22 11.75 7.69 11.32 6.05 7.80 7.96 6.77 4.79 2.66 1.84 0.88 7.36 2.26 5.42 3.74 6.26 5.09 5.25 10.74 
9.67 1.43 0.38 2.00 2.25 6.36 7.95 7.93 5.99 5.52 2.09 9.36 4.39 8.35 2.05 6.39 5.58 8.87 7.91 2.28 5.98 4.56 6.26 2.56 5.14 5.89 2.49 0.90 7.19 8.12 
