2.99 4.79 4.76 7.92 5.00 9.58 3.93 2.41 1.18 4.94 4.72 6.01 6.33 1.66 7.19 1.09 4.67 4.29 4.22 8.47 1.70 5.75 2.84 6.31 6.44 8.95 4.65 4.30 1.96 7.77 5.85 1.77 8.99 4.26 6.64 8.82 5.03 8.02 2.60 2.17 4.49 3.38 1.43 9.03 7.29 
6.98 0.76 1.57 8.09 1.18 6.91 6.98 7.04 5.56 2.83 7.56 1.46 1.74 5.04 9.19 4.87 6.76 5.30 7.11 7.87 3.69 4.57 2.71 2.29 7.47 6.68 2.46 2.13 6.28 5.46 4.99 4.36 10.67 4.56 2.00 9.27 5.28 8.21 5.01 6.81 0.20 2.29 4.79 8.52 8.43 
0.43 7.69 6.87 6.95 7.28 10.30 1.86 2.84 3.46 6.46 2.44 8.47 8.80 4.53 4.97 4.05 3.22 4.08 2.15 7.95 3.69 6.37 4.82 9.33 5.20 9.49 6.35 6.18 3.68 8.54 6.22 4.92 6.75 4.64 9.14 7.47 4.99 7.01 2.74 1.77 7.18 5.39 2.59 8.34 5.73 
8.51 5.57 3.52 5.22 3.71 2.05 7.54 10.06 8.94 2.85 7.67 3.93 3.95 8.93 7.86 8.52 6.49 5.01 7.46 4.30 6.11 2.65 4.95 6.44 5.76 1.93 3.19 3.60 9.74 1.04 2.97 8.42 8.63 4.32 4.11 6.33 4.22 5.33 6.24 9.34 4.87 4.47 6.94 4.85 6.45 
6.25 1.52 3.00 8.91 2.83 8.55 6.66 5.65 4.11 4.04 7.35 3.28 3.53 3.39 9.39 3.35 6.81 5.62 6.86 8.95 3.17 5.64 2.81 2.84 7.96 8.21 3.62 3.19 4.73 6.96 5.99 2.68 11.03 5.06 3.74 10.04 5.90 9.03 4.74 5.65 1.74 2.76 4.10 9.59 8.93 
6.78 10.91 8.80 2.72 9.33 7.79 5.23 9.68 9.75 7.58 4.51 10.39 10.61 10.56 1.97 9.99 4.23 5.09 4.91 3.92 7.84 5.98 7.91 12.51 2.77 6.93 7.86 8.11 10.27 6.93 5.51 10.60 0.82 5.71 10.93 1.84 4.94 2.62 6.37 8.57 10.08 8.07 7.48 3.69 1.80 
3.28 5.02 3.47 4.78 3.96 6.76 2.65 5.06 4.32 2.79 3.13 5.18 5.49 4.79 4.85 4.24 2.31 1.16 2.71 5.27 1.72 2.78 1.81 6.72 3.50 6.02 2.75 2.70 5.06 4.95 2.76 4.62 6.49 1.10 5.84 5.77 1.83 4.89 0.99 4.19 4.28 2.17 1.91 5.84 4.45 
5.20 10.15 8.22 3.29 8.76 8.34 3.72 8.11 8.31 7.09 2.95 9.90 10.16 9.19 0.37 8.63 2.97 4.22 3.40 4.63 6.70 5.72 6.99 11.81 2.31 7.44 7.31 7.48 8.77 7.15 5.27 9.30 1.45 4.97 10.50 2.97 4.37 3.25 5.14 7.01 9.35 7.26 6.17 4.63 1.66 
6.62 6.20 3.88 2.94 4.33 3.30 5.41 8.67 7.85 2.63 5.40 5.15 5.31 8.13 5.37 7.63 4.21 2.94 5.27 2.43 5.01 0.99 4.19 7.54 3.28 2.47 3.04 3.44 8.61 1.67 0.85 7.78 6.21 2.52 5.59 4.12 2.04 3.06 4.54 7.78 5.36 3.95 5.51 3.08 3.99 
2.42 5.31 4.09 5.41 4.55 7.69 2.14 4.16 3.56 3.61 2.78 5.76 6.08 4.16 4.92 3.60 2.32 1.82 2.30 6.04 1.43 3.71 2.15 7.01 3.94 6.95 3.50 3.37 4.25 5.88 3.67 4.12 6.67 2.01 6.43 6.31 2.64 5.51 0.17 3.26 4.65 2.66 1.10 6.57 4.82 
3.64 7.83 5.98 3.06 6.52 7.19 2.04 6.42 6.32 4.94 1.61 7.70 7.97 7.10 1.99 6.52 0.78 1.92 1.76 4.17 4.41 3.83 4.66 9.50 1.30 6.30 5.10 5.22 6.89 5.67 3.45 7.12 3.65 2.73 8.32 3.60 2.29 3.11 2.89 5.33 7.04 4.94 4.01 4.49 1.91 
2.13 7.78 6.31 4.66 6.81 8.53 0.56 5.01 5.15 5.50 0.28 8.04 8.34 6.06 2.80 5.50 1.05 2.51 0.24 5.74 3.90 4.83 4.57 9.49 2.90 7.66 5.55 5.54 5.62 6.88 4.55 6.23 4.61 3.30 8.69 5.14 3.27 4.71 2.33 3.90 7.09 5.01 3.15 6.09 3.39 
4.64 2.81 2.04 6.67 2.33 7.11 4.64 5.13 3.83 2.36 5.26 3.46 3.78 3.74 7.13 3.34 4.58 3.33 4.80 6.82 1.36 3.62 0.51 4.51 5.66 6.59 2.00 1.61 4.62 5.35 3.89 3.26 8.74 2.77 4.11 7.77 3.62 6.79 2.67 4.68 2.16 0.73 2.47 7.45 6.63 
6.59 9.56 7.35 1.00 7.87 6.10 4.99 9.38 9.18 6.09 4.43 8.86 9.07 9.86 2.55 9.29 3.72 4.04 4.69 2.24 6.91 4.42 6.74 11.09 1.77 5.22 6.42 6.71 9.79 5.22 3.95 9.79 2.49 4.48 9.37 0.64 3.64 0.90 5.60 8.29 8.71 6.81 6.77 2.14 1.13 
7.62 0.37 2.67 9.18 2.24 7.86 7.79 7.28 5.74 3.93 8.42 2.04 2.20 5.03 10.18 4.99 7.69 6.30 7.95 8.97 4.37 5.67 3.58 1.36 8.52 7.69 3.56 3.22 6.38 6.49 6.09 4.31 11.70 5.59 2.32 10.36 6.34 9.31 5.82 7.20 1.22 3.26 5.42 9.62 9.49 
2.60 4.92 4.63 7.43 4.92 9.26 3.43 2.57 1.58 4.69 4.22 6.00 6.32 2.18 6.67 1.61 4.15 3.81 3.72 8.01 1.40 5.37 2.63 6.50 5.93 8.60 4.43 4.11 2.33 7.43 5.44 2.27 8.47 3.82 6.64 8.31 4.58 7.52 2.10 2.09 4.53 3.20 0.92 8.56 6.78 
9.11 5.25 3.50 6.21 3.55 2.53 8.26 10.43 9.22 3.18 8.45 3.46 3.41 9.08 8.79 8.73 7.29 5.74 8.21 5.28 6.47 3.45 5.25 5.90 6.69 2.71 3.44 3.79 10.01 2.02 3.82 8.52 9.61 5.00 3.49 7.32 5.02 6.32 6.81 9.79 4.66 4.70 7.39 5.82 7.41 
6.03 2.15 3.58 9.23 3.45 9.13 6.60 5.17 3.62 4.53 7.33 3.93 4.19 2.82 9.48 2.84 6.88 5.82 6.83 9.34 3.16 6.07 3.06 3.32 8.17 8.76 4.12 3.68 4.20 7.50 6.39 2.09 11.17 5.32 4.39 10.32 6.18 9.34 4.75 5.26 2.39 3.13 3.97 9.98 9.13 
6.19 2.81 0.51 6.05 1.03 5.27 5.74 7.10 5.84 0.78 6.18 2.17 2.45 5.70 7.43 5.34 5.20 3.62 5.80 5.82 3.18 2.52 1.92 4.25 5.57 4.88 0.44 0.44 6.62 3.62 2.95 5.16 8.79 2.80 2.80 7.25 3.39 6.18 3.93 6.56 1.96 1.34 4.20 6.47 6.52 
6.37 3.00 0.68 5.92 1.14 4.98 5.86 7.36 6.11 0.65 6.27 2.18 2.44 5.99 7.43 5.62 5.26 3.65 5.90 5.63 3.42 2.36 2.17 4.38 5.52 4.60 0.47 0.69 6.90 3.34 2.81 5.45 8.74 2.82 2.78 7.12 3.36 6.05 4.09 6.79 2.17 1.60 4.42 6.28 6.46 
9.29 9.20 6.91 3.10 7.28 2.79 7.83 11.66 10.99 5.75 7.55 7.83 7.91 11.34 6.36 10.82 6.47 5.75 7.60 1.80 8.20 4.24 7.43 10.34 4.71 2.22 6.17 6.60 11.73 3.12 4.02 11.02 6.25 5.59 8.11 3.60 4.87 3.13 7.50 10.69 8.40 7.18 8.58 1.76 4.78 
3.74 8.03 6.18 3.01 6.71 7.27 2.14 6.56 6.49 5.12 1.64 7.89 8.16 7.27 1.78 6.70 0.94 2.12 1.84 4.16 4.61 3.98 4.86 9.70 1.26 6.38 5.29 5.42 7.04 5.78 3.59 7.31 3.45 2.92 8.50 3.49 2.46 3.06 3.09 5.46 7.24 5.14 4.19 4.45 1.77 
3.91 5.60 3.70 3.75 4.23 5.99 2.86 6.01 5.36 2.71 3.09 5.42 5.70 5.85 4.23 5.30 1.99 0.38 2.81 4.22 2.75 2.06 2.55 7.25 2.60 5.19 2.83 2.94 6.08 4.22 1.90 5.66 5.73 0.46 6.04 4.78 0.79 3.86 1.85 5.08 4.79 2.72 2.93 4.78 3.57 
2.12 5.20 4.55 6.68 4.91 8.79 2.70 2.97 2.28 4.40 3.47 6.06 6.38 2.96 5.90 2.39 3.37 3.10 2.97 7.32 1.24 4.85 2.47 6.85 5.16 8.09 4.19 3.93 2.97 6.97 4.87 3.03 7.69 3.21 6.72 7.54 3.91 6.78 1.34 2.21 4.70 3.06 0.20 7.86 5.99 
8.04 4.88 2.82 5.36 3.01 2.75 7.17 9.46 8.31 2.21 7.36 3.30 3.35 8.26 7.77 7.87 6.20 4.65 7.11 4.58 5.50 2.37 4.32 5.82 5.68 2.55 2.53 2.93 9.10 1.45 2.76 7.74 8.68 3.90 3.54 6.52 3.94 5.48 5.74 8.78 4.17 3.81 6.37 5.18 6.45 
2.48 5.92 5.88 8.35 6.14 10.50 3.80 1.30 0.85 5.96 4.57 7.17 7.49 1.92 7.16 1.49 4.82 4.82 4.12 9.05 2.67 6.58 3.89 7.41 6.75 9.82 5.70 5.38 1.29 8.68 6.62 2.40 8.97 4.97 7.79 9.14 5.66 8.44 3.05 1.12 5.64 4.46 1.95 9.57 7.51 
2.43 7.79 6.23 4.34 6.74 8.26 0.84 5.30 5.39 5.37 0.41 7.96 8.26 6.27 2.56 5.71 0.78 2.33 0.52 5.42 3.98 4.61 4.56 9.49 2.57 7.39 5.44 5.46 5.88 6.63 4.31 6.41 4.37 3.14 8.61 4.81 3.04 4.38 2.39 4.19 7.07 4.97 3.30 5.76 3.07 
4.01 3.65 2.44 5.92 2.85 6.90 3.84 4.97 3.86 2.29 4.43 4.06 4.38 4.01 6.26 3.54 3.71 2.47 3.97 6.18 1.01 3.14 0.43 5.35 4.82 6.29 2.04 1.78 4.65 5.08 3.33 3.67 7.88 2.00 4.73 6.99 2.86 6.03 1.88 4.35 2.95 0.96 1.98 6.79 5.79 
2.06 5.54 5.19 7.45 5.50 9.61 3.10 2.14 1.55 5.15 3.89 6.60 6.92 2.42 6.42 1.87 3.99 3.90 3.40 8.12 1.88 5.67 3.14 7.12 5.87 8.92 4.91 4.62 2.18 7.79 5.70 2.67 8.23 4.04 7.24 8.26 4.73 7.53 2.13 1.51 5.15 3.72 1.03 8.65 6.66 
6.49 9.32 7.11 0.78 7.63 5.90 4.90 9.26 9.03 5.85 4.36 8.62 8.82 9.69 2.62 9.12 3.60 3.84 4.60 2.07 6.72 4.17 6.52 10.85 1.62 5.02 6.17 6.47 9.65 4.98 3.70 9.60 2.70 4.26 9.13 0.78 3.42 0.69 5.43 8.18 8.47 6.58 6.61 2.03 1.11 
0.96 7.97 6.88 6.12 7.33 9.79 1.10 3.80 4.28 6.29 1.51 8.54 8.86 5.31 4.00 4.80 2.45 3.59 1.32 7.18 3.93 5.94 4.91 9.65 4.36 8.95 6.24 6.14 4.59 8.08 5.73 5.63 5.77 4.26 9.21 6.57 4.46 6.17 2.64 2.71 7.38 5.44 2.90 7.54 4.82 
3.97 9.22 7.43 3.64 7.96 8.35 2.48 6.87 7.07 6.40 1.71 9.15 9.43 7.97 0.89 7.41 1.90 3.36 2.17 4.94 5.59 5.24 6.01 10.90 2.12 7.45 6.56 6.67 7.53 6.96 4.84 8.11 2.70 4.18 9.77 3.71 3.74 3.64 4.01 5.77 8.45 6.34 4.99 5.09 2.02 
2.59 6.94 6.94 8.99 7.20 11.46 4.14 0.33 1.48 6.99 4.86 8.23 8.54 2.52 7.45 2.27 5.33 5.60 4.46 9.79 3.70 7.51 4.94 8.38 7.32 10.76 6.74 6.43 1.27 9.64 7.51 3.15 9.25 5.84 8.85 9.69 6.47 9.07 3.85 0.79 6.69 5.51 2.87 10.28 8.00 
4.61 5.70 3.62 3.29 4.15 5.29 3.47 6.71 6.02 2.47 3.60 5.28 5.53 6.44 4.34 5.91 2.43 0.94 3.38 3.60 3.31 1.43 2.87 7.29 2.46 4.49 2.69 2.90 6.75 3.55 1.21 6.22 5.68 0.65 5.87 4.40 0.27 3.41 2.55 5.79 4.87 2.91 3.60 4.19 3.42 
6.34 4.69 2.37 4.32 2.82 3.83 5.43 7.95 6.93 1.15 5.64 3.69 3.88 7.04 6.25 6.59 4.49 2.92 5.38 3.94 4.06 0.79 3.02 6.04 4.21 3.24 1.56 2.00 7.72 2.02 1.27 6.62 7.36 2.17 4.18 5.52 2.26 4.45 4.07 7.19 3.86 2.65 4.80 4.59 5.08 
1.78 5.55 4.91 6.77 5.28 9.07 2.53 2.72 2.22 4.73 3.31 6.43 6.75 3.02 5.80 2.46 3.33 3.24 2.81 7.47 1.62 5.11 2.84 7.20 5.20 8.35 4.54 4.29 2.85 7.25 5.10 3.17 7.61 3.44 7.09 7.59 4.09 6.86 1.47 1.89 5.07 3.42 0.53 7.99 6.00 
8.41 7.77 5.47 3.08 5.84 2.05 7.07 10.59 9.81 4.34 6.91 6.40 6.49 10.08 6.22 9.58 5.76 4.75 6.88 1.84 6.97 2.92 6.11 8.90 4.29 1.19 4.76 5.20 10.57 1.72 2.80 9.72 6.53 4.45 6.70 3.98 3.85 3.15 6.44 9.68 6.96 5.82 7.46 2.26 4.65 
9.29 9.04 6.75 3.22 7.11 2.56 7.86 11.63 10.92 5.61 7.59 7.64 7.71 11.25 6.48 10.75 6.50 5.72 7.63 1.89 8.12 4.13 7.33 10.15 4.78 1.99 6.03 6.46 11.67 2.92 3.94 10.92 6.43 5.53 7.90 3.77 4.84 3.25 7.46 10.67 8.24 7.06 8.53 1.92 4.89 
2.03 5.45 4.42 5.84 4.84 8.19 2.08 3.66 3.12 4.03 2.81 6.04 6.37 3.80 5.12 3.23 2.55 2.29 2.30 6.51 1.42 4.22 2.39 7.14 4.31 7.45 3.90 3.72 3.79 6.38 4.18 3.82 6.90 2.51 6.71 6.70 3.14 5.94 0.52 2.76 4.84 2.95 0.70 7.04 5.15 
9.07 1.77 3.70 10.24 3.18 8.24 9.22 8.65 7.10 4.96 9.83 2.39 2.34 6.31 11.49 6.33 9.05 7.60 9.37 9.89 5.82 6.68 4.98 0.24 9.74 8.22 4.64 4.37 7.70 7.11 7.13 5.59 12.95 6.85 2.23 11.44 7.55 10.37 7.25 8.63 2.48 4.59 6.88 10.53 10.70 
3.47 7.53 5.71 3.20 6.24 7.12 1.90 6.21 6.06 4.68 1.58 7.42 7.70 6.81 2.30 6.24 0.55 1.64 1.64 4.23 4.10 3.65 4.35 9.20 1.46 6.24 4.83 4.94 6.64 5.55 3.29 6.83 3.96 2.45 8.05 3.81 2.08 3.26 2.59 5.12 6.75 4.64 3.72 4.60 2.16 
3.34 4.09 3.91 7.43 4.16 8.79 3.96 3.26 1.99 4.12 4.71 5.20 5.52 2.17 7.04 1.65 4.45 3.80 4.21 7.88 0.97 5.01 2.01 5.68 6.07 8.19 3.81 3.45 2.78 6.98 5.15 1.98 8.81 3.63 5.84 8.40 4.45 7.54 2.29 2.91 3.71 2.54 1.30 8.47 6.96 
7.80 7.91 5.58 2.22 6.00 2.91 6.40 10.12 9.43 4.36 6.18 6.70 6.83 9.79 5.37 9.27 5.06 4.21 6.19 1.04 6.65 2.75 5.92 9.17 3.48 2.03 4.78 5.19 10.17 2.24 2.49 9.49 5.68 4.03 7.07 3.16 3.33 2.30 5.96 9.16 7.08 5.70 7.03 1.57 3.80 
1.76 7.12 6.83 8.29 7.15 11.04 3.34 1.15 2.02 6.73 4.03 8.24 8.57 3.12 6.61 2.75 4.58 5.01 3.65 9.15 3.52 7.06 4.77 8.65 6.59 10.30 6.52 6.25 2.05 9.22 7.02 3.66 8.41 5.35 8.89 8.94 5.91 8.36 3.32 0.17 6.77 5.36 2.52 9.61 7.22 
3.53 4.36 4.55 8.20 4.74 9.58 4.42 2.73 1.29 4.87 5.20 5.69 6.00 1.36 7.64 0.84 5.09 4.57 4.70 8.69 1.79 5.83 2.77 5.84 6.79 8.99 4.54 4.17 2.06 7.77 5.97 1.30 9.43 4.44 6.30 9.14 5.25 8.31 2.96 2.65 4.13 3.26 1.84 9.26 7.66 
1.30 6.07 5.42 6.87 5.79 9.43 2.31 2.47 2.30 5.19 3.09 6.94 7.27 3.22 5.65 2.68 3.30 3.45 2.62 7.65 2.13 5.46 3.34 7.70 5.24 8.69 5.01 4.78 2.81 7.62 5.42 3.48 7.46 3.75 7.60 7.63 4.33 6.96 1.72 1.52 5.59 3.93 1.03 8.14 5.98 
9.09 1.86 3.93 10.49 3.43 8.58 9.30 8.55 7.01 5.20 9.93 2.71 2.68 6.18 11.65 6.23 9.19 7.77 9.46 10.17 5.87 6.93 5.09 0.19 9.94 8.55 4.86 4.58 7.58 7.43 7.38 5.46 13.14 7.03 2.58 11.68 7.75 10.62 7.33 8.58 2.64 4.74 6.91 10.81 10.90 
5.75 9.81 7.74 2.19 8.27 7.29 4.16 8.62 8.63 6.54 3.49 9.36 9.60 9.42 1.22 8.85 3.10 3.95 3.85 3.52 6.69 5.02 6.77 11.42 1.67 6.40 6.80 7.03 9.17 6.22 4.55 9.45 1.56 4.59 9.92 1.85 3.86 2.13 5.21 7.52 8.98 6.95 6.34 3.49 0.74 
7.40 1.82 1.06 7.48 0.55 5.80 7.14 7.86 6.44 2.22 7.63 0.67 0.98 6.04 8.96 5.81 6.70 5.13 7.23 7.10 4.18 3.91 3.00 2.87 7.09 5.62 1.96 1.84 7.19 4.43 4.37 5.39 10.31 4.32 1.34 8.67 4.92 7.60 5.24 7.49 1.24 2.44 5.28 7.75 8.03 
6.25 10.77 8.73 3.01 9.26 8.14 4.73 9.16 9.30 7.54 3.99 10.36 10.60 10.15 1.40 9.58 3.85 4.87 4.41 4.29 7.53 6.02 7.69 12.40 2.66 7.26 7.79 8.01 9.79 7.15 5.55 10.22 0.56 5.55 10.92 2.32 4.84 2.93 6.01 8.05 9.95 7.90 7.09 4.14 1.73 
3.99 4.31 4.78 8.74 4.91 9.95 4.95 2.79 1.25 5.22 5.73 5.78 6.08 0.89 8.18 0.52 5.64 5.10 5.23 9.19 2.28 6.27 3.14 5.69 7.34 9.39 4.87 4.47 1.92 8.17 6.44 0.75 9.98 4.94 6.36 9.68 5.76 8.84 3.51 2.92 4.19 3.59 2.39 9.78 8.21 
7.03 8.58 6.29 0.66 6.77 4.47 5.50 9.60 9.14 5.01 5.13 7.65 7.82 9.67 3.91 9.12 4.13 3.77 5.24 0.70 6.56 3.27 6.10 10.00 2.24 3.59 5.38 5.74 9.83 3.64 2.85 9.47 4.12 3.92 8.10 1.67 3.07 0.74 5.53 8.57 7.73 6.03 6.69 1.01 2.32 
4.54 8.59 6.62 2.40 7.16 7.06 2.94 7.37 7.30 5.49 2.35 8.29 8.55 8.08 1.34 7.51 1.76 2.67 2.63 3.65 5.34 4.14 5.49 10.24 0.82 6.15 5.70 5.88 7.86 5.71 3.70 8.09 2.76 3.39 8.89 2.71 2.76 2.42 3.86 6.27 7.78 5.71 4.99 3.86 0.96 
6.03 6.08 3.78 2.81 4.27 3.89 4.82 8.12 7.35 2.51 4.82 5.20 5.39 7.67 4.94 7.16 3.63 2.35 4.69 2.59 4.53 0.77 3.81 7.51 2.85 3.06 2.88 3.25 8.10 2.22 0.37 7.36 5.91 1.97 5.69 4.01 1.45 2.94 3.98 7.22 5.23 3.64 4.98 3.24 3.64 
3.19 7.28 5.51 3.47 6.04 7.20 1.66 5.89 5.72 4.53 1.47 7.23 7.52 6.48 2.58 5.91 0.29 1.45 1.43 4.46 3.78 3.61 4.08 8.96 1.75 6.33 4.65 4.74 6.31 5.59 3.28 6.49 4.28 2.29 7.87 4.13 2.03 3.54 2.26 4.82 6.50 4.39 3.38 4.85 2.49 
6.29 2.51 4.11 9.75 3.96 9.66 6.96 5.17 3.64 5.08 7.70 4.36 4.59 2.72 9.92 2.85 7.31 6.31 7.20 9.88 3.58 6.62 3.58 3.45 8.66 9.30 4.67 4.23 4.13 8.04 6.93 2.01 11.63 5.84 4.78 10.84 6.70 9.87 5.16 5.38 2.86 3.67 4.31 10.52 9.61 
6.98 11.19 9.08 2.97 9.61 8.01 5.44 9.88 9.98 7.86 4.71 10.67 10.89 10.80 2.14 10.23 4.48 5.36 5.12 4.13 8.11 6.26 8.18 12.79 3.05 7.16 8.14 8.39 10.49 7.18 5.79 10.85 0.71 5.99 11.21 2.03 5.22 2.86 6.62 8.77 10.36 8.35 7.73 3.88 2.08 
6.52 5.46 3.13 3.64 3.58 3.42 5.45 8.35 7.43 1.91 5.54 4.40 4.57 7.63 5.84 7.15 4.36 2.91 5.35 3.18 4.56 0.57 3.63 6.79 3.75 2.71 2.32 2.74 8.21 1.61 0.84 7.24 6.82 2.30 4.86 4.84 2.09 3.77 4.32 7.53 4.62 3.32 5.19 3.83 4.55 
7.74 4.11 2.09 5.78 2.25 3.51 7.00 8.96 7.74 1.74 7.27 2.56 2.64 7.63 7.94 7.26 6.15 4.55 6.98 5.14 5.00 2.46 3.77 5.07 5.88 3.32 1.97 2.32 8.53 2.16 2.92 7.08 8.99 3.75 2.86 6.97 3.95 5.91 5.43 8.34 3.41 3.23 5.94 5.75 6.72 
7.22 10.06 7.82 1.28 8.33 6.10 5.62 10.02 9.82 6.55 5.04 9.28 9.47 10.49 3.01 9.92 4.36 4.64 5.31 2.23 7.52 4.84 7.31 11.56 2.40 5.26 6.89 7.21 10.43 5.40 4.38 10.41 2.56 5.05 9.77 0.10 4.20 1.15 6.23 8.93 9.21 7.35 7.41 1.95 1.73 
