9.00 8.25 6.97 5.01 6.10 9.97 6.70 8.49 9.21 8.36 4.68 3.59 3.44 4.77 1.98 1.88 11.90 0.67 6.91 7.87 3.48 7.86 8.46 3.88 10.76 10.00 2.08 6.33 11.03 8.34 7.30 8.28 9.57 1.45 8.49 7.83 10.01 12.41 8.42 3.10 4.37 2.99 5.94 7.47 2.39 10.08 1.89 8.88 2.04 3.51 
7.01 3.35 2.71 6.48 7.56 4.22 4.41 2.69 0.85 3.37 5.85 6.94 7.57 6.98 9.67 10.59 2.52 9.88 7.31 3.17 6.28 3.52 7.94 7.76 3.39 1.43 9.31 7.74 2.73 5.57 5.12 3.58 2.76 8.37 1.37 4.24 0.75 3.09 1.23 8.66 5.41 8.96 4.82 5.52 9.79 3.92 7.98 8.18 7.64 7.99 
3.42 4.79 5.67 1.74 9.52 5.68 3.43 5.38 7.94 8.80 6.87 2.78 7.19 7.99 7.43 7.69 9.11 5.46 1.23 4.76 4.04 8.43 11.50 7.77 6.96 7.30 7.31 9.81 7.67 3.42 9.00 8.86 6.11 4.60 7.41 8.89 8.52 9.45 6.88 7.73 4.05 7.83 7.38 9.40 7.82 5.95 5.78 3.06 4.61 7.61 
2.94 1.70 4.27 4.81 10.24 0.44 2.93 2.04 4.99 7.14 7.73 6.06 9.05 9.10 10.48 11.14 4.38 9.54 4.20 2.20 6.31 7.05 11.37 9.48 1.84 3.12 10.19 10.49 2.75 1.88 8.40 7.31 1.62 8.16 4.93 7.77 5.11 4.56 4.23 10.02 5.54 10.26 7.33 8.86 10.75 0.76 8.55 4.22 7.67 9.54 
5.93 5.95 5.61 2.19 7.61 7.40 4.32 6.36 8.06 8.11 5.23 1.31 5.01 6.06 4.83 5.02 10.09 2.81 3.79 5.69 2.45 7.66 9.81 5.59 8.43 8.16 4.75 7.89 8.92 5.47 7.75 8.11 7.35 2.01 7.39 7.92 8.79 10.53 7.07 5.33 3.05 5.38 6.12 8.08 5.23 7.59 3.37 5.73 2.24 5.35 
2.64 1.16 3.36 3.15 9.06 2.06 1.35 1.82 4.88 6.58 6.44 4.39 7.61 7.80 8.89 9.52 5.35 7.87 2.95 1.42 4.71 6.38 10.45 8.08 3.19 3.65 8.62 9.33 3.88 1.15 7.53 6.72 2.33 6.50 4.58 7.04 5.25 5.67 3.91 8.53 3.99 8.75 6.25 7.99 9.18 2.26 6.96 3.71 6.04 8.10 
6.29 2.72 2.79 6.16 8.16 3.38 3.99 2.06 1.65 4.13 6.24 6.79 7.93 7.45 9.92 10.81 2.17 9.91 6.76 2.64 6.29 4.23 8.69 8.17 2.55 0.59 9.57 8.36 1.95 4.88 5.81 4.34 1.94 8.39 1.97 4.97 1.55 2.71 1.53 9.01 5.40 9.30 5.32 6.23 10.08 3.08 8.15 7.49 7.70 8.37 
4.83 1.24 1.38 3.93 7.37 3.02 1.82 0.94 2.78 4.41 4.97 4.59 6.45 6.31 8.18 8.98 4.27 7.83 4.77 0.79 4.25 4.25 8.49 6.81 3.20 2.34 7.85 7.61 3.31 3.34 5.52 4.56 1.99 6.33 2.40 4.94 3.29 4.74 1.75 7.48 3.36 7.75 4.44 5.98 8.40 2.92 6.31 5.87 5.68 6.93 
8.15 6.49 4.75 4.18 4.27 8.34 5.13 6.58 6.85 5.91 2.28 2.83 1.63 2.75 2.46 3.28 9.71 2.91 6.38 6.04 1.81 5.40 6.55 2.22 8.89 7.87 2.16 4.54 9.02 7.15 4.94 5.82 7.67 1.74 6.13 5.40 7.65 10.25 6.13 2.17 2.50 2.33 3.50 5.16 2.72 8.38 0.63 8.38 1.15 2.01 
7.56 3.86 2.19 6.26 6.24 5.15 4.46 3.27 0.51 2.08 4.68 6.44 6.43 5.73 8.60 9.57 3.82 9.09 7.48 3.52 5.58 2.19 6.63 6.57 4.56 2.64 8.23 6.42 4.01 6.07 3.79 2.29 3.71 7.60 0.39 2.92 1.29 4.39 1.03 7.51 4.77 7.81 3.56 4.19 8.70 4.90 7.02 8.63 6.84 6.82 
5.28 2.08 0.71 3.47 6.46 3.96 1.79 1.95 2.99 4.00 3.98 3.85 5.43 5.33 7.16 7.98 5.12 6.94 4.77 1.58 3.32 3.73 7.73 5.80 4.23 3.22 6.84 6.71 4.31 3.82 4.81 4.11 3.01 5.42 2.41 4.36 3.67 5.63 1.96 6.46 2.42 6.72 3.57 5.27 7.37 3.90 5.31 6.17 4.74 5.90 
10.61 7.21 4.68 7.94 2.95 8.85 7.06 6.78 4.41 1.90 3.39 7.35 4.68 3.41 6.95 7.98 7.61 8.54 9.83 6.75 6.04 1.80 2.68 4.45 8.47 6.59 6.59 3.00 7.96 9.16 0.73 1.68 7.50 7.36 4.07 1.06 4.93 8.16 4.70 5.52 5.68 5.81 2.36 0.58 6.85 8.66 6.14 11.45 6.64 4.83 
1.67 2.09 4.30 3.21 9.85 2.32 2.03 2.74 5.84 7.54 7.18 4.60 8.22 8.53 9.31 9.86 6.06 8.04 2.33 2.39 5.17 7.33 11.33 8.72 3.67 4.48 9.07 10.12 4.49 0.20 8.44 7.67 3.05 6.76 5.55 7.98 6.18 6.32 4.88 9.09 4.56 9.29 7.09 8.89 9.63 2.62 7.41 2.75 6.40 8.71 
11.69 8.75 6.19 8.30 0.58 10.57 8.13 8.47 6.73 4.37 3.12 7.29 3.30 2.07 5.15 6.10 10.02 7.32 10.44 8.25 5.96 4.08 1.78 2.80 10.47 8.75 4.84 0.41 10.13 10.36 2.48 4.16 9.37 6.52 6.23 3.42 7.37 10.59 6.73 3.69 6.00 3.91 3.12 2.18 4.92 10.45 5.06 12.30 5.96 3.18 
2.34 1.66 3.61 2.74 9.12 2.50 1.30 2.31 5.31 6.88 6.45 4.05 7.52 7.80 8.67 9.26 5.89 7.52 2.42 1.84 4.51 6.65 10.61 8.01 3.70 4.17 8.42 9.39 4.41 0.93 7.73 7.01 2.87 6.19 4.97 7.29 5.72 6.21 4.31 8.40 3.86 8.60 6.37 8.18 8.98 2.73 6.76 3.31 5.78 8.00 
9.03 8.10 6.70 5.01 5.66 9.85 6.58 8.31 8.90 7.98 4.28 3.56 3.00 4.34 1.64 1.76 11.65 1.09 6.99 7.70 3.28 7.48 8.02 3.44 10.59 9.77 1.70 5.90 10.83 8.31 6.88 7.89 9.39 1.40 8.18 7.43 9.71 12.17 8.14 2.67 4.16 2.58 5.55 7.05 2.06 9.95 1.49 8.97 1.85 3.07 
1.52 4.71 6.56 3.64 11.41 4.72 4.07 5.37 8.41 9.85 8.70 5.00 9.31 9.95 9.80 10.10 8.66 7.88 1.42 4.93 6.08 9.57 13.19 9.88 6.15 7.14 9.65 11.70 7.05 2.55 10.46 9.96 5.69 6.98 8.05 10.15 8.81 8.87 7.40 9.97 5.83 10.10 8.94 10.89 10.18 5.07 8.06 0.64 6.91 9.76 
6.07 3.14 4.22 6.95 9.78 2.79 4.72 2.65 3.18 5.70 7.80 7.82 9.45 9.04 11.36 12.20 1.25 11.12 7.06 3.32 7.53 5.83 10.27 9.72 1.46 1.10 11.01 9.97 0.50 4.87 7.42 5.91 1.79 9.61 3.58 6.56 2.81 1.56 3.12 10.52 6.64 10.80 6.92 7.83 11.54 2.43 9.53 7.35 8.96 9.90 
0.72 3.65 5.67 3.38 10.86 3.62 3.22 4.31 7.38 8.96 8.15 4.83 8.94 9.45 9.68 10.09 7.54 8.02 1.48 3.91 5.74 8.71 12.51 9.48 5.05 6.03 9.50 11.14 5.94 1.45 9.70 9.08 4.58 6.95 7.06 9.33 7.75 7.76 6.40 9.69 5.33 9.85 8.25 10.14 10.04 3.97 7.86 1.21 6.74 9.41 
0.78 3.86 5.86 3.45 10.99 3.82 3.40 4.52 7.59 9.15 8.28 4.89 9.04 9.57 9.74 10.13 7.75 8.02 1.45 4.12 5.83 8.89 12.67 9.59 5.25 6.25 9.56 11.28 6.14 1.66 9.87 9.27 4.79 6.98 7.26 9.51 7.96 7.97 6.60 9.77 5.45 9.93 8.41 10.31 10.10 4.17 7.93 1.01 6.80 9.51 
9.63 6.62 4.06 6.45 1.97 8.45 6.04 6.35 4.85 2.83 1.46 5.64 2.74 1.58 5.05 6.07 8.15 6.57 8.51 6.12 4.30 2.40 3.36 2.59 8.39 6.73 4.67 2.19 8.10 8.26 1.28 2.66 7.27 5.42 4.27 2.01 5.57 8.72 4.70 3.66 4.13 3.96 0.99 1.46 4.99 8.33 4.17 10.30 4.72 2.95 
7.13 6.23 5.12 3.09 5.92 7.94 4.67 6.49 7.48 7.04 3.73 1.63 3.27 4.39 3.25 3.66 9.98 2.08 5.15 5.86 1.55 6.55 8.18 3.85 8.74 8.07 3.10 6.19 9.04 6.37 6.36 6.99 7.56 0.58 6.77 6.68 8.27 10.48 6.61 3.58 2.44 3.65 4.80 6.64 3.63 8.05 1.61 7.16 0.51 3.60 
8.45 4.91 2.51 6.32 4.57 6.49 5.00 4.44 2.19 0.80 3.32 6.11 5.05 4.18 7.33 8.33 5.50 8.21 7.94 4.47 4.99 0.57 5.01 5.10 6.11 4.27 6.95 4.73 5.65 6.97 2.11 0.90 5.13 6.80 1.74 1.31 2.88 6.06 2.34 6.11 4.34 6.41 2.07 2.53 7.36 6.30 5.95 9.38 6.03 5.40 
4.36 4.12 4.20 0.33 7.70 5.54 2.50 4.57 6.61 7.14 5.04 1.15 5.45 6.18 6.00 6.43 8.33 4.49 2.46 3.90 2.24 6.74 9.67 6.02 6.58 6.42 5.82 7.99 7.09 3.68 7.20 7.18 5.52 3.28 6.00 7.15 7.28 8.76 5.57 6.08 2.23 6.22 5.58 7.59 6.36 5.72 4.19 4.47 3.06 5.89 
2.02 4.61 6.19 2.94 10.78 4.93 3.71 5.26 8.19 9.46 8.08 4.26 8.61 9.30 9.03 9.32 8.74 7.10 0.76 4.75 5.39 9.15 12.63 9.18 6.33 7.11 8.89 11.07 7.17 2.63 9.95 9.56 5.72 6.21 7.77 9.70 8.65 9.00 7.16 9.24 5.20 9.36 8.40 10.38 9.42 5.25 7.32 1.42 6.16 9.05 
3.83 2.69 3.02 1.20 7.58 4.24 1.06 3.13 5.32 6.19 4.86 2.20 5.72 6.16 6.76 7.34 6.89 5.68 2.60 2.46 2.60 5.85 9.31 6.24 5.18 4.99 6.51 7.86 5.66 2.74 6.59 6.27 4.09 4.30 4.77 6.37 5.94 7.31 4.27 6.54 2.06 6.73 5.06 7.02 7.07 4.38 4.84 4.35 3.86 6.19 
7.20 5.35 3.64 3.38 4.55 7.21 4.04 5.43 5.84 5.20 2.02 2.26 2.33 3.02 3.61 4.41 8.60 3.68 5.59 4.89 0.94 4.71 6.65 2.87 7.74 6.75 3.30 4.84 7.88 6.12 4.57 5.15 6.52 2.24 5.12 4.85 6.64 9.13 5.07 3.15 1.39 3.36 2.98 4.88 3.86 7.24 1.74 7.56 1.46 2.80 
4.32 2.28 4.42 5.97 10.38 1.01 3.86 2.18 4.39 6.78 8.07 7.08 9.55 9.40 11.20 11.95 3.04 10.53 5.60 2.70 7.11 6.79 11.23 9.92 0.43 2.21 10.89 10.61 1.40 3.29 8.28 6.97 1.15 9.09 4.53 7.53 4.29 3.17 3.89 10.58 6.27 10.84 7.44 8.73 11.44 0.66 9.29 5.60 8.53 10.03 
8.30 6.72 5.00 4.30 4.35 8.56 5.34 6.82 7.10 6.14 2.48 2.92 1.66 2.85 2.23 3.03 9.96 2.70 6.49 6.27 1.99 5.64 6.65 2.23 9.13 8.13 1.94 4.61 9.27 7.33 5.13 6.06 7.91 1.62 6.39 5.62 7.91 10.50 6.39 2.06 2.72 2.19 3.73 5.34 2.50 8.61 0.37 8.50 1.12 1.99 
4.01 2.05 4.31 5.68 10.30 0.70 3.60 2.04 4.46 6.80 7.94 6.82 9.39 9.28 11.00 11.73 3.33 10.28 5.28 2.50 6.89 6.79 11.22 9.78 0.74 2.35 10.69 10.53 1.68 2.97 8.26 6.99 1.09 8.84 4.55 7.53 4.42 3.48 3.89 10.41 6.06 10.66 7.36 8.70 11.25 0.34 9.08 5.29 8.30 9.88 
3.35 3.72 4.45 0.76 8.59 4.87 2.25 4.28 6.73 7.60 5.89 2.18 6.43 7.10 7.02 7.43 8.04 5.42 1.46 3.63 3.20 7.24 10.48 7.00 6.05 6.19 6.84 8.88 6.68 2.82 7.88 7.66 5.09 4.28 6.19 7.72 7.32 8.42 5.67 7.10 3.02 7.24 6.29 8.29 7.39 5.10 5.22 3.45 4.09 6.88 
10.34 6.94 4.41 7.68 3.01 8.58 6.78 6.51 4.18 1.68 3.22 7.11 4.57 3.34 6.86 7.89 7.40 8.39 9.56 6.47 5.81 1.54 2.92 4.37 8.21 6.35 6.49 3.08 7.72 8.89 0.56 1.47 7.23 7.18 3.82 0.80 4.73 7.95 4.44 5.45 5.44 5.74 2.14 0.60 6.78 8.40 5.99 11.17 6.45 4.75 
2.82 0.91 3.27 3.42 9.07 1.82 1.49 1.56 4.66 6.44 6.47 4.62 7.70 7.84 9.04 9.70 5.04 8.09 3.26 1.24 4.87 6.26 10.39 8.15 2.90 3.36 8.77 9.33 3.57 1.34 7.46 6.59 2.02 6.70 4.40 6.94 5.00 5.36 3.71 8.64 4.12 8.86 6.22 7.92 9.33 1.99 7.12 3.94 6.22 8.19 
10.60 9.74 8.24 6.61 6.16 11.50 8.23 9.93 10.35 9.18 5.44 5.18 3.84 5.11 1.59 0.68 13.20 1.99 8.51 9.33 4.91 8.69 8.46 4.09 12.22 11.34 1.94 6.34 12.44 9.93 7.86 9.07 11.02 3.02 9.63 8.53 11.16 13.73 9.64 3.06 5.77 2.82 6.73 7.94 1.82 11.59 2.89 10.47 3.49 3.70 
6.43 5.00 3.76 2.50 5.51 6.79 3.53 5.20 6.13 5.84 2.96 1.30 3.18 3.97 4.04 4.69 8.63 3.43 4.71 4.60 0.19 5.37 7.60 3.76 7.49 6.72 3.79 5.79 7.74 5.46 5.42 5.82 6.29 1.92 5.42 5.60 6.91 9.13 5.24 3.87 1.08 4.04 3.79 5.75 4.35 6.87 2.12 6.70 1.26 3.63 
10.12 6.68 4.18 7.57 3.31 8.30 6.59 6.24 3.85 1.35 3.29 7.06 4.74 3.54 7.04 8.07 7.06 8.48 9.40 6.22 5.78 1.24 3.24 4.57 7.90 6.03 6.67 3.39 7.40 8.66 0.74 1.13 6.94 7.23 3.51 0.50 4.39 7.62 4.14 5.64 5.36 5.94 2.13 0.92 6.98 8.11 6.09 10.98 6.49 4.94 
4.11 1.96 4.16 5.64 10.14 0.82 3.54 1.89 4.28 6.62 7.80 6.76 9.26 9.13 10.89 11.63 3.20 10.21 5.31 2.38 6.79 6.61 11.04 9.64 0.68 2.17 10.58 10.37 1.57 3.02 8.08 6.81 0.92 8.76 4.37 7.35 4.24 3.38 3.71 10.28 5.95 10.54 7.20 8.53 11.13 0.45 8.98 5.40 8.21 9.74 
5.15 2.27 1.07 3.02 6.37 4.17 1.57 2.27 3.46 4.28 3.79 3.35 5.14 5.16 6.78 7.58 5.60 6.46 4.45 1.78 2.86 3.97 7.78 5.55 4.58 3.68 6.47 6.63 4.72 3.74 4.91 4.37 3.35 4.95 2.86 4.55 4.16 6.10 2.44 6.15 1.96 6.40 3.55 5.37 7.01 4.15 4.90 5.97 4.29 5.63 
10.75 9.49 7.75 6.71 5.07 11.32 8.07 9.61 9.71 8.35 4.63 5.25 2.94 4.13 0.63 0.46 12.69 2.63 8.75 9.06 4.69 7.86 7.36 3.09 11.92 10.89 1.01 5.25 12.05 9.94 6.92 8.22 10.70 3.15 9.00 7.64 10.52 13.24 9.09 2.03 5.49 1.76 5.91 6.96 0.72 11.38 2.46 10.75 3.38 2.71 
10.70 8.74 6.60 6.75 2.94 10.63 7.54 8.72 8.21 6.52 3.04 5.39 1.35 2.14 1.65 2.59 11.38 4.09 8.95 8.26 4.36 6.06 5.24 1.15 11.00 9.69 1.38 3.12 10.97 9.65 4.93 6.37 9.78 3.78 7.53 5.73 8.99 11.94 7.75 0.41 4.91 0.44 4.19 4.92 1.41 10.63 2.38 10.96 3.54 0.89 
10.72 8.04 5.55 7.15 0.77 9.91 7.22 7.84 6.56 4.49 2.07 6.06 1.98 0.80 3.95 4.94 9.86 6.01 9.33 7.53 4.75 4.08 3.09 1.50 9.98 8.39 3.61 1.04 9.75 9.45 2.70 4.31 8.82 5.19 5.97 3.60 7.29 10.43 6.36 2.48 4.90 2.73 2.56 2.61 3.78 9.83 3.74 11.24 4.65 1.89 
5.33 1.80 0.82 4.03 6.82 3.57 2.09 1.47 2.47 3.89 4.47 4.51 6.00 5.80 7.81 8.65 4.43 7.63 5.10 1.33 4.01 3.70 7.92 6.34 3.66 2.53 7.48 7.07 3.66 3.84 4.96 4.03 2.46 6.11 1.99 4.39 3.08 4.94 1.42 7.05 3.12 7.32 3.89 5.42 8.01 3.46 5.97 6.32 5.43 6.47 
1.71 2.10 4.55 3.92 10.30 1.74 2.53 2.69 5.82 7.71 7.66 5.29 8.79 9.02 9.96 10.53 5.65 8.74 2.94 2.51 5.79 7.54 11.67 9.27 3.15 4.23 9.71 10.56 4.04 0.63 8.74 7.86 2.73 7.45 5.62 8.22 6.07 5.86 4.92 9.68 5.14 9.89 7.48 9.20 10.27 2.07 8.04 2.96 7.06 9.27 
2.52 4.72 6.08 2.56 10.42 5.23 3.64 5.36 8.18 9.32 7.73 3.80 8.18 8.92 8.52 8.79 8.94 6.55 0.65 4.80 4.98 8.98 12.32 8.76 6.61 7.24 8.39 10.71 7.41 2.92 9.70 9.40 5.91 5.70 7.72 9.51 8.68 9.23 7.13 8.77 4.86 8.89 8.13 10.12 8.91 5.55 6.84 1.97 5.67 8.62 
5.14 2.34 3.90 6.17 9.73 1.88 3.96 1.96 3.46 5.92 7.57 7.14 9.14 8.86 10.93 11.74 2.19 10.51 6.15 2.61 6.97 5.97 10.43 9.46 0.73 1.23 10.61 9.94 0.64 3.94 7.51 6.12 0.94 9.02 3.69 6.72 3.30 2.44 3.10 10.20 6.09 10.47 6.82 7.94 11.14 1.52 9.06 6.41 8.41 9.61 
7.94 6.39 4.75 3.94 4.56 8.23 5.00 6.52 6.91 6.07 2.50 2.57 1.92 3.03 2.56 3.31 9.71 2.73 6.14 5.95 1.64 5.57 6.83 2.51 8.82 7.86 2.29 4.83 8.98 6.98 5.17 6.00 7.61 1.48 6.19 5.59 7.72 10.25 6.17 2.41 2.39 2.55 3.69 5.40 2.85 8.28 0.64 8.14 0.86 2.29 
1.97 2.60 4.26 2.24 9.40 3.30 1.78 3.24 6.16 7.56 6.69 3.68 7.56 8.00 8.47 8.97 6.83 7.06 1.47 2.71 4.40 7.29 11.04 8.09 4.59 5.12 8.25 9.68 5.33 1.14 8.23 7.67 3.81 5.84 5.76 7.89 6.61 7.14 5.14 8.36 3.91 8.54 6.78 8.68 8.81 3.57 6.59 2.63 5.53 8.03 
4.01 3.36 3.57 0.53 7.62 4.84 1.74 3.81 5.93 6.63 4.91 1.64 5.56 6.14 6.38 6.90 7.58 5.11 2.41 3.14 2.34 6.26 9.47 6.11 5.84 5.67 6.16 7.90 6.34 3.13 6.87 6.69 4.76 3.79 5.35 6.73 6.58 8.00 4.89 6.30 2.03 6.47 5.28 7.28 6.72 5.01 4.50 4.33 3.44 6.02 
7.61 6.30 4.86 3.58 5.08 8.09 4.83 6.47 7.11 6.43 2.96 2.16 2.44 3.56 2.76 3.38 9.80 2.40 5.74 5.88 1.46 5.93 7.35 3.02 8.77 7.92 2.54 5.36 8.98 6.72 5.62 6.37 7.56 1.01 6.39 6.00 7.91 10.32 6.31 2.84 2.32 2.95 4.11 5.88 3.10 8.17 0.90 7.75 0.33 2.79 
11.35 8.86 6.43 7.63 1.23 10.74 7.93 8.70 7.55 5.48 2.82 6.42 2.04 1.45 3.45 4.37 10.83 5.80 9.84 8.36 5.18 5.08 3.45 1.45 10.88 9.34 3.17 1.35 10.68 10.14 3.67 5.30 9.70 5.22 6.95 4.58 8.28 11.40 7.31 2.05 5.48 2.23 3.52 3.53 3.20 10.68 3.74 11.79 4.80 1.72 
7.45 4.58 5.31 8.36 10.42 4.14 6.13 4.05 3.67 6.07 8.71 9.17 10.42 9.86 12.44 13.33 0.37 12.39 8.51 4.72 8.78 6.31 10.60 10.63 2.71 2.25 12.09 10.59 1.77 6.30 7.91 6.28 3.24 10.88 4.25 6.99 3.02 0.21 3.99 11.50 7.88 11.79 7.70 8.28 12.59 3.77 10.68 8.73 10.19 10.85 
6.27 2.82 3.19 6.41 8.58 3.23 4.21 2.20 2.01 4.51 6.67 7.10 8.35 7.88 10.33 11.21 1.79 10.27 6.89 2.82 6.65 4.63 9.08 8.59 2.25 0.34 9.98 8.78 1.57 4.91 6.22 4.72 1.84 8.75 2.38 5.37 1.77 2.31 1.95 9.43 5.76 9.72 5.75 6.63 10.49 2.91 8.55 7.50 8.07 8.79 
7.08 3.37 1.93 5.94 6.56 4.65 4.06 2.77 0.52 2.54 4.82 6.22 6.55 5.94 8.67 9.61 3.55 9.00 7.06 3.05 5.44 2.60 7.06 6.73 4.09 2.21 8.30 6.74 3.59 5.59 4.18 2.74 3.21 7.50 0.34 3.35 1.28 4.12 0.56 7.64 4.60 7.94 3.78 4.60 8.79 4.40 7.02 8.17 6.75 6.96 
9.09 6.22 3.71 5.81 2.32 8.08 5.52 6.00 4.84 3.11 0.81 4.97 2.31 1.40 4.63 5.65 8.09 5.97 7.90 5.72 3.63 2.63 3.98 2.30 8.13 6.56 4.25 2.58 7.91 7.75 1.86 2.97 6.97 4.78 4.21 2.41 5.60 8.66 4.54 3.32 3.49 3.63 0.76 2.10 4.62 7.99 3.58 9.71 4.07 2.61 
1.60 2.44 4.95 4.31 10.73 1.71 2.97 3.00 6.11 8.07 8.10 5.70 9.23 9.46 10.39 10.96 5.71 9.13 3.17 2.88 6.23 7.91 12.08 9.71 3.14 4.40 10.15 10.99 4.08 0.96 9.14 8.22 2.90 7.86 5.95 8.60 6.32 5.88 5.25 10.12 5.58 10.33 7.90 9.60 10.71 2.07 8.48 2.89 7.49 9.72 
8.74 5.53 2.94 5.94 3.21 7.30 5.15 5.20 3.61 1.87 1.88 5.39 3.57 2.67 5.87 6.88 6.90 6.98 7.84 5.04 4.11 1.37 4.21 3.58 7.17 5.48 5.49 3.42 6.85 7.32 1.35 1.76 6.07 5.66 3.02 1.37 4.35 7.47 3.45 4.60 3.69 4.91 0.59 1.79 5.88 7.17 4.64 9.51 4.90 3.89 
8.58 4.87 3.11 7.19 6.07 6.08 5.47 4.27 1.19 1.59 4.95 7.26 6.69 5.81 8.95 9.94 4.16 9.69 8.48 4.54 6.29 1.92 6.10 6.74 5.36 3.40 8.57 6.20 4.69 7.09 3.48 1.80 4.62 8.23 1.39 2.53 1.50 4.71 2.05 7.74 5.53 8.05 3.71 3.81 8.99 5.81 7.50 9.65 7.46 7.03 
5.57 2.56 3.79 6.38 9.50 2.34 4.15 2.09 3.08 5.57 7.42 7.27 9.04 8.69 10.90 11.73 1.80 10.59 6.50 2.76 7.02 5.65 10.11 9.34 1.17 0.85 10.56 9.71 0.58 4.33 7.22 5.78 1.22 9.09 3.38 6.40 2.86 2.13 2.84 10.10 6.13 10.38 6.61 7.64 11.09 1.99 9.05 6.84 8.45 9.50 
7.81 4.10 2.85 6.87 6.89 5.14 4.95 3.47 0.41 2.52 5.45 7.14 7.20 6.46 9.39 10.35 3.20 9.86 7.93 3.84 6.32 2.75 7.09 7.32 4.35 2.38 9.01 7.05 3.66 6.35 4.36 2.74 3.68 8.36 1.08 3.44 0.55 3.76 1.46 8.28 5.50 8.58 4.30 4.73 9.47 4.85 7.81 8.94 7.61 7.58 
9.44 6.56 4.04 6.14 1.98 8.42 5.88 6.33 5.06 3.19 1.04 5.27 2.29 1.22 4.61 5.64 8.34 6.10 8.24 6.06 3.92 2.73 3.65 2.19 8.44 6.85 4.23 2.23 8.20 8.11 1.74 3.04 7.29 4.97 4.45 2.42 5.81 8.91 4.82 3.25 3.82 3.55 1.02 1.92 4.57 8.32 3.70 10.06 4.28 2.53 
4.64 4.25 4.17 0.60 7.46 5.73 2.63 4.68 6.60 7.02 4.81 0.86 5.17 5.93 5.71 6.15 8.42 4.25 2.74 4.01 1.98 6.61 9.45 5.75 6.74 6.51 5.53 7.74 7.22 3.93 7.02 7.06 5.65 3.01 5.97 7.00 7.28 8.86 5.57 5.80 2.04 5.94 5.39 7.41 6.07 5.91 3.91 4.75 2.78 5.61 
10.79 7.34 4.84 8.20 3.21 8.94 7.25 6.89 4.40 1.89 3.71 7.63 5.00 3.73 7.27 8.30 7.55 8.87 10.05 6.88 6.33 1.87 2.71 4.77 8.51 6.61 6.91 3.24 7.97 9.33 1.05 1.68 7.57 7.68 4.11 1.16 4.88 8.09 4.76 5.84 5.95 6.12 2.66 0.90 7.17 8.74 6.47 11.65 6.96 5.15 
6.08 2.94 0.59 3.80 5.59 4.81 2.52 2.75 2.93 3.36 3.16 3.84 4.69 4.50 6.56 7.44 5.55 6.62 5.38 2.44 3.03 3.03 6.88 5.02 4.98 3.72 6.22 5.84 4.94 4.65 3.98 3.44 3.77 5.10 2.24 3.60 3.70 6.08 2.04 5.75 2.18 6.02 2.70 4.44 6.74 4.73 4.78 6.91 4.38 5.16 
6.96 4.13 1.79 4.01 4.46 6.01 3.38 3.98 3.74 3.28 1.92 3.58 3.46 3.28 5.43 6.34 6.66 5.80 5.93 3.62 2.43 2.83 5.99 3.78 6.22 4.90 5.07 4.73 6.16 5.61 3.27 3.28 5.02 4.33 3.02 3.18 4.55 7.21 3.05 4.53 1.82 4.81 1.73 3.69 5.57 5.95 3.74 7.65 3.56 3.92 
6.27 5.53 4.71 2.23 6.42 7.18 3.93 5.84 7.13 6.97 4.00 0.78 3.88 4.87 4.10 4.52 9.43 2.74 4.30 5.19 1.28 6.51 8.60 4.47 8.04 7.51 3.94 6.70 8.41 5.53 6.53 6.96 6.89 1.38 6.44 6.73 7.89 9.91 6.20 4.33 2.02 4.43 4.91 6.85 4.47 7.31 2.38 6.32 1.21 4.26 
4.76 1.44 2.94 5.24 8.87 1.88 3.01 0.95 3.01 5.30 6.61 6.14 8.15 7.93 9.91 10.71 2.89 9.49 5.45 1.62 5.95 5.29 9.72 8.49 1.51 1.18 9.59 9.09 1.62 3.40 6.76 5.49 0.42 8.00 3.05 6.03 3.09 3.26 2.39 9.20 5.07 9.47 5.93 7.21 10.13 1.62 8.04 5.99 7.38 8.62 
9.76 6.61 4.02 6.76 2.24 8.38 6.17 6.28 4.51 2.34 1.98 6.05 3.32 2.14 5.63 6.66 7.82 7.13 8.76 6.11 4.71 1.94 3.17 3.16 8.23 6.50 5.25 2.41 7.88 8.36 0.70 2.15 7.14 5.95 3.99 1.46 5.20 8.39 4.48 4.24 4.45 4.53 1.12 0.95 5.56 8.25 4.73 10.49 5.23 3.53 
1.38 3.16 4.98 2.67 10.09 3.52 2.50 3.82 6.82 8.28 7.37 4.13 8.18 8.67 8.97 9.41 7.27 7.40 1.14 3.35 4.98 8.01 11.76 8.72 4.89 5.64 8.77 10.37 5.71 1.20 8.96 8.39 4.25 6.26 6.45 8.61 7.23 7.54 5.81 8.94 4.56 9.10 7.49 9.40 9.32 3.83 7.12 1.90 6.03 8.65 
9.00 5.30 3.39 7.45 5.76 6.55 5.81 4.71 1.67 1.26 4.84 7.44 6.56 5.61 8.85 9.85 4.60 9.72 8.83 4.95 6.40 1.67 5.67 6.57 5.84 3.88 8.47 5.88 5.17 7.51 3.15 1.46 5.10 8.28 1.78 2.19 1.96 5.13 2.47 7.60 5.69 7.90 3.57 3.45 8.87 6.29 7.48 10.05 7.51 6.88 
3.54 1.99 2.73 1.85 7.82 3.55 0.38 2.46 4.88 6.01 5.13 2.89 6.15 6.47 7.34 7.97 6.23 6.36 2.74 1.79 3.16 5.71 9.42 6.64 4.48 4.35 7.08 8.10 4.97 2.27 6.61 6.11 3.39 4.96 4.38 6.28 5.45 6.64 3.82 7.03 2.49 7.24 5.15 7.05 7.64 3.69 5.42 4.25 4.49 6.63 
6.29 4.36 2.86 2.66 5.22 6.21 3.04 4.47 5.21 4.99 2.52 1.90 3.26 3.74 4.59 5.35 7.77 4.32 4.81 3.91 0.74 4.53 7.15 3.78 6.78 5.88 4.29 5.51 6.96 5.15 4.74 4.99 5.56 2.80 4.50 4.82 5.99 8.29 4.34 4.14 0.40 4.36 3.10 5.11 4.85 6.25 2.68 6.72 2.09 3.75 
3.42 3.86 4.55 0.75 8.61 5.00 2.38 4.41 6.84 7.68 5.92 2.13 6.42 7.11 6.97 7.36 8.17 5.33 1.48 3.76 3.20 7.31 10.51 6.99 6.18 6.32 6.80 8.89 6.81 2.93 7.93 7.74 5.23 4.21 6.30 7.79 7.44 8.55 5.79 7.07 3.05 7.21 6.34 8.34 7.34 5.23 5.18 3.48 4.04 6.86 
7.03 4.58 2.51 3.67 4.33 6.47 3.55 4.54 4.59 4.01 1.62 2.97 2.84 2.96 4.64 5.53 7.45 4.95 5.75 4.09 1.70 3.53 6.13 3.24 6.83 5.65 4.30 4.61 6.85 5.77 3.67 3.99 5.61 3.49 3.87 3.77 5.40 8.00 3.86 3.86 1.34 4.13 2.03 4.04 4.82 6.46 2.90 7.59 2.72 3.32 
8.43 5.28 2.70 5.59 3.35 7.09 4.84 4.98 3.61 2.10 1.69 5.04 3.42 2.63 5.69 6.70 6.87 6.70 7.50 4.79 3.77 1.60 4.50 3.49 7.01 5.38 5.31 3.57 6.74 7.03 1.69 2.02 5.89 5.36 2.98 1.70 4.38 7.44 3.35 4.48 3.34 4.78 0.47 2.12 5.73 6.96 4.38 9.19 4.60 3.77 
10.18 8.23 6.12 6.24 2.98 10.12 7.02 8.22 7.80 6.22 2.62 4.89 0.89 1.92 1.63 2.65 10.94 3.83 8.45 7.75 3.84 5.75 5.33 0.89 10.51 9.23 1.29 3.20 10.49 9.13 4.72 6.08 9.29 3.36 7.12 5.47 8.60 11.50 7.31 0.20 4.39 0.51 3.83 4.76 1.52 10.12 1.92 10.45 3.07 0.52 
6.98 6.33 5.39 2.98 6.37 7.98 4.74 6.63 7.79 7.43 4.17 1.56 3.70 4.84 3.49 3.80 10.19 1.94 4.95 5.98 1.84 6.95 8.63 4.28 8.85 8.27 3.39 6.64 9.20 6.31 6.80 7.40 7.68 0.66 7.08 7.10 8.56 10.68 6.89 3.96 2.69 4.01 5.23 7.08 3.89 8.12 2.00 6.94 0.95 4.01 
4.22 0.76 1.85 3.55 7.78 2.65 1.34 0.83 3.37 5.00 5.28 4.37 6.67 6.64 8.26 9.02 4.54 7.72 4.20 0.26 4.21 4.82 8.99 7.07 3.11 2.64 7.96 8.03 3.40 2.73 6.04 5.14 1.90 6.24 3.01 5.50 3.84 4.98 2.36 7.67 3.35 7.92 4.88 6.50 8.51 2.63 6.36 5.26 5.64 7.15 
8.26 7.26 5.91 4.22 5.52 9.01 5.74 7.47 8.15 7.38 3.77 2.76 2.79 4.08 2.17 2.53 10.84 1.42 6.26 6.86 2.44 6.88 7.86 3.32 9.75 8.95 2.08 5.77 10.00 7.49 6.43 7.31 8.55 0.67 7.44 6.89 8.96 11.36 7.36 2.78 3.33 2.78 5.00 6.64 2.56 9.11 1.04 8.26 1.01 2.99 
4.62 3.39 3.08 1.11 6.91 5.05 1.80 3.74 5.51 6.01 4.20 1.45 4.91 5.44 5.89 6.48 7.43 4.88 3.13 3.08 1.74 5.62 8.75 5.45 5.91 5.50 5.65 7.19 6.31 3.60 6.17 6.06 4.77 3.46 4.88 6.06 6.20 7.88 4.48 5.70 1.32 5.88 4.57 6.58 6.21 5.18 3.98 5.02 3.00 5.38 
9.99 6.59 4.06 7.37 3.14 8.24 6.44 6.16 3.88 1.41 3.05 6.84 4.49 3.31 6.80 7.83 7.12 8.23 9.23 6.12 5.55 1.22 3.25 4.34 7.88 6.03 6.43 3.24 7.40 8.54 0.53 1.20 6.89 6.98 3.50 0.48 4.45 7.68 4.10 5.41 5.14 5.71 1.89 0.81 6.74 8.05 5.84 10.83 6.25 4.70 
9.40 8.77 7.51 5.45 6.46 10.47 7.21 9.02 9.76 8.88 5.18 4.06 3.85 5.19 2.10 1.72 12.44 0.72 7.28 8.40 4.02 8.38 8.82 4.26 11.28 10.55 2.30 6.68 11.57 8.80 7.78 8.79 10.09 1.96 9.04 8.33 10.56 12.96 8.97 3.39 4.91 3.24 6.45 7.93 2.49 10.59 2.40 9.22 2.59 3.87 
9.18 8.01 6.44 5.13 5.08 9.80 6.54 8.17 8.56 7.52 3.79 3.68 2.43 3.77 1.23 1.67 11.40 1.68 7.20 7.59 3.17 7.02 7.43 2.86 10.47 9.55 1.19 5.31 10.66 8.37 6.36 7.42 9.26 1.61 7.85 6.93 9.37 11.94 7.85 2.09 4.01 2.01 5.08 6.50 1.63 9.88 1.09 9.20 1.81 2.48 
9.84 7.61 5.37 6.02 2.35 9.51 6.52 7.54 6.93 5.30 1.76 4.78 0.40 1.04 2.52 3.54 10.11 4.41 8.24 7.12 3.57 4.82 4.70 0.22 9.80 8.44 2.15 2.60 9.73 8.69 3.80 5.15 8.59 3.64 6.26 4.54 7.72 10.67 6.49 1.13 3.96 1.44 2.92 3.87 2.45 9.48 2.16 10.21 3.16 0.41 
2.91 3.08 4.08 1.18 8.67 4.19 1.71 3.66 6.25 7.31 5.95 2.62 6.66 7.22 7.45 7.92 7.41 6.00 1.44 3.03 3.45 6.98 10.45 7.21 5.37 5.58 7.24 8.95 6.01 2.19 7.75 7.39 4.44 4.78 5.76 7.51 6.81 7.77 5.20 7.41 3.09 7.57 6.21 8.18 7.80 4.42 5.59 3.25 4.50 7.13 
10.27 8.53 6.54 6.27 3.59 10.41 7.25 8.56 8.33 6.83 3.17 4.86 1.43 2.57 0.99 2.00 11.42 3.36 8.45 8.06 3.95 6.35 5.92 1.53 10.87 9.67 0.67 3.79 10.90 9.29 5.35 6.69 9.65 3.12 7.63 6.09 9.13 11.97 7.79 0.48 4.60 0.30 4.41 5.40 0.90 10.43 1.81 10.46 2.97 1.15 
5.89 2.21 1.11 4.79 6.83 3.74 2.82 1.69 1.73 3.43 4.68 5.23 6.31 5.95 8.25 9.13 3.86 8.25 5.82 1.84 4.63 3.33 7.71 6.59 3.53 2.05 7.90 7.05 3.33 4.40 4.74 3.60 2.43 6.73 1.33 4.06 2.32 4.39 0.68 7.38 3.74 7.67 3.91 5.19 8.42 3.56 6.47 6.94 6.02 6.77 
2.51 1.21 3.64 3.56 9.43 1.66 1.78 1.84 4.97 6.79 6.83 4.82 8.03 8.19 9.33 9.96 5.15 8.30 3.16 1.59 5.15 6.62 10.76 8.49 2.87 3.55 9.06 9.69 3.62 1.05 7.83 6.94 2.13 6.94 4.73 7.30 5.27 5.44 4.04 8.95 4.42 9.18 6.58 8.28 9.62 1.88 7.40 3.67 6.48 8.51 
9.99 7.75 5.49 6.18 2.24 9.64 6.67 7.67 7.01 5.33 1.86 4.94 0.54 1.01 2.54 3.56 10.20 4.51 8.40 7.25 3.73 4.86 4.59 0.07 9.93 8.55 2.18 2.48 9.85 8.85 3.80 5.18 8.72 3.77 6.34 4.56 7.79 10.77 6.59 1.11 4.11 1.41 2.98 3.84 2.44 9.62 2.29 10.37 3.31 0.41 
9.62 6.07 3.68 7.39 4.17 7.59 6.17 5.57 2.98 0.47 3.70 7.06 5.30 4.21 7.62 8.65 6.16 8.83 9.08 5.63 5.85 0.67 4.11 5.22 7.10 5.19 7.24 4.28 6.55 8.14 1.55 0.29 6.19 7.50 2.72 0.63 3.49 6.71 3.39 6.28 5.31 6.58 2.42 1.83 7.59 7.38 6.48 10.55 6.74 5.56 
12.11 8.86 6.28 9.08 2.16 10.56 8.52 8.47 6.21 3.70 4.02 8.26 4.70 3.38 6.71 7.69 9.40 8.75 11.11 8.38 6.91 3.58 0.89 4.28 10.24 8.38 6.39 2.02 9.76 10.70 2.10 3.48 9.24 7.80 5.86 2.83 6.73 9.94 6.46 5.25 6.76 5.48 3.48 1.64 6.51 10.39 6.41 12.85 7.17 4.67 
10.03 6.56 4.08 7.54 3.47 8.16 6.50 6.11 3.68 1.18 3.36 7.06 4.84 3.66 7.15 8.18 6.89 8.54 9.34 6.11 5.79 1.10 3.40 4.69 7.75 5.87 6.78 3.56 7.24 8.56 0.89 0.96 6.80 7.28 3.36 0.39 4.22 7.44 3.99 5.76 5.34 6.06 2.17 1.09 7.09 7.97 6.16 10.90 6.53 5.05 
6.41 5.08 3.90 2.43 5.64 6.85 3.58 5.30 6.28 6.02 3.11 1.17 3.27 4.09 4.02 4.63 8.75 3.30 4.64 4.68 0.34 5.55 7.74 3.84 7.57 6.84 3.78 5.92 7.84 5.47 5.59 6.00 6.38 1.79 5.58 5.77 7.06 9.26 5.39 3.92 1.21 4.08 3.96 5.92 4.34 6.94 2.11 6.64 1.17 3.70 
9.07 5.65 3.13 6.57 3.64 7.32 5.53 5.24 3.13 1.01 2.76 6.15 4.41 3.40 6.72 7.74 6.43 7.86 8.36 5.19 4.91 0.54 4.13 4.37 7.01 5.20 6.34 3.80 6.58 7.61 1.18 0.88 5.99 6.53 2.67 0.60 3.79 7.00 3.23 5.42 4.41 5.72 1.47 1.62 6.72 7.14 5.52 9.93 5.77 4.70 
1.65 3.77 5.41 2.56 10.25 4.17 2.92 4.42 7.36 8.70 7.53 3.98 8.21 8.79 8.83 9.20 7.92 7.10 0.56 3.91 4.98 8.41 12.01 8.76 5.55 6.27 8.65 10.53 6.37 1.86 9.27 8.80 4.90 6.06 6.96 8.98 7.81 8.19 6.33 8.90 4.67 9.05 7.76 9.71 9.19 4.48 7.03 1.67 5.90 8.66 
8.65 5.98 3.58 5.23 2.71 7.86 5.13 5.83 5.03 3.58 0.16 4.33 1.90 1.43 4.17 5.18 8.21 5.34 7.35 5.48 2.98 3.09 4.58 2.05 8.03 6.58 3.79 2.99 7.89 7.36 2.52 3.47 6.84 4.11 4.36 2.98 5.83 8.78 4.60 2.98 2.91 3.28 1.13 2.78 4.21 7.80 2.96 9.21 3.40 2.29 
6.42 2.76 2.43 6.00 7.71 3.66 3.88 2.10 1.26 3.71 5.81 6.54 7.51 7.01 9.53 10.43 2.56 9.59 6.75 2.60 5.97 3.79 8.25 7.74 2.94 1.02 9.17 7.90 2.40 4.98 5.36 3.91 2.20 8.07 1.52 4.53 1.35 3.11 1.09 8.59 5.09 8.88 4.87 5.78 9.68 3.38 7.78 7.59 7.36 7.94 
7.77 4.25 3.88 7.60 8.37 4.71 5.47 3.59 1.70 3.96 6.88 8.10 8.62 7.93 10.76 11.70 1.79 11.05 8.29 4.15 7.45 4.23 8.47 8.77 3.59 1.84 10.40 8.53 2.71 6.39 5.83 4.17 3.35 9.53 2.39 4.89 0.94 2.33 2.39 9.70 6.58 10.00 5.77 6.18 10.87 4.38 9.11 8.99 8.80 9.02 
3.30 2.93 3.66 0.98 8.20 4.24 1.42 3.46 5.90 6.87 5.49 2.34 6.24 6.76 7.10 7.62 7.23 5.78 1.91 2.80 3.04 6.53 9.97 6.78 5.32 5.37 6.89 8.48 5.90 2.41 7.28 6.95 4.32 4.50 5.38 7.06 6.49 7.62 4.85 7.00 2.63 7.18 5.73 7.71 7.44 4.43 5.22 3.71 4.17 6.70 
9.24 6.04 3.45 6.38 2.80 7.80 5.66 5.70 3.96 1.93 1.96 5.76 3.52 2.47 5.84 6.86 7.26 7.13 8.32 5.55 4.46 1.48 3.70 3.45 7.64 5.91 5.46 2.99 7.29 7.83 0.88 1.78 6.55 5.87 3.42 1.20 4.67 7.83 3.89 4.50 4.10 4.81 0.78 1.30 5.81 7.66 4.75 10.01 5.13 3.79 
4.25 2.23 2.20 1.97 7.11 3.99 0.77 2.54 4.50 5.41 4.43 2.66 5.50 5.77 6.81 7.49 6.23 6.04 3.33 1.88 2.64 5.08 8.71 5.98 4.74 4.31 6.53 7.39 5.11 2.96 5.92 5.49 3.58 4.58 3.95 5.63 5.14 6.68 3.46 6.41 1.88 6.63 4.45 6.36 7.09 4.07 4.88 4.94 4.03 5.98 
5.48 2.20 0.49 3.68 6.34 4.06 2.01 2.01 2.80 3.78 3.90 4.00 5.39 5.25 7.18 8.02 5.03 7.03 4.99 1.70 3.42 3.52 7.57 5.75 4.26 3.14 6.85 6.59 4.28 4.02 4.63 3.90 3.05 5.52 2.20 4.16 3.49 5.55 1.77 6.44 2.52 6.71 3.43 5.09 7.38 3.98 5.35 6.38 4.82 5.87 
3.26 1.37 2.73 2.47 8.20 2.89 0.42 1.91 4.62 6.02 5.55 3.57 6.68 6.91 7.96 8.61 5.67 7.04 2.92 1.27 3.79 5.76 9.68 7.15 3.82 3.83 7.69 8.47 4.35 1.86 6.80 6.13 2.77 5.63 4.20 6.39 5.11 6.06 3.58 7.59 3.06 7.81 5.44 7.25 8.26 3.02 6.04 4.15 5.14 7.17 
5.86 2.75 0.57 3.64 5.79 4.63 2.30 2.59 3.00 3.56 3.32 3.75 4.81 4.67 6.64 7.49 5.51 6.61 5.18 2.25 3.00 3.24 7.10 5.16 4.84 3.66 6.30 6.04 4.84 4.43 4.20 3.65 3.63 5.09 2.33 3.82 3.75 6.04 2.06 5.86 2.13 6.13 2.90 4.66 6.83 4.56 4.83 6.70 4.37 5.29 
6.45 2.74 1.49 5.38 6.74 4.11 3.44 2.16 1.11 3.02 4.78 5.75 6.47 5.99 8.51 9.42 3.59 8.66 6.43 2.41 5.06 2.99 7.44 6.71 3.70 1.96 8.15 6.95 3.33 4.96 4.50 3.20 2.71 7.15 0.79 3.74 1.74 4.14 0.10 7.56 4.19 7.85 3.87 4.94 8.65 3.89 6.78 7.53 6.42 6.91 
4.31 0.78 1.81 3.66 7.76 2.64 1.46 0.74 3.26 4.93 5.29 4.47 6.70 6.65 8.32 9.09 4.43 7.81 4.32 0.28 4.28 4.75 8.95 7.09 3.04 2.52 8.01 8.01 3.31 2.82 6.00 5.07 1.83 6.32 2.92 5.44 3.72 4.87 2.25 7.71 3.42 7.96 4.86 6.46 8.56 2.60 6.42 5.36 5.72 7.18 
1.66 2.10 4.52 3.80 10.23 1.84 2.45 2.70 5.84 7.69 7.60 5.18 8.70 8.95 9.86 10.43 5.73 8.62 2.83 2.49 5.70 7.52 11.63 9.19 3.25 4.28 9.61 10.50 4.13 0.50 8.70 7.84 2.80 7.34 5.62 8.19 6.11 5.95 4.93 9.59 5.05 9.80 7.42 9.16 10.17 2.17 7.94 2.89 6.95 9.19 
10.48 7.20 4.63 7.60 2.32 8.92 6.90 6.82 4.71 2.28 2.82 6.91 4.01 2.73 6.27 7.29 7.98 7.92 9.56 6.72 5.58 2.04 2.52 3.76 8.65 6.83 5.91 2.39 8.21 9.06 0.45 2.07 7.62 6.78 4.29 1.34 5.31 8.54 4.86 4.83 5.30 5.12 1.95 0.11 6.17 8.75 5.52 11.26 6.08 4.15 
5.12 1.45 1.36 4.29 7.34 3.09 2.18 0.98 2.43 4.18 5.02 4.91 6.56 6.34 8.35 9.18 3.96 8.10 5.13 1.07 4.50 4.05 8.36 6.89 3.10 2.04 8.02 7.58 3.11 3.63 5.39 4.34 1.91 6.59 2.10 4.76 2.92 4.46 1.42 7.61 3.61 7.88 4.40 5.85 8.56 2.95 6.51 6.18 5.93 7.03 
10.49 7.95 5.53 6.83 1.25 9.83 7.04 7.79 6.72 4.78 1.91 5.68 1.48 0.54 3.44 4.44 9.99 5.50 9.02 7.44 4.40 4.34 3.60 0.99 9.97 8.46 3.10 1.51 9.80 9.26 3.07 4.60 8.79 4.71 6.10 3.92 7.47 10.56 6.44 1.97 4.62 2.24 2.66 3.03 3.28 9.77 3.25 10.96 4.19 1.37 
7.73 6.60 5.24 3.68 5.36 8.36 5.09 6.80 7.52 6.84 3.34 2.23 2.66 3.85 2.62 3.13 10.17 1.99 5.79 6.20 1.77 6.35 7.65 3.23 9.08 8.28 2.45 5.63 9.33 6.90 6.01 6.78 7.88 0.63 6.80 6.41 8.32 10.69 6.70 2.91 2.66 2.98 4.51 6.25 2.98 8.45 0.95 7.81 0.35 2.96 
7.88 4.30 1.99 5.95 5.09 5.86 4.48 3.81 1.68 1.33 3.57 5.88 5.32 4.57 7.54 8.52 4.98 8.22 7.46 3.87 4.84 1.21 5.65 5.43 5.48 3.66 7.16 5.27 5.04 6.39 2.72 1.48 4.49 6.76 1.13 1.95 2.43 5.55 1.70 6.39 4.12 6.70 2.41 3.15 7.61 5.66 6.04 8.84 5.99 5.69 
10.26 7.91 5.59 6.49 1.87 9.81 6.89 7.81 6.99 5.20 1.93 5.27 0.91 0.81 2.82 3.83 10.22 4.87 8.70 7.42 4.04 4.75 4.22 0.36 10.04 8.61 2.47 2.11 9.93 9.09 3.59 5.04 8.84 4.15 6.34 4.39 7.77 10.79 6.62 1.35 4.38 1.63 2.93 3.60 2.68 9.77 2.67 10.67 3.68 0.73 
9.33 7.65 5.76 5.33 3.83 9.51 6.33 7.71 7.69 6.42 2.67 3.93 1.17 2.50 1.40 2.36 10.69 2.91 7.51 7.19 3.01 5.93 6.19 1.61 10.02 8.90 1.04 4.07 10.10 8.35 5.14 6.31 8.80 2.32 6.98 5.77 8.50 11.24 7.07 1.08 3.68 1.17 3.97 5.27 1.57 9.54 0.89 9.52 2.06 1.25 
7.49 5.57 3.76 3.68 4.27 7.44 4.29 5.63 5.89 5.12 1.79 2.54 2.03 2.73 3.42 4.26 8.72 3.70 5.89 5.11 1.24 4.62 6.39 2.58 7.94 6.89 3.10 4.56 8.04 6.40 4.39 5.06 6.72 2.31 5.17 4.71 6.69 9.26 5.15 2.88 1.66 3.11 2.82 4.68 3.65 7.46 1.61 7.85 1.55 2.51 
7.87 5.56 3.44 4.26 3.61 7.46 4.48 5.52 5.35 4.34 0.98 3.27 1.85 2.12 3.75 4.69 8.34 4.45 6.43 5.07 1.92 3.84 5.63 2.27 7.81 6.57 3.39 3.90 7.81 6.67 3.55 4.27 6.59 3.12 4.63 3.89 6.16 8.89 4.72 2.88 2.01 3.16 1.99 3.84 3.90 7.44 2.18 8.34 2.38 2.33 
5.72 2.86 4.12 6.69 9.79 2.44 4.46 2.41 3.30 5.80 7.74 7.59 9.37 9.01 11.23 12.07 1.59 10.92 6.74 3.07 7.35 5.91 10.36 9.66 1.13 1.10 10.90 10.00 0.28 4.53 7.48 6.01 1.49 9.43 3.64 6.65 3.00 1.86 3.13 10.43 6.46 10.71 6.91 7.90 11.43 2.08 9.39 7.00 8.79 9.83 
9.56 7.88 5.97 5.56 3.78 9.74 6.56 7.93 7.87 6.54 2.80 4.16 1.20 2.52 1.22 2.21 10.89 2.97 7.74 7.42 3.25 6.05 6.14 1.56 10.24 9.11 0.85 4.01 10.31 8.59 5.21 6.42 9.02 2.49 7.16 5.87 8.67 11.44 7.27 0.89 3.92 0.95 4.09 5.32 1.35 9.78 1.11 9.75 2.28 1.19 
7.56 6.28 4.88 3.53 5.16 8.07 4.81 6.47 7.14 6.48 3.03 2.10 2.52 3.63 2.80 3.40 9.81 2.36 5.68 5.87 1.45 5.99 7.43 3.10 8.76 7.93 2.59 5.44 8.98 6.68 5.69 6.42 7.56 0.95 6.42 6.06 7.94 10.33 6.33 2.91 2.32 3.01 4.17 5.95 3.14 8.15 0.96 7.69 0.25 2.86 
6.13 4.71 3.57 2.22 5.72 6.48 3.22 4.92 5.97 5.81 3.11 1.14 3.46 4.19 4.36 4.99 8.39 3.66 4.43 4.31 0.23 5.35 7.76 4.03 7.20 6.48 4.11 6.00 7.47 5.15 5.49 5.81 6.00 2.16 5.27 5.62 6.74 8.89 5.06 4.18 0.87 4.35 3.85 5.84 4.67 6.57 2.44 6.41 1.54 3.91 
11.26 8.89 6.52 7.46 1.67 10.78 7.89 8.76 7.76 5.78 2.86 6.21 1.80 1.55 3.01 3.92 11.03 5.40 9.68 8.39 5.01 5.36 3.89 1.22 10.97 9.49 2.74 1.80 10.82 10.09 4.01 5.60 9.78 4.90 7.14 4.90 8.51 11.60 7.47 1.64 5.37 1.79 3.70 3.91 2.75 10.73 3.43 11.65 4.52 1.41 
5.64 1.92 1.64 4.98 7.41 3.25 2.87 1.31 1.83 3.87 5.26 5.55 6.88 6.54 8.78 9.64 3.38 8.68 5.79 1.66 5.06 3.82 8.24 7.17 2.95 1.51 8.44 7.63 2.75 4.16 5.28 4.05 1.89 7.16 1.66 4.56 2.25 3.90 0.96 7.95 4.17 8.23 4.49 5.72 8.96 3.05 6.98 6.76 6.48 7.33 
10.64 8.49 6.25 6.77 2.36 10.38 7.38 8.42 7.74 5.97 2.61 5.46 1.12 1.58 2.22 3.19 10.95 4.53 8.98 8.00 4.33 5.52 4.68 0.69 10.68 9.31 1.91 2.54 10.61 9.53 4.34 5.81 9.48 4.04 7.08 5.16 8.52 11.51 7.34 0.78 4.79 0.98 3.68 4.32 2.01 10.36 2.58 10.97 3.70 0.64 
6.57 3.64 4.55 7.43 9.94 3.27 5.20 3.12 3.24 5.74 8.06 8.27 9.73 9.27 11.69 12.56 0.75 11.53 7.57 3.79 7.93 5.91 10.31 9.99 1.89 1.41 11.35 10.12 0.91 5.38 7.51 5.95 2.30 10.02 3.72 6.63 2.75 1.06 3.34 10.81 7.04 11.10 7.13 7.91 11.86 2.91 9.89 7.84 9.36 10.18 
9.22 5.83 3.29 6.67 3.48 7.50 5.68 5.41 3.31 1.11 2.72 6.22 4.33 3.29 6.65 7.67 6.60 7.85 8.49 5.36 4.97 0.68 3.95 4.28 7.20 5.38 6.27 3.63 6.77 7.77 1.00 0.95 6.18 6.54 2.85 0.50 3.96 7.17 3.41 5.33 4.49 5.64 1.44 1.44 6.64 7.32 5.50 10.07 5.78 4.61 
9.95 7.87 5.71 6.06 2.70 9.77 6.72 7.84 7.36 5.77 2.18 4.75 0.47 1.51 2.03 3.06 10.51 4.04 8.27 7.39 3.62 5.30 5.06 0.50 10.12 8.82 1.67 2.94 10.09 8.85 4.29 5.63 8.90 3.40 6.68 5.02 8.15 11.07 6.88 0.66 4.11 0.96 3.38 4.35 1.96 9.76 1.92 10.26 3.01 0.11 
8.06 4.74 2.16 5.55 4.07 6.48 4.51 4.38 2.83 1.66 2.40 5.21 4.15 3.41 6.39 7.38 6.09 7.21 7.32 4.26 4.04 1.20 4.98 4.25 6.32 4.63 6.01 4.27 6.00 6.62 2.03 1.65 5.23 5.81 2.21 1.63 3.61 6.66 2.60 5.22 3.45 5.52 1.24 2.48 6.44 6.33 4.96 8.90 5.03 4.52 
7.66 6.21 4.67 3.65 4.84 8.02 4.78 6.36 6.89 6.16 2.68 2.26 2.22 3.30 2.78 3.47 9.63 2.65 5.84 5.78 1.40 5.67 7.09 2.81 8.66 7.76 2.53 5.11 8.85 6.72 5.34 6.10 7.45 1.29 6.17 5.73 7.70 10.15 6.11 2.71 2.21 2.84 3.83 5.60 3.09 8.09 0.86 7.84 0.59 2.60 
8.18 7.48 6.32 4.19 6.16 9.17 5.92 7.74 8.63 7.97 4.41 2.78 3.44 4.73 2.52 2.64 11.21 0.86 6.11 7.11 2.77 7.47 8.50 3.95 9.99 9.31 2.52 6.41 10.30 7.53 7.07 7.90 8.81 0.68 7.92 7.51 9.43 11.72 7.80 3.35 3.67 3.31 5.61 7.28 2.94 9.30 1.69 8.08 1.39 3.62 
4.92 1.74 3.22 5.56 9.11 1.88 3.33 1.28 3.07 5.44 6.89 6.47 8.45 8.20 10.23 11.04 2.60 9.82 5.71 1.95 6.28 5.45 9.90 8.78 1.26 1.04 9.90 9.33 1.29 3.61 6.95 5.63 0.48 8.33 3.19 6.19 3.06 2.95 2.55 9.50 5.40 9.77 6.18 7.39 10.44 1.57 8.36 6.17 7.71 8.92 
4.46 3.58 3.46 0.72 7.20 5.16 1.96 3.98 5.87 6.40 4.50 1.28 5.11 5.72 5.94 6.48 7.70 4.76 2.83 3.31 1.89 6.01 9.09 5.66 6.09 5.78 5.72 7.49 6.54 3.55 6.54 6.45 4.97 3.40 5.26 6.44 6.55 8.15 4.84 5.85 1.63 6.02 4.93 6.94 6.28 5.30 4.06 4.77 3.02 5.57 
3.73 4.99 5.74 1.72 9.40 5.93 3.58 5.57 8.05 8.83 6.77 2.62 7.03 7.87 7.20 7.43 9.31 5.18 1.53 4.93 3.91 8.44 11.42 7.61 7.20 7.49 7.08 9.69 7.89 3.70 8.96 8.88 6.33 4.36 7.50 8.88 8.65 9.67 7.00 7.53 3.99 7.63 7.34 9.35 7.59 6.20 5.58 3.34 4.41 7.43 
1.99 4.76 6.40 3.18 11.02 5.00 3.91 5.42 8.37 9.68 8.31 4.49 8.84 9.53 9.24 9.52 8.85 7.29 0.99 4.92 5.63 9.37 12.86 9.41 6.42 7.25 9.11 11.30 7.27 2.73 10.17 9.77 5.85 6.42 7.96 9.92 8.82 9.10 7.34 9.46 5.43 9.59 8.63 10.60 9.63 5.34 7.54 1.25 6.38 9.28 
4.78 1.59 1.17 3.31 6.97 3.48 1.38 1.54 3.20 4.45 4.45 3.88 5.85 5.81 7.50 8.29 4.98 7.11 4.40 1.09 3.53 4.21 8.25 6.24 3.86 3.06 7.18 7.22 4.03 3.32 5.33 4.57 2.63 5.61 2.70 4.85 3.81 5.47 2.15 6.86 2.64 7.12 4.09 5.78 7.73 3.45 5.62 5.71 4.96 6.33 
3.88 0.82 2.10 3.16 7.89 2.68 0.93 1.16 3.80 5.33 5.33 4.06 6.64 6.70 8.13 8.86 4.93 7.46 3.76 0.49 4.02 5.12 9.21 7.06 3.32 3.04 7.84 8.15 3.71 2.39 6.28 5.47 2.16 6.00 3.41 5.78 4.28 5.35 2.77 7.61 3.19 7.85 5.03 6.74 8.39 2.71 6.22 4.87 5.43 7.12 
7.62 6.56 5.27 3.57 5.52 8.31 5.04 6.77 7.56 6.94 3.47 2.11 2.82 4.00 2.74 3.21 10.18 1.93 5.66 6.16 1.76 6.44 7.81 3.40 9.05 8.28 2.58 5.78 9.31 6.81 6.13 6.88 7.86 0.50 6.85 6.52 8.36 10.69 6.73 3.07 2.65 3.13 4.62 6.38 3.11 8.41 1.11 7.68 0.33 3.12 
2.93 1.26 3.84 4.39 9.79 0.83 2.46 1.68 4.74 6.80 7.27 5.61 8.58 8.63 10.00 10.67 4.45 9.09 3.94 1.76 5.83 6.68 10.97 9.01 2.05 3.02 9.72 10.04 2.87 1.68 8.00 6.96 1.52 7.69 4.62 7.40 4.92 4.69 3.92 9.54 5.06 9.78 6.89 8.46 10.28 1.04 8.07 4.18 7.20 9.07 
4.06 3.52 3.70 0.39 7.64 4.98 1.90 3.97 6.08 6.74 4.94 1.52 5.54 6.15 6.30 6.80 7.74 4.98 2.39 3.30 2.31 6.36 9.52 6.09 5.99 5.83 6.09 7.92 6.50 3.23 6.94 6.80 4.92 3.68 5.49 6.82 6.73 8.16 5.04 6.26 2.06 6.42 5.34 7.35 6.65 5.15 4.44 4.34 3.36 5.99 
0.60 4.25 6.39 4.10 11.63 3.91 3.96 4.89 8.00 9.67 8.92 5.54 9.70 10.22 10.39 10.77 7.92 8.64 2.05 4.55 6.49 9.43 13.28 10.25 5.35 6.52 10.21 11.91 6.28 2.01 10.45 9.79 5.03 7.63 7.72 10.06 8.32 8.09 7.05 10.43 6.10 10.59 9.01 10.90 10.76 4.27 8.58 0.68 7.46 10.17 
1.48 3.60 5.33 2.64 10.26 3.96 2.83 4.26 7.23 8.62 7.54 4.09 8.26 8.82 8.93 9.33 7.73 7.25 0.76 3.77 5.04 8.34 11.99 8.81 5.34 6.09 8.75 10.54 6.17 1.65 9.23 8.73 4.71 6.18 6.84 8.92 7.66 8.00 6.21 8.98 4.69 9.13 7.73 9.67 9.30 4.28 7.12 1.65 6.00 8.72 
4.54 1.84 3.74 5.65 9.68 1.33 3.47 1.59 3.70 6.07 7.41 6.67 8.93 8.73 10.63 11.41 2.80 10.08 5.55 2.18 6.60 6.08 10.52 9.28 0.73 1.59 10.31 9.91 1.23 3.33 7.57 6.27 0.49 8.62 3.82 6.82 3.66 3.05 3.18 9.96 5.74 10.23 6.75 8.01 10.86 0.99 8.74 5.81 8.03 9.40 
0.99 2.98 5.41 4.26 11.07 2.33 3.26 3.57 6.70 8.59 8.41 5.70 9.45 9.76 10.48 10.99 6.34 9.07 2.82 3.39 6.36 8.41 12.51 9.95 3.76 5.04 10.25 11.34 4.71 1.03 9.59 8.74 3.53 7.86 6.50 9.09 6.93 6.50 5.81 10.30 5.78 10.49 8.29 10.05 10.81 2.69 8.58 2.27 7.55 9.93 
7.50 5.63 3.86 3.66 4.33 7.50 4.34 5.71 6.00 5.24 1.89 2.48 2.03 2.78 3.34 4.17 8.82 3.58 5.87 5.17 1.21 4.74 6.47 2.59 8.02 6.98 3.02 4.61 8.13 6.43 4.50 5.18 6.80 2.19 5.28 4.83 6.81 9.36 5.26 2.85 1.69 3.06 2.94 4.79 3.57 7.53 1.50 7.84 1.43 2.50 
11.84 8.83 6.25 8.52 0.93 10.63 8.26 8.52 6.66 4.25 3.33 7.54 3.62 2.37 5.50 6.45 9.94 7.65 10.64 8.33 6.20 3.99 1.45 3.14 10.48 8.72 5.19 0.75 10.10 10.48 2.38 4.04 9.40 6.83 6.19 3.31 7.28 10.50 6.72 4.04 6.20 4.26 3.21 2.03 5.28 10.50 5.38 12.47 6.25 3.51 
3.15 4.53 5.51 1.69 9.53 5.39 3.21 5.13 7.75 8.67 6.86 2.86 7.25 8.02 7.58 7.87 8.85 5.67 0.96 4.52 4.07 8.31 11.48 7.83 6.68 7.05 7.45 9.82 7.40 3.13 8.93 8.74 5.84 4.76 7.23 8.79 8.31 9.19 6.69 7.83 4.02 7.94 7.33 9.34 7.97 5.66 5.89 2.86 4.73 7.68 
12.91 9.72 7.14 9.75 2.27 11.44 9.32 9.35 7.12 4.61 4.60 8.84 4.98 3.73 6.79 7.71 10.30 9.01 11.83 9.23 7.49 4.49 0.11 4.49 11.15 9.29 6.49 2.04 10.67 11.51 2.98 4.40 10.14 8.19 6.77 3.74 7.64 10.85 7.37 5.35 7.42 5.56 4.24 2.53 6.54 11.28 6.74 13.61 7.60 4.86 
9.53 6.50 3.93 6.39 2.11 8.32 5.94 6.22 4.70 2.70 1.48 5.61 2.83 1.70 5.14 6.17 8.00 6.62 8.44 6.00 4.27 2.26 3.43 2.71 8.25 6.59 4.77 2.33 7.96 8.16 1.22 2.54 7.13 5.44 4.13 1.89 5.43 8.57 4.56 3.77 4.07 4.07 0.87 1.44 5.09 8.20 4.22 10.21 4.74 3.06 
2.11 1.97 3.87 2.62 9.28 2.70 1.48 2.63 5.62 7.15 6.60 3.99 7.60 7.94 8.68 9.24 6.18 7.44 2.12 2.15 4.53 6.91 10.81 8.10 3.95 4.49 8.44 9.55 4.69 0.82 7.95 7.28 3.16 6.14 5.27 7.54 6.03 6.49 4.61 8.45 3.93 8.65 6.56 8.40 9.00 2.96 6.77 3.02 5.77 8.08 
1.20 3.63 5.47 2.93 10.50 3.84 2.98 4.28 7.30 8.76 7.78 4.37 8.52 9.06 9.22 9.62 7.67 7.53 1.01 3.83 5.31 8.49 12.20 9.07 5.24 6.08 9.04 10.78 6.10 1.55 9.42 8.87 4.67 6.47 6.94 9.09 7.71 7.92 6.29 9.25 4.94 9.41 7.94 9.86 9.58 4.17 7.40 1.44 6.28 8.99 
9.16 5.87 3.29 6.43 3.13 7.60 5.58 5.50 3.63 1.57 2.25 5.89 3.86 2.83 6.18 7.20 6.93 7.41 8.32 5.38 4.61 1.11 3.85 3.81 7.38 5.62 5.80 3.30 7.00 7.73 0.91 1.42 6.32 6.12 3.11 0.90 4.32 7.50 3.61 4.86 4.19 5.16 1.00 1.36 6.16 7.44 5.04 9.96 5.37 4.14 
6.35 6.40 5.98 2.65 7.64 7.86 4.77 6.81 8.43 8.39 5.36 1.69 4.98 6.10 4.59 4.70 10.52 2.42 4.19 6.14 2.69 7.92 9.88 5.56 8.89 8.59 4.54 7.91 9.37 5.93 7.93 8.37 7.80 1.83 7.76 8.15 9.17 10.97 7.46 5.21 3.37 5.23 6.32 8.24 5.00 8.05 3.28 6.10 2.22 5.29 
