5.68 7.44 8.31 6.62 1.53 5.71 8.06 1.53 9.99 7.48 4.75 5.21 7.60 7.62 1.54 7.30 7.56 6.05 9.57 11.05 
6.92 1.68 5.07 1.93 5.90 5.88 5.03 5.22 5.63 2.07 5.33 2.42 7.78 3.14 5.91 7.97 2.02 2.43 9.04 6.04 
4.38 6.87 6.94 6.18 0.16 4.33 6.68 1.42 8.65 6.99 3.35 4.84 6.28 6.38 2.27 6.00 7.05 5.72 8.24 9.75 
3.67 10.63 4.34 10.67 7.85 3.82 4.22 9.05 5.49 11.00 4.84 10.18 1.73 6.17 10.14 2.12 10.96 10.81 0.26 6.67 
3.96 9.58 3.01 9.73 7.85 3.66 2.95 8.84 3.98 9.97 4.65 9.41 2.25 4.94 9.96 2.82 9.92 9.95 1.45 5.14 
3.19 7.46 1.34 7.58 6.24 2.32 1.12 7.01 3.07 7.85 3.07 7.27 2.56 2.96 8.14 3.01 7.80 7.80 3.29 4.38 
7.59 8.24 3.36 8.84 10.13 6.68 3.64 10.48 1.58 8.66 7.25 9.24 6.59 4.18 11.54 7.14 8.55 9.38 6.11 1.03 
1.88 6.68 3.17 6.50 3.86 0.82 2.89 4.73 5.01 7.00 0.73 5.80 2.95 3.46 5.86 3.00 7.00 6.51 4.68 6.25 
7.26 7.35 2.89 7.96 9.50 6.28 3.18 9.76 1.03 7.77 6.75 8.38 6.47 3.40 10.80 7.00 7.66 8.50 6.25 0.33 
8.41 8.38 4.11 9.05 10.80 7.47 4.39 11.06 2.26 8.79 8.00 9.57 7.44 4.68 12.09 8.00 8.67 9.64 6.94 1.20 
2.27 10.58 5.33 10.42 6.34 3.09 5.12 7.74 6.93 10.91 3.90 9.64 1.45 6.73 8.75 1.02 10.90 10.39 2.56 8.21 
1.39 7.18 3.37 6.99 3.94 0.35 3.09 4.95 5.24 7.50 0.73 6.25 2.54 3.88 6.07 2.53 7.49 6.97 4.35 6.50 
2.47 8.35 6.26 7.84 2.21 2.98 5.97 3.75 8.11 8.56 2.39 6.67 4.39 6.40 4.62 3.99 8.60 7.54 6.35 9.35 
5.28 3.32 4.72 2.98 3.95 4.36 4.57 3.47 5.89 3.57 3.62 2.32 6.46 3.23 4.35 6.54 3.59 2.97 8.01 6.68 
4.98 5.64 6.68 4.91 1.37 4.63 6.45 0.67 8.25 5.74 3.61 3.56 6.76 5.77 1.79 6.58 5.81 4.45 8.66 9.24 
6.29 2.72 3.98 3.07 6.00 5.19 3.96 5.60 4.51 3.13 4.80 3.40 6.93 2.02 6.44 7.17 3.07 3.54 8.06 4.98 
0.73 8.52 3.84 8.35 4.82 1.03 3.58 6.04 5.64 8.85 1.92 7.61 1.31 4.88 7.12 1.18 8.84 8.34 3.27 6.95 
3.50 8.96 2.50 9.09 7.25 3.07 2.40 8.21 3.72 9.36 4.04 8.76 2.00 4.38 9.33 2.57 9.31 9.31 1.86 4.95 
7.53 3.84 3.97 4.57 8.01 6.38 4.09 7.72 3.53 4.25 6.29 5.31 7.66 2.34 8.56 8.04 4.13 5.21 8.33 3.46 
5.73 3.01 3.82 3.16 5.38 4.65 3.75 5.04 4.61 3.39 4.21 3.21 6.48 1.97 5.92 6.69 3.35 3.51 7.72 5.24 
3.78 6.56 0.67 6.75 6.19 2.74 0.40 6.75 2.53 6.96 3.22 6.56 3.48 1.98 7.86 3.90 6.91 7.02 4.24 3.80 
10.31 2.02 8.72 2.05 8.12 9.36 8.70 6.86 9.02 1.62 8.65 3.21 11.38 6.75 6.97 11.51 1.68 2.33 12.72 9.13 
4.07 6.41 0.48 6.63 6.36 3.02 0.29 6.87 2.28 6.82 3.46 6.51 3.77 1.76 7.97 4.19 6.75 6.94 4.46 3.53 
1.47 7.04 3.65 6.80 3.56 0.68 3.37 4.59 5.51 7.35 0.35 6.00 2.85 3.99 5.70 2.80 7.35 6.75 4.70 6.76 
3.74 4.82 3.99 4.52 3.20 2.85 3.77 3.39 5.52 5.10 2.08 3.75 5.00 3.12 4.47 5.04 5.11 4.47 6.66 6.54 
6.92 2.87 4.05 3.45 6.89 5.80 4.09 6.49 4.19 3.29 5.52 4.06 7.37 2.10 7.31 7.67 3.19 4.04 8.32 4.45 
2.37 6.15 3.65 5.89 3.20 1.52 3.38 3.97 5.43 6.45 0.73 5.09 3.71 3.52 5.09 3.70 6.45 5.83 5.47 6.61 
7.25 8.70 3.23 9.24 10.07 6.42 3.49 10.53 1.72 9.12 7.07 9.54 6.10 4.40 11.60 6.67 9.02 9.74 5.46 1.69 
7.02 7.13 9.19 6.22 2.80 6.92 8.95 1.84 10.74 7.08 5.91 4.81 8.92 8.22 0.84 8.65 7.19 5.55 10.87 11.71 
2.59 9.00 2.98 9.03 6.54 2.37 2.80 7.61 4.47 9.37 3.38 8.54 1.05 4.64 8.72 1.62 9.34 9.16 1.78 5.75 
6.17 3.04 3.67 3.41 6.12 5.05 3.66 5.80 4.16 3.45 4.73 3.73 6.73 1.70 6.66 6.99 3.38 3.88 7.80 4.65 
5.51 7.41 8.16 6.61 1.37 5.55 7.91 1.50 9.85 7.46 4.59 5.20 7.44 7.50 1.63 7.13 7.54 6.05 9.41 10.92 
0.88 7.99 4.66 7.66 3.35 1.29 4.38 4.66 6.52 8.27 1.15 6.73 2.79 5.14 5.70 2.51 8.28 7.53 4.76 7.80 
7.65 1.65 6.74 0.79 5.45 6.76 6.65 4.32 7.51 1.64 5.98 0.67 8.87 4.92 4.69 8.95 1.73 0.58 10.37 7.98 
9.59 2.01 8.47 1.49 7.11 8.71 8.41 5.79 9.00 1.62 7.92 2.25 10.80 6.55 5.84 10.89 1.74 1.41 12.26 9.27 
4.99 6.45 7.21 5.70 0.86 4.84 6.96 0.72 8.85 6.53 3.83 4.32 6.86 6.46 1.59 6.62 6.61 5.19 8.81 9.89 
2.62 7.67 5.96 7.14 1.68 2.85 5.68 3.17 7.79 7.87 2.06 5.97 4.55 5.92 4.10 4.23 7.91 6.85 6.53 9.00 
6.81 7.39 9.15 6.50 2.60 6.76 8.91 1.86 10.75 7.36 5.77 5.07 8.72 8.27 1.05 8.43 7.46 5.85 10.68 11.74 
2.82 5.71 3.71 5.44 3.14 1.95 3.46 3.73 5.42 6.01 1.17 4.65 4.12 3.33 4.85 4.13 6.01 5.39 5.85 6.55 
9.74 1.71 8.35 1.49 7.49 8.82 8.31 6.22 8.76 1.28 8.08 2.58 10.87 6.40 6.34 10.98 1.39 1.69 12.26 8.96 
9.42 0.96 7.36 1.73 7.86 8.39 7.36 6.82 7.51 0.86 7.80 3.15 10.29 5.38 7.18 10.49 0.77 2.41 11.49 7.56 
2.06 7.38 2.34 7.35 5.14 1.11 2.06 6.04 4.18 7.74 1.93 6.82 2.08 3.37 7.17 2.35 7.71 7.45 3.51 5.48 
4.93 7.91 1.31 8.24 7.93 4.11 1.48 8.56 1.71 8.33 4.82 8.22 3.89 3.19 9.67 4.44 8.25 8.60 3.73 2.93 
5.28 3.39 4.91 2.99 3.76 4.40 4.75 3.24 6.11 3.63 3.62 2.22 6.53 3.45 4.11 6.58 3.65 2.92 8.11 6.90 
6.78 6.18 8.53 5.28 2.66 6.53 8.31 1.28 10.02 6.14 5.51 3.86 8.62 7.44 0.27 8.41 6.25 4.62 10.54 10.93 
1.27 9.78 5.31 9.52 5.05 2.36 5.05 6.48 7.08 10.09 2.92 8.64 1.88 6.36 7.47 1.33 10.09 9.43 3.62 8.38 
3.18 9.46 3.16 9.53 7.18 3.00 3.03 8.25 4.45 9.84 4.02 9.10 1.43 4.97 9.36 1.99 9.79 9.69 1.27 5.68 
5.83 4.47 6.70 3.68 2.65 5.27 6.50 1.45 8.07 4.52 4.28 2.30 7.46 5.45 2.10 7.37 4.60 3.18 9.27 8.93 
8.43 1.94 7.63 1.00 5.91 7.58 7.54 4.62 8.37 1.72 6.76 1.04 9.70 5.79 4.78 9.77 1.85 0.33 11.24 8.79 
4.92 3.69 3.50 3.68 4.71 3.86 3.38 4.55 4.61 4.04 3.38 3.42 5.76 1.95 5.52 5.94 4.01 3.89 7.11 5.42 
7.35 7.14 2.97 7.76 9.48 6.35 3.25 9.70 1.14 7.56 6.78 8.23 6.62 3.30 10.72 7.15 7.45 8.32 6.47 0.19 
2.57 6.11 2.68 6.00 4.17 1.45 2.41 4.84 4.47 6.45 1.35 5.41 3.38 2.75 5.96 3.52 6.43 6.06 4.93 5.66 
7.35 4.74 8.22 3.80 3.68 6.85 8.04 2.13 9.49 4.65 5.85 2.43 9.04 6.83 1.84 8.92 4.76 3.09 10.86 10.26 
4.64 3.91 3.53 3.83 4.39 3.60 3.38 4.30 4.75 4.25 3.07 3.45 5.56 2.13 5.29 5.71 4.23 3.98 6.97 5.62 
4.92 7.64 7.82 6.89 1.00 5.04 7.55 1.84 9.55 7.73 4.11 5.51 6.85 7.31 2.25 6.52 7.80 6.39 8.82 10.66 
5.79 2.80 4.99 2.47 4.35 4.86 4.87 3.72 6.03 3.05 4.14 1.94 6.94 3.35 4.50 7.03 3.07 2.50 8.44 6.72 
5.62 7.96 1.71 8.37 8.50 4.78 1.94 9.06 1.22 8.39 5.45 8.46 4.58 3.32 10.16 5.13 8.30 8.78 4.28 2.31 
0.98 8.43 3.58 8.29 4.97 1.00 3.32 6.15 5.38 8.77 1.97 7.59 1.21 4.68 7.24 1.20 8.75 8.31 3.12 6.69 
3.74 10.59 4.26 10.65 7.92 3.86 4.15 9.10 5.38 10.97 4.88 10.18 1.81 6.11 10.20 2.21 10.93 10.80 0.17 6.55 
2.10 6.78 4.58 6.39 2.44 1.76 4.30 3.52 6.39 7.03 0.77 5.41 3.84 4.53 4.61 3.67 7.05 6.23 5.75 7.59 
1.09 8.18 3.37 8.05 4.90 0.81 3.10 6.03 5.18 8.52 1.82 7.37 1.39 4.42 7.13 1.44 8.50 8.08 3.24 6.49 
5.45 5.78 1.30 6.20 7.24 4.36 1.49 7.48 1.48 6.20 4.64 6.38 5.16 1.20 8.52 5.60 6.12 6.64 5.64 2.43 
5.10 7.08 7.66 6.31 0.89 5.08 7.40 1.23 9.34 7.15 4.10 4.92 7.01 7.00 1.72 6.72 7.23 5.79 8.97 10.41 
2.37 10.27 4.67 10.17 6.59 2.91 4.47 7.90 6.19 10.62 3.84 9.50 0.84 6.20 8.95 0.75 10.59 10.21 1.82 7.46 
3.00 7.26 1.42 7.35 5.94 2.07 1.17 6.71 3.23 7.64 2.79 7.01 2.56 2.85 7.83 2.97 7.60 7.56 3.47 4.54 
3.66 6.86 0.73 7.04 6.28 2.67 0.46 6.91 2.58 7.26 3.24 6.82 3.24 2.27 8.02 3.68 7.20 7.30 3.95 3.87 
2.60 6.21 2.42 6.14 4.44 1.46 2.15 5.11 4.23 6.56 1.53 5.60 3.24 2.64 6.23 3.42 6.54 6.23 4.73 5.45 
5.09 5.39 1.37 5.74 6.65 3.97 1.44 6.88 2.07 5.81 4.15 5.84 5.01 0.67 7.92 5.40 5.73 6.14 5.70 3.02 
7.25 4.15 3.58 4.83 7.93 6.11 3.72 7.71 3.13 4.56 6.06 5.49 7.32 2.04 8.60 7.70 4.45 5.45 7.94 3.12 
3.63 7.01 0.78 7.19 6.35 2.67 0.54 7.01 2.60 7.41 3.28 6.97 3.13 2.42 8.12 3.58 7.36 7.45 3.80 3.90 
2.27 6.24 3.45 6.01 3.43 1.35 3.18 4.20 5.24 6.54 0.71 5.25 3.52 3.41 5.33 3.53 6.54 5.98 5.26 6.43 
8.83 1.40 7.67 0.69 6.55 7.93 7.60 5.32 8.24 1.09 7.17 1.64 10.00 5.76 5.51 10.10 1.22 0.75 11.45 8.55 
5.28 3.50 3.39 3.62 5.21 4.19 3.31 5.02 4.31 3.88 3.79 3.56 5.99 1.64 5.96 6.21 3.84 3.92 7.23 5.04 
4.03 5.80 5.84 5.19 1.25 3.66 5.60 1.61 7.49 5.96 2.63 3.96 5.78 5.13 2.74 5.62 6.01 4.84 7.68 8.54 
3.30 11.31 5.56 11.22 7.44 3.94 5.38 8.81 6.95 11.66 4.84 10.53 1.86 7.18 9.84 1.75 11.64 11.25 1.87 8.18 
1.98 10.17 4.89 10.02 6.14 2.70 4.67 7.50 6.50 10.51 3.56 9.28 1.02 6.28 8.53 0.57 10.49 10.02 2.39 7.79 
10.55 2.31 9.01 2.29 8.28 9.61 8.99 6.98 9.32 1.90 8.89 3.38 11.64 7.05 7.04 11.77 1.97 2.49 12.99 9.42 
7.74 3.29 4.41 4.05 7.91 6.60 4.52 7.50 4.10 3.69 6.42 4.88 8.01 2.64 8.30 8.35 3.57 4.72 8.77 4.05 
3.46 9.29 2.87 9.41 7.35 3.16 2.76 8.36 4.06 9.68 4.15 9.04 1.81 4.73 9.48 2.38 9.63 9.60 1.49 5.28 
3.69 11.47 5.50 11.42 7.88 4.22 5.34 9.22 6.78 11.83 5.17 10.79 2.05 7.21 10.26 2.08 11.80 11.48 1.48 7.98 
7.70 3.14 7.65 2.19 4.70 6.99 7.52 3.31 8.67 3.03 6.07 0.94 9.17 6.00 3.39 9.15 3.14 1.47 10.85 9.28 
6.99 4.65 3.13 5.29 7.98 5.86 3.29 7.87 2.57 5.07 5.91 5.86 6.94 1.83 8.79 7.35 4.96 5.88 7.47 2.61 
6.11 8.24 2.19 8.69 9.01 5.28 2.44 9.54 1.27 8.67 5.96 8.85 5.00 3.68 10.64 5.56 8.58 9.13 4.54 2.08 
4.16 7.72 7.25 7.04 0.80 4.34 6.98 2.23 9.03 7.85 3.46 5.71 6.09 6.90 2.88 5.75 7.91 6.60 8.07 10.18 
0.88 7.75 3.58 7.56 4.22 0.27 3.30 5.34 5.44 8.07 1.14 6.81 2.04 4.32 6.44 1.98 8.07 7.54 3.92 6.73 
0.85 8.77 3.95 8.61 5.03 1.28 3.69 6.27 5.72 9.10 2.18 7.87 1.10 5.06 7.35 0.92 9.09 8.60 3.07 7.03 
4.83 7.40 0.84 7.73 7.60 3.93 1.05 8.17 1.50 7.82 4.56 7.72 3.99 2.68 9.27 4.51 7.74 8.10 4.06 2.79 
7.73 7.61 3.37 8.25 9.97 6.75 3.65 10.21 1.51 8.03 7.22 8.74 6.90 3.82 11.24 7.43 7.91 8.82 6.60 0.36 
5.25 6.47 7.44 5.69 1.09 5.10 7.20 0.61 9.07 6.54 4.09 4.30 7.12 6.65 1.34 6.88 6.62 5.17 9.07 10.10 
4.85 3.71 4.40 3.41 3.77 3.93 4.23 3.47 5.66 3.98 3.20 2.74 6.03 3.03 4.42 6.11 3.99 3.40 7.59 6.51 
