4.07 8.62 3.16 2.98 7.63 4.12 0.96 1.45 7.45 2.83 2.77 9.79 1.75 9.42 7.53 1.92 4.60 6.48 6.34 3.17 1.87 6.64 5.57 0.72 3.31 6.69 2.16 4.38 7.72 1.84 7.64 5.50 1.82 4.03 2.87 6.55 2.81 8.74 3.10 5.44 
9.79 3.84 9.97 10.03 5.83 7.13 10.45 9.46 4.74 9.19 10.46 5.63 9.78 3.36 2.43 10.11 10.15 8.49 3.97 10.51 9.73 5.12 5.47 9.85 7.22 2.86 11.40 7.27 2.67 9.79 4.86 4.08 8.51 9.17 9.84 3.86 8.97 7.02 8.68 5.05 
3.35 5.02 3.33 5.76 4.05 1.01 4.59 2.97 3.81 5.13 3.81 6.16 4.81 5.87 4.33 5.12 3.82 3.81 4.71 3.86 4.86 3.00 1.93 4.24 0.57 3.93 4.97 1.36 5.64 4.87 4.00 2.76 2.03 5.99 3.18 3.10 4.96 5.30 4.96 4.39 
8.66 10.50 7.86 2.05 10.47 7.66 4.75 6.14 9.81 1.94 7.54 12.23 3.15 10.99 8.53 3.17 9.23 10.45 5.57 7.94 3.00 9.19 8.24 4.22 6.81 7.26 6.55 8.01 6.95 3.06 10.06 6.57 6.03 0.78 7.56 8.31 2.00 11.89 1.83 4.52 
1.47 5.83 2.10 7.16 4.05 1.39 5.15 3.06 4.43 6.71 2.87 6.26 6.01 6.78 5.99 6.24 1.74 2.10 6.99 2.65 6.09 3.66 2.96 5.10 1.90 5.94 4.68 1.16 7.81 6.09 4.52 4.89 2.62 7.75 2.18 4.57 6.58 4.72 6.70 6.69 
6.51 0.90 6.97 9.35 1.85 4.08 8.68 7.06 0.77 8.58 7.63 2.57 8.64 1.78 1.95 8.97 6.73 4.62 5.10 7.54 8.65 1.39 2.26 8.26 4.58 3.01 9.05 4.05 4.87 8.68 0.89 3.18 6.15 9.09 6.93 1.40 8.37 3.18 8.23 5.67 
4.44 2.97 5.09 8.89 1.05 2.54 7.56 5.64 1.61 8.24 5.83 3.29 7.94 3.92 3.93 8.24 4.56 2.27 6.29 5.65 7.99 1.14 1.56 7.30 3.34 4.51 7.51 2.33 6.54 8.01 1.61 3.99 4.86 9.02 5.12 2.63 8.06 2.17 8.03 6.48 
4.25 6.32 3.80 4.04 5.72 2.68 3.42 2.59 5.29 3.38 3.94 7.72 3.21 7.07 5.06 3.53 4.81 5.49 4.14 4.17 3.23 4.54 3.49 2.89 1.84 4.22 4.38 3.03 5.40 3.26 5.51 3.02 1.79 4.23 3.55 4.17 3.20 7.03 3.20 3.45 
3.69 4.41 3.80 6.26 3.51 1.07 5.20 3.57 3.21 5.60 4.33 5.58 5.36 5.26 3.81 5.67 4.11 3.64 4.56 4.34 5.39 2.40 1.33 4.83 1.10 3.53 5.57 1.35 5.35 5.42 3.41 2.44 2.64 6.39 3.68 2.52 5.41 4.81 5.39 4.38 
0.73 6.62 1.29 6.80 4.87 1.94 4.59 2.49 5.23 6.44 2.07 7.09 5.61 7.57 6.65 5.81 1.18 2.74 7.35 1.83 5.71 4.45 3.68 4.63 2.14 6.49 3.94 1.82 8.28 5.69 5.33 5.38 2.29 7.54 1.40 5.26 6.33 5.50 6.49 6.94 
4.09 3.93 4.27 6.60 3.17 1.43 5.66 4.07 2.77 5.90 4.81 5.17 5.75 4.77 3.33 6.07 4.49 3.70 4.36 4.81 5.78 1.99 0.93 5.27 1.60 3.15 6.06 1.64 5.04 5.80 2.97 2.14 3.13 6.63 4.16 2.03 5.72 4.54 5.66 4.31 
10.53 4.29 10.73 10.74 6.38 7.87 11.22 10.23 5.32 9.90 11.22 5.94 10.53 3.67 3.15 10.85 10.87 9.13 4.63 11.26 10.48 5.77 6.19 10.62 7.98 3.63 12.17 8.00 3.26 10.53 5.42 4.85 9.28 9.85 10.60 4.57 9.69 7.49 9.39 5.72 
4.05 3.35 4.71 8.69 1.43 2.25 7.27 5.31 1.97 8.06 5.46 3.65 7.71 4.30 4.19 8.00 4.17 1.95 6.37 5.27 7.76 1.41 1.57 7.03 3.08 4.68 7.16 2.01 6.71 7.77 1.99 4.07 4.56 8.87 4.75 2.84 7.88 2.39 7.87 6.51 
4.38 4.94 4.25 5.35 4.46 2.05 4.74 3.52 3.94 4.63 4.61 6.38 4.58 5.69 3.77 4.91 4.88 4.78 3.64 4.73 4.60 3.23 2.21 4.25 1.56 3.11 5.47 2.39 4.65 4.63 4.17 1.89 2.57 5.33 4.06 2.79 4.44 5.85 4.36 3.32 
6.09 2.78 6.88 10.93 1.24 4.57 9.59 7.62 2.20 10.26 7.65 1.74 9.99 3.50 4.75 10.29 6.07 3.24 7.73 7.42 10.04 2.55 3.45 9.34 5.38 5.71 9.43 4.33 7.65 10.06 1.98 5.56 6.89 10.99 6.96 3.85 10.07 0.42 10.02 8.12 
3.50 5.56 3.28 5.10 4.70 1.56 4.02 2.58 4.41 4.47 3.63 6.79 4.16 6.38 4.66 4.47 4.02 4.38 4.55 3.75 4.20 3.61 2.54 3.62 0.78 4.08 4.57 1.92 5.61 4.22 4.61 2.86 1.63 5.35 3.08 3.53 4.30 5.96 4.32 4.09 
3.04 7.08 2.41 4.22 6.02 2.50 2.55 1.11 5.87 3.80 2.45 8.19 3.08 7.92 6.20 3.34 3.61 5.00 5.64 2.71 3.16 5.05 3.99 2.28 1.70 5.54 3.02 2.78 6.87 3.16 6.06 4.31 0.37 4.89 2.13 5.10 3.68 7.13 3.84 4.94 
8.19 8.83 7.55 3.07 9.05 6.66 5.17 5.94 8.28 2.42 7.42 10.65 3.66 9.26 6.76 3.85 8.76 9.48 3.69 7.77 3.53 7.75 6.88 4.51 5.88 5.47 6.91 7.02 5.05 3.60 8.53 4.91 5.53 1.71 7.26 6.70 2.30 10.53 1.91 2.66 
5.85 2.32 6.58 10.37 0.62 4.11 9.13 7.20 1.57 9.68 7.33 1.80 9.46 3.14 4.15 9.77 5.89 3.18 7.09 7.13 9.50 1.92 2.86 8.85 4.89 5.09 9.06 3.90 7.03 9.52 1.36 4.92 6.43 10.39 6.63 3.22 9.50 0.98 9.44 7.48 
6.32 1.54 6.98 10.32 0.86 4.32 9.28 7.44 1.10 9.60 7.71 1.46 9.48 2.36 3.50 9.79 6.42 3.84 6.60 7.54 9.51 1.75 2.81 8.95 5.03 4.54 9.35 4.17 6.42 9.53 0.86 4.53 6.61 10.23 7.01 2.76 9.40 1.67 9.31 7.09 
2.18 5.21 2.95 7.90 3.29 1.61 6.00 3.92 3.82 7.40 3.72 5.47 6.78 6.17 5.67 7.03 2.27 1.30 7.10 3.48 6.86 3.12 2.64 5.92 2.38 5.82 5.56 1.25 7.77 6.86 3.87 4.89 3.41 8.39 3.04 4.24 7.26 3.85 7.35 6.94 
7.76 1.88 8.05 9.22 3.63 5.14 9.09 7.78 2.52 8.40 8.61 3.86 8.73 1.90 0.68 9.06 8.07 6.27 3.97 8.60 8.70 2.91 3.37 8.57 5.39 1.95 9.78 5.22 3.36 8.75 2.67 2.78 6.83 8.68 7.95 1.79 8.18 4.92 7.97 4.80 
7.45 7.95 6.87 3.24 8.14 5.79 4.87 5.34 7.37 2.45 6.81 9.75 3.51 8.41 5.93 3.76 8.02 8.60 3.04 7.13 3.40 6.83 5.96 4.18 5.03 4.66 6.51 6.15 4.48 3.47 7.62 4.03 4.83 2.18 6.59 5.80 2.26 9.61 1.89 1.95 
5.30 7.83 4.60 2.42 7.35 4.25 2.63 2.98 6.88 1.74 4.46 9.32 1.76 8.51 6.31 2.10 5.87 7.01 4.51 4.80 1.74 6.16 5.12 1.95 3.38 5.26 4.15 4.60 5.95 1.78 7.11 4.19 2.63 2.68 4.31 5.63 1.57 8.67 1.63 3.53 
2.68 6.85 2.12 4.63 5.69 2.15 2.87 1.14 5.60 4.21 2.28 7.88 3.50 7.71 6.09 3.75 3.25 4.58 5.76 2.49 3.58 4.77 3.73 2.67 1.40 5.51 3.14 2.41 6.94 3.57 5.78 4.28 0.19 5.29 1.86 4.93 4.09 6.76 4.24 5.13 
8.12 6.61 7.78 5.33 7.32 5.90 6.59 6.51 6.37 4.52 7.91 8.55 5.44 6.88 4.37 5.73 8.65 8.52 1.05 8.15 5.35 6.02 5.41 5.91 5.37 3.08 8.05 6.23 2.39 5.42 6.61 2.98 5.77 4.26 7.53 4.70 4.32 8.83 3.97 0.55 
4.42 9.50 3.43 2.99 8.44 4.89 0.23 1.92 8.31 3.10 2.85 10.62 1.83 10.32 8.45 1.83 4.90 7.07 7.18 3.29 1.97 7.49 6.43 0.83 4.13 7.61 1.59 5.13 8.58 1.91 8.49 6.41 2.57 4.29 3.16 7.45 3.14 9.48 3.49 6.24 
4.68 3.34 4.89 7.02 2.86 2.01 6.24 4.70 2.28 6.29 5.45 4.72 6.23 4.16 2.71 6.55 5.04 3.95 4.11 5.45 6.25 1.58 0.72 5.82 2.24 2.66 6.70 2.16 4.63 6.28 2.51 1.81 3.76 6.93 4.79 1.38 6.09 4.32 6.00 4.22 
3.06 4.23 3.63 7.72 2.53 1.19 6.17 4.19 2.84 7.13 4.36 4.76 6.69 5.19 4.58 6.97 3.27 1.90 6.16 4.20 6.75 2.08 1.55 5.96 2.05 4.76 6.04 0.90 6.74 6.76 2.92 3.89 3.47 8.02 3.65 3.15 6.97 3.46 7.00 6.10 
7.55 9.05 6.84 2.07 9.02 6.30 4.21 5.17 8.35 1.40 6.63 10.77 2.66 9.56 7.12 2.84 8.12 9.12 4.32 7.00 2.53 7.74 6.79 3.57 5.47 5.87 5.97 6.66 5.76 2.60 8.60 5.12 4.88 0.90 6.54 6.85 1.29 10.45 0.91 3.23 
1.37 7.38 0.68 5.67 5.85 2.46 3.34 1.27 6.03 5.39 1.10 8.08 4.45 8.31 7.04 4.63 1.92 3.99 7.13 1.13 4.56 5.21 4.28 3.42 2.16 6.65 2.75 2.52 8.24 4.54 6.16 5.45 1.39 6.53 0.46 5.73 5.31 6.64 5.51 6.55 
6.72 1.74 7.02 8.60 2.86 4.10 8.24 6.83 1.74 7.80 7.60 3.66 8.00 2.25 0.88 8.34 7.02 5.29 3.97 7.58 7.99 1.93 2.33 7.75 4.39 1.87 8.83 4.18 3.74 8.04 1.94 2.22 5.88 8.20 6.93 0.77 7.59 4.28 7.41 4.60 
7.72 0.66 8.29 10.86 2.40 5.46 10.19 8.52 1.86 10.09 8.98 1.52 10.16 0.82 2.90 10.49 7.87 5.41 6.26 8.86 10.17 2.69 3.70 9.78 6.03 4.16 10.49 5.38 5.74 10.21 1.75 4.59 7.62 10.56 8.27 2.87 9.88 3.09 9.73 6.97 
6.67 1.29 7.31 10.51 1.22 4.62 9.54 7.73 1.23 9.78 8.04 1.22 9.70 2.05 3.41 10.02 6.77 4.19 6.59 7.87 9.73 1.97 3.04 9.20 5.30 4.51 9.66 4.48 6.34 9.75 0.99 4.60 6.89 10.38 7.33 2.80 9.58 1.90 9.48 7.13 
7.62 0.41 8.16 10.62 2.39 5.31 9.99 8.34 1.73 9.84 8.84 1.76 9.94 0.72 2.62 10.26 7.79 5.40 5.99 8.73 9.94 2.55 3.53 9.57 5.86 3.89 10.32 5.25 5.48 9.98 1.65 4.32 7.44 10.30 8.14 2.63 9.63 3.21 9.47 6.69 
4.23 9.72 3.23 3.45 8.55 4.99 0.70 1.91 8.49 3.60 2.58 10.76 2.31 10.56 8.76 2.29 4.69 7.01 7.62 3.01 2.46 7.66 6.61 1.34 4.29 7.97 1.10 5.20 9.01 2.40 8.66 6.76 2.70 4.78 2.99 7.72 3.64 9.53 4.00 6.71 
5.94 1.39 6.50 9.50 0.94 3.71 8.57 6.80 0.24 8.77 7.20 2.23 8.69 2.35 2.81 9.01 6.11 3.79 5.77 7.07 8.72 0.98 2.05 8.20 4.35 3.75 8.75 3.61 5.69 8.74 0.04 3.67 5.93 9.38 6.50 1.91 8.57 2.33 8.47 6.23 
2.92 9.25 1.92 4.85 7.81 4.33 2.10 1.43 7.93 4.87 1.17 10.04 3.65 10.15 8.65 3.69 3.31 5.88 8.10 1.58 3.79 7.10 6.11 2.56 3.82 8.05 0.79 4.45 9.38 3.74 8.07 6.82 2.38 6.07 1.75 7.44 4.87 8.61 5.18 7.31 
3.32 9.60 2.33 4.68 8.19 4.70 1.91 1.70 8.29 4.76 1.57 10.43 3.50 10.49 8.94 3.51 3.70 6.29 8.25 1.97 3.65 7.46 6.46 2.45 4.16 8.30 0.38 4.83 9.56 3.59 8.44 7.07 2.66 5.95 2.16 7.76 4.78 9.01 5.11 7.43 
5.83 2.03 6.16 8.20 2.31 3.23 7.59 6.07 1.32 7.43 6.76 3.65 7.50 2.79 1.69 7.82 6.13 4.45 4.24 6.72 7.50 1.15 1.43 7.15 3.60 2.28 8.06 3.29 4.30 7.54 1.56 2.12 5.13 7.95 6.08 0.37 7.22 3.82 7.08 4.67 
5.51 4.14 5.47 6.09 4.23 2.95 5.89 4.79 3.44 5.30 5.87 5.84 5.51 4.76 2.59 5.84 5.96 5.34 2.71 5.97 5.49 2.92 2.20 5.34 2.72 1.84 6.73 3.22 3.49 5.54 3.69 0.62 3.84 5.76 5.29 1.93 5.09 5.73 4.92 2.74 
6.19 9.83 5.28 0.89 9.21 5.88 1.89 3.57 8.83 1.16 4.84 11.25 0.39 10.52 8.32 0.30 6.72 8.46 6.26 5.26 0.31 8.07 7.01 1.45 5.01 7.25 3.68 6.19 7.73 0.31 9.05 6.20 3.77 2.24 4.99 7.64 1.29 10.46 1.68 5.19 
4.97 9.77 3.99 2.47 8.81 5.29 0.35 2.43 8.62 2.67 3.43 10.97 1.37 10.57 8.60 1.31 5.47 7.57 7.11 3.86 1.51 7.81 6.74 0.67 4.50 7.69 2.08 5.55 8.54 1.45 8.82 6.53 2.98 3.82 3.72 7.68 2.73 9.90 3.11 6.12 
2.60 9.44 1.72 5.69 7.85 4.51 2.93 2.01 8.08 5.71 0.97 10.07 4.49 10.36 9.03 4.52 2.87 5.65 8.74 1.20 4.63 7.26 6.34 3.40 4.15 8.53 1.33 4.56 9.97 4.58 8.21 7.31 2.88 6.91 1.68 7.76 5.71 8.51 6.02 8.00 
7.73 0.75 8.17 10.11 2.88 5.26 9.69 8.17 1.93 9.31 8.81 2.64 9.50 0.74 1.82 9.83 7.96 5.79 5.19 8.74 9.50 2.62 3.43 9.22 5.69 3.11 10.17 5.26 4.61 9.54 1.97 3.70 7.24 9.69 8.12 2.18 9.10 3.94 8.91 5.95 
1.74 6.28 1.66 5.86 4.82 1.34 3.94 1.89 4.94 5.43 2.22 7.05 4.72 7.19 5.94 4.95 2.27 3.37 6.29 2.20 4.80 4.11 3.16 3.83 1.12 5.62 3.73 1.45 7.30 4.80 5.08 4.45 1.33 6.49 1.55 4.62 5.31 5.74 5.44 5.83 
3.59 4.58 4.48 9.42 2.40 2.91 7.61 5.53 3.31 8.87 5.26 4.29 8.33 5.50 5.69 8.59 3.50 0.64 7.80 4.97 8.40 2.89 2.99 7.50 3.77 6.18 7.14 2.56 8.21 8.41 3.25 5.50 4.98 9.80 4.61 4.34 8.72 2.41 8.77 7.85 
7.21 5.75 6.93 5.35 6.31 4.90 6.17 5.80 5.39 4.51 7.14 7.65 5.23 6.11 3.60 5.54 7.72 7.48 0.95 7.35 5.16 5.01 4.37 5.50 4.42 2.31 7.47 5.23 2.38 5.22 5.64 1.97 4.98 4.53 6.70 3.74 4.30 7.83 4.00 0.59 
7.69 3.24 7.80 8.05 4.57 5.03 8.26 7.23 3.46 7.21 8.26 5.24 7.68 3.36 0.93 8.02 8.08 6.77 2.51 8.32 7.65 3.52 3.54 7.68 5.04 0.66 9.17 5.21 2.02 7.70 3.67 1.85 6.28 7.37 7.65 2.03 6.99 6.01 6.74 3.38 
5.87 10.03 4.92 1.46 9.27 5.84 1.35 3.26 8.97 1.81 4.41 11.37 0.63 10.76 8.64 0.37 6.38 8.31 6.76 4.84 0.73 8.19 7.12 1.11 5.00 7.62 3.10 6.13 8.23 0.66 9.18 6.53 3.62 2.89 4.64 7.86 1.93 10.46 2.32 5.72 
7.73 8.76 7.06 2.60 8.85 6.30 4.63 5.43 8.13 1.90 6.90 10.53 3.12 9.23 6.76 3.32 8.30 9.13 3.86 7.26 2.99 7.55 6.65 3.97 5.50 5.50 6.36 6.66 5.28 3.06 8.38 4.83 5.06 1.37 6.77 6.59 1.77 10.30 1.37 2.78 
6.15 7.03 5.62 3.35 6.97 4.45 4.14 4.18 6.30 2.51 5.63 8.72 3.12 7.60 5.22 3.43 6.71 7.27 3.02 5.92 3.05 5.68 4.75 3.46 3.69 4.05 5.60 4.81 4.48 3.11 6.54 3.15 3.57 2.87 5.35 4.83 2.30 8.41 2.07 2.02 
3.54 7.60 2.79 3.59 6.63 3.14 1.98 1.18 6.43 3.22 2.65 8.78 2.44 8.42 6.58 2.69 4.11 5.64 5.68 2.98 2.52 5.62 4.55 1.65 2.31 5.81 2.77 3.43 6.99 2.52 6.62 4.60 0.95 4.34 2.49 5.55 3.12 7.76 3.31 4.88 
2.87 6.01 2.59 5.09 4.93 1.46 3.64 1.98 4.78 4.56 2.94 7.09 4.04 6.87 5.28 4.33 3.41 4.15 5.22 3.06 4.11 3.96 2.90 3.35 0.61 4.76 3.98 1.78 6.31 4.11 4.96 3.55 1.03 5.54 2.39 4.09 4.41 6.07 4.49 4.71 
3.20 9.73 2.24 5.08 8.25 4.80 2.31 1.93 8.40 5.17 1.46 10.48 3.91 10.63 9.15 3.91 3.53 6.22 8.58 1.80 4.05 7.57 6.60 2.85 4.32 8.56 0.61 4.91 9.88 4.00 8.54 7.33 2.89 6.36 2.12 7.94 5.18 9.01 5.51 7.78 
7.54 5.67 7.30 5.71 6.37 5.18 6.58 6.19 5.41 4.88 7.52 7.60 5.62 5.97 3.45 5.93 8.05 7.69 0.54 7.72 5.55 5.09 4.52 5.91 4.74 2.15 7.88 5.49 1.98 5.61 5.66 2.05 5.37 4.83 7.07 3.74 4.66 7.89 4.35 0.72 
9.04 4.49 9.05 8.38 6.04 6.40 9.04 8.29 4.92 7.54 9.44 6.46 8.23 4.36 2.31 8.55 9.46 8.27 2.25 9.55 8.17 5.02 5.02 8.41 6.29 1.83 10.15 6.61 0.94 8.23 5.11 2.97 7.37 7.46 8.88 3.54 7.33 7.44 7.02 3.34 
8.02 1.04 8.45 10.23 3.19 5.53 9.88 8.41 2.25 9.42 9.08 2.83 9.66 0.71 1.81 9.99 8.26 6.11 5.16 9.01 9.65 2.91 3.70 9.41 5.94 3.11 10.41 5.54 4.49 9.69 2.28 3.80 7.47 9.77 8.39 2.37 9.21 4.23 9.02 5.96 
7.43 5.84 7.15 5.44 6.47 5.12 6.33 6.00 5.53 4.60 7.35 7.76 5.36 6.17 3.66 5.67 7.94 7.68 0.78 7.56 5.28 5.17 4.56 5.67 4.64 2.36 7.66 5.44 2.24 5.35 5.78 2.13 5.20 4.56 6.92 3.87 4.39 7.98 4.08 0.49 
8.05 8.71 7.41 3.04 8.91 6.51 5.07 5.81 8.15 2.36 7.29 10.52 3.58 9.14 6.64 3.78 8.62 9.33 3.61 7.63 3.45 7.60 6.74 4.41 5.73 5.36 6.80 6.87 4.99 3.52 8.40 4.79 5.39 1.72 7.12 6.57 2.22 10.38 1.83 2.57 
1.07 7.62 0.24 5.99 6.00 2.73 3.56 1.57 6.26 5.75 0.88 8.23 4.76 8.56 7.38 4.93 1.59 3.93 7.56 0.77 4.88 5.44 4.56 3.71 2.53 7.03 2.73 2.74 8.65 4.86 6.37 5.85 1.83 6.91 0.20 6.05 5.68 6.70 5.90 6.99 
3.18 5.00 4.10 9.24 2.84 2.81 7.33 5.24 3.70 8.73 4.88 4.76 8.13 5.93 6.00 8.38 3.06 0.18 7.96 4.58 8.21 3.22 3.19 7.26 3.65 6.41 6.78 2.45 8.43 8.20 3.66 5.66 4.75 9.69 4.24 4.62 8.58 2.87 8.65 7.94 
5.97 7.92 5.30 2.32 7.63 4.73 3.21 3.69 7.07 1.51 5.17 9.51 2.05 8.54 6.23 2.36 6.54 7.53 4.08 5.51 1.98 6.39 5.39 2.52 3.88 5.10 4.81 5.09 5.55 2.04 7.31 4.12 3.30 2.18 5.01 5.70 1.30 9.01 1.19 3.04 
8.24 5.14 8.11 6.89 6.23 5.72 7.69 7.15 5.17 6.05 8.41 7.13 6.79 5.27 2.82 7.10 8.71 7.98 0.74 8.57 6.72 5.02 4.70 7.04 5.43 1.66 8.92 5.99 0.84 6.78 5.40 2.25 6.28 5.96 7.90 3.55 5.84 7.72 5.52 1.83 
7.60 4.18 8.48 12.89 3.21 6.45 11.44 9.42 4.06 12.23 9.27 2.30 11.92 4.58 6.41 12.22 7.47 4.57 9.57 8.99 11.98 4.51 5.44 11.23 7.29 7.51 11.13 6.17 9.35 11.99 3.81 7.48 8.74 12.97 8.60 5.72 12.05 1.83 12.00 10.04 
6.78 6.59 6.35 4.18 6.82 4.78 5.12 5.02 6.03 3.34 6.44 8.39 4.08 7.05 4.59 4.39 7.32 7.53 2.05 6.70 4.00 5.51 4.70 4.44 4.12 3.34 6.54 5.13 3.52 4.07 6.28 2.66 4.32 3.42 6.09 4.44 3.13 8.31 2.83 1.04 
4.04 6.75 3.50 3.77 6.02 2.80 2.93 2.16 5.67 3.18 3.56 8.08 2.84 7.51 5.54 3.16 4.61 5.56 4.58 3.82 2.88 4.90 3.83 2.43 1.93 4.71 3.89 3.14 5.87 2.90 5.88 3.51 1.44 4.13 3.23 4.61 3.02 7.29 3.08 3.84 
7.94 1.23 8.56 11.38 2.50 5.80 10.62 8.89 2.22 10.61 9.27 1.03 10.65 1.25 3.49 10.98 8.05 5.46 6.86 9.13 10.66 3.05 4.10 10.23 6.42 4.76 10.84 5.69 6.33 10.70 2.05 5.16 8.01 11.11 8.57 3.42 10.41 2.88 10.26 7.56 
7.44 3.80 8.30 12.58 2.87 6.18 11.18 9.18 3.69 11.91 9.08 1.95 11.63 4.22 6.03 11.93 7.33 4.42 9.20 8.81 11.68 4.16 5.11 10.96 7.01 7.13 10.92 5.91 8.97 11.70 3.44 7.11 8.48 12.64 8.41 5.35 11.73 1.56 11.68 9.67 
6.82 2.97 7.63 11.67 1.93 5.34 10.36 8.40 2.73 10.99 8.40 1.39 10.75 3.52 5.13 11.05 6.77 3.90 8.25 8.16 10.79 3.21 4.17 10.11 6.15 6.20 10.19 5.10 8.06 10.81 2.49 6.16 7.66 11.70 7.71 4.40 10.81 0.86 10.75 8.72 
7.49 1.15 7.86 9.54 2.99 4.94 9.20 7.76 1.92 8.73 8.47 3.14 8.96 1.34 1.22 9.29 7.75 5.76 4.59 8.43 8.95 2.45 3.11 8.72 5.30 2.51 9.76 4.97 4.07 8.99 2.03 3.12 6.81 9.10 7.79 1.70 8.52 4.22 8.33 5.35 
7.43 8.43 6.78 2.66 8.50 5.96 4.49 5.17 7.79 1.90 6.65 10.19 3.04 8.92 6.46 3.27 7.99 8.78 3.64 6.99 2.92 7.20 6.29 3.81 5.16 5.20 6.19 6.32 5.08 2.99 8.03 4.50 4.76 1.59 6.49 6.25 1.73 9.95 1.34 2.55 
8.90 4.96 8.83 7.78 6.34 6.31 8.58 7.96 5.23 6.94 9.18 6.95 7.69 4.92 2.68 8.00 9.35 8.37 1.61 9.31 7.62 5.23 5.09 7.93 6.11 1.85 9.77 6.55 0.27 7.68 5.44 2.81 7.07 6.81 8.64 3.73 6.73 7.78 6.41 2.71 
3.39 3.93 3.88 7.57 2.41 1.15 6.17 4.26 2.55 6.95 4.57 4.63 6.58 4.87 4.14 6.87 3.65 2.31 5.73 4.45 6.64 1.75 1.10 5.91 1.95 4.31 6.17 0.98 6.29 6.65 2.67 3.45 3.47 7.79 3.87 2.71 6.78 3.51 6.78 5.71 
6.90 2.65 7.68 11.56 1.80 5.30 10.32 8.38 2.50 10.87 8.45 1.09 10.66 3.19 4.84 10.97 6.88 4.03 8.00 8.22 10.70 3.04 4.04 10.05 6.09 5.93 10.21 5.08 7.78 10.72 2.26 5.94 7.62 11.55 7.75 4.16 10.68 1.04 10.61 8.49 
6.26 2.03 6.97 10.61 0.88 4.44 9.45 7.55 1.55 9.91 7.73 1.39 9.73 2.78 4.02 10.04 6.31 3.60 7.08 7.53 9.77 2.07 3.08 9.15 5.20 5.04 9.43 4.25 6.94 9.79 1.31 4.98 6.76 10.58 7.02 3.22 9.72 1.17 9.64 7.54 
4.71 2.96 5.43 9.43 0.80 3.02 8.05 6.09 1.72 8.78 6.19 2.94 8.47 3.89 4.23 8.76 4.77 2.21 6.76 5.98 8.52 1.50 2.10 7.80 3.84 4.92 7.92 2.78 6.94 8.53 1.64 4.48 5.34 9.57 5.48 3.01 8.60 1.63 8.58 6.99 
1.33 8.62 1.18 7.04 6.79 3.90 4.38 2.74 7.23 6.91 1.32 8.96 5.81 9.58 8.63 5.91 1.33 4.24 8.98 0.92 5.94 6.45 5.68 4.71 3.88 8.37 3.01 3.82 10.05 5.90 7.31 7.21 3.22 8.10 1.44 7.25 6.87 7.23 7.12 8.42 
3.59 4.41 3.73 6.33 3.45 0.95 5.22 3.55 3.19 5.67 4.27 5.54 5.42 5.28 3.87 5.72 4.01 3.52 4.68 4.27 5.45 2.37 1.31 4.86 1.07 3.63 5.55 1.23 5.46 5.47 3.38 2.55 2.63 6.48 3.61 2.57 5.50 4.73 5.48 4.51 
6.51 6.94 6.02 3.64 7.02 4.69 4.58 4.61 6.28 2.79 6.06 8.68 3.51 7.45 5.03 3.82 7.07 7.49 2.62 6.34 3.43 5.71 4.83 3.90 3.97 3.81 6.05 5.05 4.09 3.50 6.53 3.02 3.97 2.98 5.75 4.76 2.58 8.48 2.30 1.59 
