6.22 10.15 8.04 2.14 8.57 7.26 4.64 9.10 9.10 6.82 3.96 9.63 9.86 9.88 1.61 9.31 3.56 4.33 4.32 3.42 7.11 5.24 7.15 11.74 2.00 6.38 7.10 7.35 9.64 6.29 4.77 9.89 1.37 4.94 10.18 1.55 4.18 2.06 5.66 7.99 9.31 7.31 6.79 3.31 1.03 
7.79 8.60 6.28 1.58 6.72 3.65 6.30 10.27 9.70 5.03 5.99 7.48 7.62 10.15 4.84 9.61 4.94 4.36 6.07 0.24 7.01 3.33 6.40 9.92 3.14 2.81 5.43 5.83 10.42 3.11 2.99 9.89 4.95 4.35 7.88 2.35 3.55 1.63 6.13 9.27 7.76 6.25 7.26 0.72 3.25 
7.62 9.16 6.84 1.01 7.32 4.50 6.07 10.23 9.79 5.57 5.66 8.15 8.31 10.32 4.20 9.76 4.71 4.42 5.81 0.67 7.21 3.84 6.74 10.54 2.76 3.67 5.96 6.33 10.47 3.93 3.43 10.12 4.14 4.56 8.58 1.51 3.72 1.00 6.17 9.19 8.31 6.65 7.33 0.45 2.64 
3.21 5.54 5.77 8.84 5.97 10.67 4.48 1.54 0.12 6.02 5.26 6.93 7.24 1.19 7.82 0.83 5.42 5.25 4.79 9.47 2.78 6.82 3.91 6.94 7.30 10.04 5.72 5.36 0.88 8.85 6.90 1.73 9.64 5.29 7.53 9.68 6.04 8.94 3.50 1.79 5.36 4.44 2.34 10.01 8.09 
8.57 1.61 3.90 10.43 3.45 8.90 8.88 7.87 6.33 5.17 9.54 2.98 3.03 5.47 11.38 5.54 8.87 7.51 9.06 10.20 5.40 6.91 4.75 0.79 9.75 8.79 4.80 4.46 6.87 7.62 7.33 4.75 12.93 6.82 3.01 11.61 7.58 10.55 6.92 7.95 2.46 4.47 6.40 10.85 10.72 
9.51 6.33 4.43 5.74 4.55 1.42 8.50 11.08 9.96 3.85 8.59 4.57 4.53 9.91 8.59 9.52 7.40 5.96 8.41 4.66 7.13 3.60 5.96 7.02 6.50 1.78 4.18 4.58 10.75 1.61 3.87 9.39 9.21 5.30 4.62 6.77 5.14 5.84 7.25 10.36 5.69 5.46 7.96 5.13 7.12 
6.38 1.82 0.57 7.01 0.55 6.11 6.18 6.86 5.48 1.77 6.70 1.68 2.00 5.17 8.19 4.88 5.82 4.31 6.28 6.82 3.14 3.50 1.97 3.33 6.42 5.79 1.39 1.06 6.24 4.54 3.92 4.56 9.63 3.54 2.35 8.20 4.23 7.14 4.25 6.47 0.97 1.44 4.24 7.47 7.38 
4.67 4.50 5.33 9.59 5.40 10.66 5.75 2.95 1.51 5.91 6.53 6.14 6.43 0.45 9.01 0.82 6.48 5.96 6.04 10.03 3.12 7.06 3.88 5.69 8.20 10.13 5.53 5.12 1.87 8.89 7.24 0.32 10.81 5.78 6.68 10.55 6.61 9.70 4.37 3.37 4.54 4.28 3.23 10.62 9.07 
5.78 8.92 6.77 1.16 7.29 6.16 4.18 8.55 8.35 5.53 3.65 8.34 8.57 9.04 2.12 8.47 2.89 3.25 3.88 2.48 6.12 3.94 6.01 10.49 0.94 5.26 5.83 6.09 8.96 5.05 3.46 8.98 2.66 3.76 8.88 1.47 2.95 1.15 4.78 7.47 8.08 6.12 5.95 2.59 0.53 
5.56 1.82 1.70 7.39 1.76 7.19 5.63 5.72 4.29 2.54 6.25 2.70 3.02 3.94 8.07 3.67 5.55 4.22 5.79 7.40 2.27 4.10 1.43 3.52 6.52 6.78 2.12 1.68 5.04 5.52 4.45 3.33 9.65 3.58 3.33 8.53 4.40 7.51 3.66 5.41 1.23 1.23 3.36 8.05 7.49 
3.10 6.69 6.87 9.35 7.09 11.59 4.60 0.45 1.14 7.03 5.34 8.07 8.38 2.06 7.93 1.91 5.74 5.87 4.92 10.10 3.74 7.67 4.94 8.06 7.71 10.91 6.75 6.41 0.72 9.76 7.70 2.73 9.74 6.05 8.67 10.09 6.72 9.43 4.10 1.32 6.50 5.49 3.04 10.60 8.42 
0.84 7.57 6.46 5.93 6.92 9.45 0.84 3.74 4.08 5.88 1.44 8.13 8.45 5.07 4.02 4.54 2.20 3.23 1.12 6.95 3.53 5.57 4.50 9.26 4.17 8.62 5.83 5.73 4.45 7.72 5.38 5.35 5.82 3.88 8.80 6.45 4.11 5.98 2.23 2.64 6.97 5.03 2.53 7.33 4.70 
2.94 4.97 3.61 5.20 4.08 7.20 2.53 4.59 3.86 3.08 3.10 5.30 5.62 4.36 5.04 3.80 2.44 1.56 2.65 5.72 1.36 3.23 1.75 6.67 3.84 6.48 2.99 2.87 4.59 5.38 3.22 4.23 6.73 1.56 5.97 6.16 2.29 5.30 0.64 3.74 4.27 2.22 1.45 6.28 4.76 
4.54 4.54 5.31 9.49 5.39 10.61 5.62 2.85 1.38 5.86 6.40 6.16 6.45 0.37 8.89 0.68 6.36 5.85 5.91 9.94 3.03 6.99 3.82 5.76 8.08 10.07 5.49 5.08 1.78 8.84 7.16 0.36 10.69 5.69 6.70 10.44 6.52 9.59 4.25 3.24 4.55 4.23 3.11 10.53 8.96 
2.53 7.29 7.23 9.05 7.51 11.66 4.11 0.46 1.84 7.24 4.80 8.55 8.87 2.87 7.37 2.63 5.35 5.72 4.42 9.88 3.97 7.69 5.21 8.73 7.35 10.94 7.00 6.70 1.58 9.84 7.67 3.51 9.16 6.01 9.17 9.71 6.60 9.12 3.99 0.78 7.02 5.79 3.08 10.36 7.99 
2.09 6.15 4.78 4.94 5.26 7.81 1.33 4.40 4.08 4.12 1.93 6.48 6.79 4.82 4.10 4.25 1.52 1.61 1.46 5.72 2.29 3.87 2.94 7.85 3.34 7.01 4.09 4.02 4.70 6.04 3.72 4.86 5.87 2.14 7.15 5.73 2.52 5.02 0.70 3.39 5.46 3.41 1.73 6.20 4.14 
11.23 9.24 7.20 5.74 7.40 1.65 9.94 13.25 12.31 6.37 9.80 7.52 7.48 12.44 8.99 11.99 8.64 7.55 9.76 4.40 9.44 5.44 8.41 9.97 7.14 2.19 6.76 7.20 13.10 3.39 5.46 11.98 9.02 7.13 7.57 6.36 6.64 5.79 9.16 12.39 8.56 7.99 10.08 4.51 7.40 
2.01 7.88 6.44 4.83 6.94 8.71 0.52 4.91 5.11 5.66 0.27 8.16 8.47 6.04 2.87 5.48 1.24 2.68 0.28 5.92 3.97 5.01 4.67 9.58 3.07 7.85 5.69 5.68 5.55 7.07 4.73 6.22 4.68 3.46 8.82 5.28 3.45 4.88 2.41 3.80 7.19 5.12 3.17 6.26 3.53 
2.72 5.08 4.98 7.87 5.24 9.70 3.73 2.18 1.11 5.11 4.52 6.28 6.60 1.80 7.02 1.24 4.54 4.26 4.02 8.47 1.83 5.83 3.02 6.62 6.36 9.06 4.83 4.50 1.86 7.88 5.91 2.01 8.83 4.29 6.91 8.74 5.04 7.97 2.53 1.87 4.77 3.58 1.36 9.02 7.18 
3.54 5.19 5.54 8.93 5.71 10.55 4.73 1.92 0.38 5.86 5.51 6.63 6.93 0.82 8.05 0.42 5.60 5.31 5.03 9.50 2.70 6.76 3.76 6.55 7.43 9.95 5.54 5.16 1.08 8.74 6.87 1.31 9.86 5.29 7.21 9.81 6.07 9.03 3.60 2.19 5.04 4.26 2.42 10.06 8.25 
4.07 4.00 2.46 5.34 2.93 6.44 3.66 5.34 4.33 2.00 4.17 4.16 4.47 4.56 5.82 4.06 3.34 1.97 3.75 5.60 1.46 2.61 0.85 5.69 4.30 5.80 1.85 1.71 5.11 4.62 2.76 4.24 7.40 1.42 4.82 6.42 2.29 5.46 1.79 4.63 3.24 1.13 2.23 6.21 5.27 
9.98 8.53 6.36 4.50 6.63 1.20 8.66 12.07 11.19 5.40 8.51 6.93 6.95 11.38 7.73 10.91 7.36 6.30 8.48 3.17 8.32 4.28 7.36 9.44 5.86 1.14 5.81 6.25 11.97 2.40 4.25 10.96 7.85 5.92 7.09 5.21 5.39 4.56 7.95 11.19 7.80 6.99 8.91 3.36 6.14 
3.24 4.70 3.31 5.21 3.78 6.99 2.82 4.77 3.96 2.79 3.38 5.00 5.31 4.38 5.23 3.84 2.66 1.60 2.93 5.67 1.28 3.04 1.48 6.40 3.94 6.29 2.69 2.57 4.71 5.17 3.07 4.19 6.90 1.44 5.66 6.21 2.23 5.32 0.94 3.96 3.99 1.92 1.61 6.25 4.88 
9.96 9.12 6.89 4.05 7.20 2.03 8.56 12.20 11.42 5.84 8.34 7.60 7.64 11.68 7.31 11.19 7.22 6.33 8.36 2.72 8.57 4.52 7.69 10.12 5.57 1.75 6.25 6.69 12.18 2.93 4.41 11.30 7.27 6.05 7.80 4.61 5.43 4.09 8.04 11.27 8.35 7.37 9.06 2.77 5.72 
8.84 6.64 4.51 4.61 4.75 1.12 7.70 10.64 9.63 3.64 7.72 5.05 5.08 9.72 7.52 9.28 6.53 5.19 7.58 3.51 6.76 2.89 5.69 7.57 5.46 0.80 4.03 4.46 10.42 0.72 3.05 9.25 8.08 4.63 5.24 5.62 4.32 4.70 6.64 9.84 5.92 5.26 7.48 3.99 6.02 
1.41 7.08 6.68 7.94 7.01 10.76 2.98 1.49 2.20 6.52 3.68 8.13 8.45 3.30 6.27 2.88 4.23 4.70 3.30 8.82 3.36 6.79 4.60 8.64 6.24 10.01 6.32 6.07 2.32 8.95 6.72 3.79 8.06 5.07 8.78 8.59 5.60 8.01 3.03 0.40 6.69 5.19 2.32 9.27 6.87 
5.50 5.06 2.80 3.76 3.32 4.47 4.51 7.31 6.42 1.55 4.69 4.35 4.59 6.67 5.36 6.17 3.54 1.98 4.44 3.68 3.56 0.50 2.74 6.55 3.37 3.75 1.87 2.20 7.19 2.66 0.72 6.32 6.57 1.28 4.91 4.95 1.32 3.89 3.27 6.48 4.20 2.54 4.14 4.32 4.29 
1.06 6.54 5.97 7.23 6.33 9.96 2.42 2.10 2.27 5.75 3.17 7.48 7.80 3.30 5.77 2.80 3.56 3.91 2.74 8.06 2.67 5.98 3.89 8.15 5.55 9.21 5.57 5.34 2.65 8.15 5.92 3.66 7.58 4.26 8.13 7.92 4.81 7.30 2.23 1.05 6.09 4.48 1.58 8.53 6.24 
7.42 3.11 1.23 6.41 1.27 4.51 6.88 8.35 7.05 1.51 7.26 1.65 1.80 6.83 8.24 6.51 6.20 4.59 6.91 5.91 4.44 2.89 3.19 4.13 6.26 4.31 1.51 1.71 7.83 3.12 3.36 6.24 9.44 3.75 2.08 7.61 4.16 6.53 5.14 7.82 2.42 2.60 5.46 6.54 7.15 
8.78 7.36 5.13 3.89 5.44 1.27 7.52 10.79 9.89 4.11 7.44 5.86 5.91 10.07 6.96 9.60 6.27 5.09 7.36 2.69 7.02 2.98 6.05 8.38 4.96 0.37 4.53 4.97 10.67 1.16 2.99 9.66 7.36 4.66 6.09 4.83 4.19 3.98 6.69 9.92 6.59 5.69 7.62 3.12 5.41 
5.88 1.92 3.17 8.83 3.06 8.72 6.36 5.23 3.69 4.11 7.07 3.61 3.88 2.98 9.17 2.93 6.57 5.46 6.57 8.93 2.88 5.65 2.68 3.26 7.81 8.34 3.69 3.25 4.32 7.08 5.98 2.27 10.84 4.94 4.11 9.94 5.79 8.95 4.47 5.24 2.04 2.71 3.77 9.57 8.77 
5.98 10.71 8.71 3.21 9.24 8.34 4.49 8.89 9.07 7.54 3.73 10.36 10.61 9.94 1.13 9.38 3.67 4.79 4.17 4.52 7.39 6.07 7.60 12.35 2.66 7.45 7.78 7.99 9.55 7.30 5.60 10.04 0.69 5.50 10.94 2.62 4.83 3.14 5.85 7.79 9.90 7.83 6.91 4.41 1.80 
3.84 6.48 6.93 9.93 7.10 11.88 5.30 1.16 1.13 7.23 6.06 7.99 8.30 1.63 8.65 1.70 6.39 6.38 5.62 10.61 4.00 8.03 5.12 7.75 8.32 11.25 6.92 6.55 0.34 10.06 8.10 2.35 10.46 6.47 8.57 10.71 7.20 10.01 4.61 2.09 6.40 5.64 3.48 11.14 9.07 
5.57 2.07 1.22 6.91 1.41 6.65 5.48 6.00 4.63 1.98 6.06 2.51 2.84 4.38 7.75 4.06 5.28 3.87 5.61 6.88 2.30 3.57 1.22 3.75 6.11 6.23 1.57 1.13 5.40 4.97 3.92 3.81 9.28 3.17 3.17 8.06 3.96 7.03 3.52 5.60 1.31 0.82 3.41 7.53 7.08 
9.10 5.79 3.88 5.71 4.00 1.88 8.15 10.59 9.45 3.35 8.28 4.05 4.02 9.39 8.42 9.00 7.10 5.61 8.07 4.71 6.64 3.26 5.46 6.52 6.33 2.04 3.66 4.06 10.24 1.49 3.57 8.85 9.15 4.92 4.13 6.79 4.83 5.82 6.82 9.90 5.15 4.95 7.49 5.23 7.00 
4.59 3.82 4.56 9.01 4.63 9.90 5.48 3.37 1.82 5.15 6.26 5.40 5.69 1.09 8.65 1.04 6.08 5.40 5.75 9.39 2.52 6.35 3.16 5.12 7.69 9.39 4.77 4.35 2.40 8.14 6.56 0.47 10.43 5.15 5.95 10.01 5.99 9.12 3.91 3.55 3.80 3.52 2.85 9.99 8.59 
7.22 5.99 3.68 3.57 4.07 2.68 6.08 9.12 8.20 2.53 6.11 4.74 4.87 8.38 6.13 7.91 4.92 3.57 5.96 2.85 5.33 1.31 4.37 7.21 4.04 1.94 2.95 3.39 8.98 0.93 1.42 7.99 6.93 3.03 5.12 4.73 2.70 3.69 5.06 8.28 5.17 4.04 5.95 3.47 4.73 
5.36 7.51 5.33 1.51 5.85 5.25 3.87 7.91 7.48 4.09 3.60 6.89 7.12 8.05 3.11 7.49 2.51 2.13 3.64 2.25 4.99 2.50 4.71 9.06 1.02 4.35 4.39 4.67 8.16 3.88 2.03 7.90 4.07 2.45 7.44 2.56 1.59 1.61 3.86 6.88 6.66 4.75 5.03 2.70 1.78 
6.00 6.47 4.18 2.39 4.68 4.02 4.71 8.20 7.50 2.91 4.65 5.61 5.81 7.88 4.59 7.35 3.46 2.34 4.55 2.26 4.73 1.18 4.09 7.91 2.49 3.16 3.27 3.63 8.24 2.46 0.73 7.60 5.50 2.10 6.11 3.59 1.43 2.52 4.04 7.27 5.62 3.96 5.10 2.89 3.25 
8.98 8.93 6.63 2.87 7.01 2.75 7.53 11.35 10.67 5.46 7.26 7.59 7.68 11.02 6.13 10.51 6.18 5.43 7.31 1.55 7.88 3.93 7.12 10.09 4.44 2.09 5.88 6.31 11.41 2.90 3.71 10.71 6.11 5.27 7.88 3.45 4.56 2.91 7.18 10.38 8.12 6.88 8.26 1.60 4.55 
2.77 5.97 6.05 8.68 6.29 10.77 4.12 1.13 0.62 6.19 4.89 7.29 7.60 1.72 7.48 1.36 5.16 5.14 4.44 9.37 2.91 6.86 4.11 7.42 7.08 10.10 5.91 5.58 0.95 8.94 6.91 2.26 9.30 5.27 7.90 9.47 5.97 8.77 3.37 1.25 5.74 4.66 2.26 9.89 7.84 
8.59 6.15 4.03 4.78 4.26 1.55 7.52 10.30 9.25 3.21 7.58 4.56 4.59 9.30 7.56 8.87 6.39 4.99 7.42 3.77 6.39 2.64 5.29 7.07 5.47 1.29 3.59 4.02 10.04 0.58 2.87 8.82 8.22 4.37 4.75 5.84 4.15 4.88 6.36 9.53 5.42 4.84 7.15 4.29 6.10 
2.61 6.03 6.04 8.56 6.29 10.70 3.98 1.12 0.76 6.16 4.74 7.31 7.63 1.86 7.33 1.48 5.02 5.04 4.29 9.26 2.86 6.79 4.08 7.49 6.95 10.03 5.88 5.56 1.09 8.88 6.83 2.38 9.15 5.18 7.93 9.34 5.87 8.64 3.26 1.12 5.77 4.64 2.17 9.78 7.70 
7.17 5.39 3.09 4.12 3.46 2.87 6.14 8.89 7.89 2.01 6.25 4.11 4.25 8.01 6.51 7.55 5.07 3.60 6.05 3.47 5.02 1.24 3.98 6.58 4.41 2.28 2.43 2.87 8.68 1.05 1.55 7.57 7.41 2.95 4.50 5.30 2.80 4.24 4.93 8.10 4.58 3.59 5.73 4.09 5.17 
8.28 1.51 2.20 8.63 1.67 6.58 8.16 8.40 6.91 3.39 8.69 0.68 0.69 6.35 10.11 6.21 7.80 6.26 8.27 8.22 5.00 5.07 3.92 1.84 8.26 6.52 3.13 2.96 7.61 5.40 5.53 5.65 11.48 5.46 0.77 9.83 6.08 8.76 6.22 8.17 1.55 3.42 6.10 8.86 9.20 
8.75 6.65 4.49 4.49 4.75 1.19 7.60 10.57 9.57 3.60 7.61 5.08 5.12 9.67 7.41 9.23 6.42 5.10 7.48 3.40 6.70 2.81 5.64 7.60 5.34 0.77 4.00 4.43 10.36 0.64 2.95 9.21 7.96 4.54 5.28 5.51 4.22 4.59 6.56 9.76 5.92 5.22 7.40 3.88 5.90 
6.52 1.41 3.12 9.15 2.91 8.66 6.94 5.87 4.32 4.21 7.64 3.25 3.48 3.56 9.66 3.55 7.08 5.89 7.15 9.16 3.45 5.84 3.07 2.61 8.22 8.34 3.79 3.36 4.93 7.09 6.20 2.84 11.30 5.31 3.67 10.28 6.14 9.27 5.02 5.90 1.78 2.99 4.39 9.80 9.19 
6.69 7.62 5.31 1.44 5.79 3.93 5.25 9.10 8.51 4.04 5.01 6.66 6.84 8.95 4.30 8.42 3.90 3.18 5.03 1.10 5.82 2.30 5.25 9.02 2.33 3.02 4.42 4.79 9.23 2.81 1.90 8.71 4.85 3.15 7.12 2.60 2.36 1.55 4.95 8.11 6.77 5.13 6.07 1.73 2.77 
8.25 1.58 2.11 8.51 1.57 6.44 8.10 8.42 6.93 3.28 8.62 0.54 0.57 6.38 10.02 6.23 7.72 6.17 8.20 8.09 4.97 4.94 3.87 1.98 8.15 6.39 3.02 2.87 7.64 5.26 5.41 5.69 11.37 5.37 0.68 9.71 5.98 8.64 6.17 8.16 1.55 3.36 6.08 8.73 9.09 
8.02 1.79 4.09 10.46 3.71 9.37 8.47 7.11 5.57 5.31 9.17 3.52 3.64 4.66 11.16 4.78 8.59 7.34 8.67 10.35 4.98 7.03 4.52 1.69 9.64 9.19 4.91 4.53 6.07 7.98 7.43 3.95 12.77 6.71 3.69 11.62 7.52 10.59 6.55 7.27 2.59 4.35 5.90 11.00 10.62 
3.38 4.37 3.09 5.54 3.53 7.08 3.11 4.68 3.76 2.71 3.70 4.75 5.07 4.11 5.60 3.58 3.03 1.95 3.25 5.94 0.97 3.17 1.15 6.07 4.30 6.40 2.55 2.38 4.53 5.25 3.25 3.88 7.27 1.69 5.42 6.55 2.52 5.65 1.16 3.93 3.67 1.65 1.53 6.53 5.24 
3.44 6.28 6.60 9.48 6.79 11.48 4.87 0.97 0.77 6.85 5.63 7.73 8.03 1.55 8.23 1.47 5.94 5.94 5.19 10.16 3.59 7.61 4.74 7.61 7.88 10.83 6.55 6.19 0.20 9.66 7.67 2.24 10.04 6.04 8.32 10.27 6.76 9.56 4.17 1.73 6.14 5.28 3.04 10.69 8.63 
7.34 8.87 6.57 0.81 7.04 4.46 5.80 9.93 9.48 5.29 5.40 7.90 8.06 10.00 4.06 9.45 4.43 4.11 5.53 0.59 6.89 3.55 6.43 10.27 2.51 3.61 5.67 6.04 10.16 3.77 3.14 9.81 4.12 4.25 8.34 1.56 3.40 0.83 5.86 8.89 8.02 6.35 7.02 0.70 2.48 
4.36 9.46 7.62 3.44 8.15 8.27 2.86 7.26 7.45 6.55 2.10 9.32 9.60 8.34 0.50 7.77 2.18 3.56 2.54 4.75 5.91 5.31 6.27 11.14 2.05 7.36 6.73 6.86 7.91 6.94 4.89 8.46 2.31 4.36 9.94 3.41 3.85 3.42 4.33 6.16 8.68 6.57 5.34 4.87 1.78 
7.15 1.34 1.14 7.69 0.64 6.27 7.00 7.45 6.01 2.40 7.53 0.96 1.28 5.57 9.00 5.35 6.65 5.13 7.10 7.40 3.88 4.14 2.77 2.61 7.19 6.07 2.08 1.84 6.75 4.86 4.58 4.91 10.41 4.34 1.60 8.88 5.00 7.82 5.06 7.14 0.72 2.26 4.99 8.04 8.15 
5.97 2.33 3.73 9.31 3.62 9.28 6.58 5.04 3.49 4.67 7.32 4.11 4.36 2.66 9.50 2.71 6.90 5.87 6.81 9.44 3.17 6.18 3.14 3.46 8.22 8.90 4.25 3.81 4.05 7.64 6.49 1.94 11.20 5.39 4.57 10.40 6.25 9.42 4.76 5.16 2.56 3.23 3.94 10.08 9.18 
5.52 2.26 1.10 6.68 1.38 6.44 5.37 6.07 4.73 1.76 5.93 2.54 2.86 4.53 7.56 4.19 5.11 3.67 5.49 6.64 2.29 3.33 1.12 3.92 5.90 6.01 1.34 0.90 5.51 4.75 3.68 3.97 9.07 2.96 3.20 7.83 3.74 6.80 3.42 5.63 1.47 0.65 3.39 7.29 6.87 
7.02 9.20 6.93 0.42 7.43 5.20 5.44 9.71 9.37 5.66 4.97 8.35 8.54 9.96 3.39 9.40 4.10 4.05 5.16 1.33 6.91 3.93 6.58 10.67 2.10 4.34 6.01 6.35 10.02 4.43 3.48 9.82 3.38 4.34 8.82 0.89 3.47 0.31 5.75 8.64 8.35 6.56 6.92 1.26 1.84 
6.90 9.24 6.98 0.42 7.48 5.37 5.32 9.61 9.30 5.71 4.84 8.42 8.61 9.91 3.21 9.35 3.99 4.01 5.03 1.50 6.87 3.99 6.57 10.72 1.98 4.50 6.06 6.39 9.95 4.56 3.53 9.78 3.21 4.32 8.90 0.79 3.46 0.30 5.68 8.55 8.39 6.58 6.86 1.43 1.68 
1.22 7.44 6.95 7.86 7.30 10.87 2.82 1.78 2.61 6.73 3.47 8.44 8.76 3.71 6.03 3.30 4.13 4.73 3.13 8.78 3.64 6.90 4.87 9.01 6.13 10.10 6.55 6.32 2.70 9.07 6.81 4.20 7.81 5.16 9.09 8.45 5.64 7.93 3.14 0.77 7.03 5.46 2.56 9.22 6.72 
7.56 2.59 1.13 6.96 0.91 5.03 7.14 8.27 6.92 1.88 7.56 1.06 1.24 6.61 8.68 6.33 6.55 4.94 7.19 6.49 4.45 3.41 3.21 3.55 6.73 4.87 1.76 1.81 7.68 3.70 3.88 5.99 9.94 4.11 1.55 8.16 4.60 7.09 5.32 7.82 1.97 2.62 5.52 7.13 7.65 
0.68 7.17 6.52 7.27 6.90 10.30 2.26 2.22 2.75 6.23 2.95 8.06 8.39 3.82 5.53 3.35 3.54 4.14 2.58 8.19 3.25 6.33 4.45 8.78 5.55 9.52 6.08 5.87 3.00 8.50 6.23 4.23 7.33 4.59 8.72 7.88 5.05 7.34 2.59 1.12 6.70 5.03 2.15 8.62 6.16 
2.96 7.02 7.13 9.35 7.37 11.75 4.50 0.08 1.49 7.24 5.22 8.37 8.69 2.44 7.81 2.27 5.70 5.94 4.82 10.14 3.94 7.81 5.17 8.42 7.68 11.06 6.97 6.65 1.07 9.92 7.82 3.10 9.61 6.16 8.98 10.06 6.80 9.43 4.18 1.16 6.82 5.73 3.17 10.63 8.36 
3.69 6.45 6.85 9.78 7.03 11.77 5.15 1.04 1.03 7.13 5.90 7.94 8.24 1.63 8.49 1.65 6.23 6.24 5.47 10.47 3.88 7.90 5.02 7.74 8.17 11.13 6.82 6.46 0.25 9.95 7.97 2.35 10.31 6.34 8.52 10.56 7.06 9.86 4.47 1.94 6.35 5.54 3.34 10.99 8.92 
4.16 8.84 6.96 3.03 7.50 7.70 2.58 7.04 7.10 5.89 1.90 8.67 8.94 7.94 0.98 7.37 1.65 2.92 2.26 4.30 5.37 4.65 5.66 10.51 1.47 6.79 6.07 6.21 7.61 6.31 4.23 8.02 2.71 3.70 9.28 3.22 3.18 3.04 3.82 5.94 8.05 5.95 4.89 4.49 1.47 
8.96 7.29 5.10 4.18 5.38 1.01 7.73 10.92 9.99 4.13 7.67 5.75 5.79 10.14 7.24 9.68 6.49 5.28 7.58 2.98 7.12 3.11 6.12 8.27 5.23 0.14 4.54 4.98 10.77 1.13 3.16 9.71 7.65 4.81 5.95 5.11 4.38 4.26 6.84 10.07 6.54 5.73 7.75 3.40 5.69 
3.08 5.70 5.89 8.81 6.10 10.73 4.38 1.38 0.25 6.10 5.16 7.07 7.38 1.35 7.73 1.01 5.36 5.24 4.69 9.46 2.84 6.86 4.00 7.11 7.25 10.08 5.80 5.45 0.84 8.91 6.93 1.90 9.55 5.31 7.67 9.64 6.04 8.91 3.48 1.62 5.50 4.54 2.33 10.00 8.03 
9.19 7.50 5.32 4.28 5.60 0.85 7.95 11.16 10.24 4.37 7.88 5.94 5.97 10.39 7.38 9.93 6.70 5.51 7.79 3.05 7.36 3.35 6.36 8.45 5.39 0.11 4.78 5.22 11.02 1.37 3.39 9.96 7.74 5.05 6.12 5.18 4.60 4.36 7.08 10.31 6.76 5.97 8.00 3.43 5.83 
2.62 4.84 4.52 7.32 4.81 9.13 3.39 2.69 1.70 4.56 4.17 5.90 6.22 2.27 6.61 1.70 4.08 3.70 3.67 7.89 1.27 5.24 2.50 6.44 5.84 8.47 4.30 3.99 2.45 7.30 5.31 2.32 8.41 3.70 6.54 8.21 4.46 7.42 2.00 2.20 4.44 3.08 0.83 8.45 6.69 
8.02 9.08 6.75 1.54 7.20 3.97 6.50 10.56 10.05 5.50 6.13 7.97 8.11 10.52 4.78 9.98 5.13 4.68 6.25 0.48 7.39 3.79 6.83 10.40 3.24 3.17 5.90 6.29 10.75 3.57 3.43 10.29 4.71 4.73 8.36 2.07 3.91 1.55 6.45 9.54 8.24 6.69 7.59 0.25 3.21 
