3.69 6.29 7.16 7.67 4.41 6.84 6.80 6.97 8.85 8.73 
4.08 5.93 7.46 7.36 5.07 6.79 6.88 6.52 8.57 8.96 
2.14 5.79 1.37 6.15 3.90 3.54 2.42 7.02 6.69 3.07 
6.05 1.06 7.20 2.33 8.61 4.00 5.13 0.87 3.54 7.69 
7.29 2.60 6.72 1.11 9.95 3.18 4.44 2.78 0.20 6.39 
5.66 0.09 6.41 1.53 8.30 3.07 4.25 1.16 2.79 6.78 
2.24 7.84 4.41 8.67 0.60 6.47 5.59 8.97 9.48 6.16 
8.47 6.95 5.70 5.77 10.58 4.70 4.72 7.67 4.91 4.15 
2.67 4.02 5.53 5.32 4.79 4.49 4.63 4.88 6.46 6.87 
4.33 1.43 5.67 2.76 6.92 2.96 3.81 2.43 3.97 6.40 
6.09 2.76 5.14 1.70 8.70 1.72 2.89 3.54 1.52 4.81 
6.27 2.33 8.00 3.67 8.64 5.10 6.10 1.99 4.86 8.70 
2.38 4.48 2.04 4.83 4.77 2.30 1.42 5.72 5.42 3.23 
7.64 3.09 6.86 1.60 10.29 3.40 4.61 3.25 0.35 6.40 
6.88 4.77 4.81 3.66 9.25 2.68 3.10 5.54 3.00 3.81 
5.68 3.32 4.37 2.48 8.21 1.26 2.19 4.25 2.34 3.96 
3.19 4.64 1.68 4.72 5.43 1.99 0.77 5.87 5.12 2.47 
6.96 6.83 3.84 6.01 8.82 4.03 3.50 7.80 5.53 2.16 
2.90 2.71 4.28 3.64 5.56 2.44 2.78 3.87 4.65 5.26 
5.82 5.57 3.08 4.88 7.89 2.69 2.19 6.60 4.61 1.86 
1.67 5.81 5.18 6.95 2.90 5.48 5.14 6.78 8.00 6.81 
2.38 5.48 5.80 6.74 3.70 5.60 5.47 6.34 7.86 7.36 
2.73 8.32 4.38 9.08 0.88 6.77 5.80 9.47 9.84 6.11 
1.83 3.94 4.36 5.00 4.34 3.62 3.56 5.01 6.03 5.70 
7.43 3.23 6.48 1.75 10.06 3.11 4.26 3.54 0.59 5.96 
7.39 2.54 6.91 1.07 10.06 3.35 4.62 2.62 0.41 6.61 
7.92 2.55 7.80 1.49 10.59 4.19 5.49 2.13 1.46 7.61 
6.75 3.02 5.74 1.70 9.36 2.38 3.52 3.59 1.03 5.27 
5.75 1.54 5.56 0.81 8.42 1.95 3.26 2.39 1.63 5.58 
4.17 3.09 3.40 2.97 6.73 0.27 1.11 4.26 3.41 3.62 
3.23 8.81 5.33 9.68 0.57 7.51 6.62 9.91 10.51 7.07 
4.55 5.16 1.98 4.83 6.63 2.18 1.15 6.32 4.88 1.54 
4.65 1.30 6.04 2.74 7.21 3.25 4.16 2.15 3.98 6.76 
3.44 6.55 0.32 6.64 4.77 3.89 2.59 7.78 6.96 1.99 
9.66 4.34 9.23 3.21 12.34 5.70 6.95 3.74 2.57 8.79 
3.56 9.17 5.23 9.97 1.08 7.69 6.72 10.30 10.75 6.93 
5.52 0.14 6.31 1.63 8.15 3.01 4.17 1.28 2.89 6.72 
1.23 4.59 2.96 5.30 3.86 3.20 2.65 5.78 6.12 4.42 
8.05 4.37 6.58 2.92 10.61 3.62 4.54 4.72 1.75 5.75 
1.07 4.54 3.70 5.45 3.71 3.66 3.30 5.67 6.38 5.18 
5.00 5.05 8.04 6.54 6.50 6.59 6.99 5.37 7.79 9.34 
3.47 3.89 6.27 5.29 5.48 4.88 5.20 4.57 6.50 7.54 
2.86 7.64 2.35 8.07 2.99 5.44 4.26 8.87 8.59 3.97 
3.79 2.88 6.07 4.29 6.10 4.15 4.67 3.60 5.51 7.15 
4.09 5.76 7.44 7.19 5.18 6.67 6.80 6.33 8.41 8.91 
7.29 5.76 4.76 4.69 9.50 3.42 3.50 6.57 4.00 3.44 
7.09 1.48 7.59 1.51 9.73 4.06 5.34 0.66 2.42 7.74 
5.41 6.67 2.04 6.25 7.03 3.69 2.64 7.81 6.14 0.30 
7.06 1.58 7.89 2.14 9.65 4.46 5.70 0.34 3.13 8.18 
6.05 5.51 9.05 7.00 7.50 7.39 7.90 5.61 8.26 10.31 
7.95 6.47 5.24 5.35 10.09 4.17 4.19 7.24 4.56 3.76 
4.15 2.17 4.17 2.40 6.81 1.00 2.01 3.38 3.17 4.58 
5.66 2.74 7.73 4.20 7.92 5.17 6.02 2.74 5.45 8.60 
5.23 6.84 1.78 6.49 6.75 3.86 2.73 8.00 6.43 0.15 
1.99 5.72 5.48 6.92 3.21 5.58 5.33 6.64 7.99 7.09 
4.92 3.93 7.60 5.42 6.83 5.72 6.28 4.22 6.68 8.75 
1.14 6.57 3.13 7.29 2.05 5.00 4.11 7.75 8.05 4.90 
4.19 2.98 3.49 2.88 6.76 0.25 1.21 4.16 3.35 3.72 
4.30 5.24 7.49 6.70 5.67 6.40 6.65 5.73 7.93 8.88 
8.69 4.46 7.43 2.96 11.29 4.29 5.33 4.57 1.71 6.66 
2.37 6.77 5.85 7.94 2.52 6.46 6.06 7.69 9.00 7.55 
5.40 5.64 8.54 7.13 6.69 7.20 7.57 5.91 8.38 9.89 
2.35 5.14 5.69 6.41 3.92 5.32 5.23 6.00 7.53 7.21 
6.33 6.41 9.52 7.91 7.45 8.14 8.54 6.55 9.16 10.87 
6.48 4.13 4.72 3.06 8.93 2.15 2.78 4.93 2.52 3.94 
6.28 5.88 3.45 5.11 8.32 3.08 2.65 6.87 4.72 2.06 
3.87 5.27 7.12 6.70 5.22 6.21 6.38 5.86 7.91 8.56 
5.62 0.56 6.01 1.05 8.29 2.55 3.79 1.58 2.28 6.27 
4.74 4.43 7.62 5.92 6.47 6.01 6.46 4.79 7.17 8.86 
0.81 6.07 4.27 7.04 2.21 5.18 4.60 7.14 7.97 5.97 
9.70 4.50 9.10 3.27 12.37 5.62 6.85 4.01 2.47 8.59 
3.11 6.87 6.62 8.14 3.28 6.91 6.64 7.69 9.25 8.29 
3.71 9.30 5.08 10.05 1.41 7.70 6.69 10.45 10.79 6.74 
1.13 4.49 3.74 5.41 3.76 3.64 3.30 5.62 6.34 5.20 
0.21 5.66 3.73 6.55 2.59 4.59 3.99 6.78 7.44 5.40 
2.80 7.66 2.45 8.10 2.86 5.50 4.32 8.88 8.65 4.09 
1.54 4.14 3.30 4.92 4.22 2.99 2.64 5.31 5.78 4.65 
6.75 1.47 6.81 0.47 9.42 3.20 4.51 1.55 1.43 6.80 
3.26 3.84 6.04 5.22 5.32 4.71 4.99 4.59 6.41 7.32 
3.16 3.23 5.59 4.56 5.48 4.01 4.36 4.08 5.74 6.76 
3.67 2.13 5.33 3.40 6.23 3.07 3.69 3.12 4.56 6.24 
0.85 5.02 2.93 5.75 3.42 3.61 2.96 6.21 6.56 4.50 
7.88 2.47 7.83 1.49 10.56 4.22 5.52 1.99 1.57 7.67 
2.24 6.17 1.36 6.54 3.70 3.91 2.76 7.41 7.06 3.12 
2.80 4.44 1.92 4.66 5.14 2.03 1.02 5.68 5.17 2.90 
4.06 1.65 5.45 2.93 6.66 2.87 3.65 2.69 4.11 6.24 
5.90 1.50 5.73 0.64 8.57 2.12 3.43 2.28 1.52 5.74 
4.31 6.21 0.96 6.03 5.95 3.31 2.05 7.41 6.15 0.88 
4.93 2.72 4.12 2.28 7.52 0.55 1.82 3.79 2.60 4.09 
8.26 7.37 5.24 6.32 10.21 4.87 4.63 8.20 5.58 3.57 
2.65 7.82 5.73 8.88 1.33 7.07 6.44 8.82 9.85 7.49 
0.35 5.59 3.16 6.37 2.79 4.23 3.53 6.75 7.19 4.84 
4.43 4.21 2.64 3.88 6.77 1.22 0.63 5.35 4.03 2.50 
4.01 2.68 3.69 2.76 6.63 0.59 1.48 3.89 3.37 4.05 
3.24 3.41 2.92 3.65 5.81 1.20 1.05 4.64 4.25 3.59 
6.70 6.74 3.55 5.97 8.54 3.89 3.29 7.74 5.55 1.88 
3.39 3.31 5.89 4.68 5.63 4.28 4.66 4.08 5.88 7.07 
6.20 4.86 8.97 6.33 7.90 6.98 7.62 4.84 7.58 10.11 
8.14 2.55 8.41 2.06 10.79 4.81 6.12 1.66 2.42 8.38 
8.48 4.30 7.23 2.81 11.08 4.08 5.12 4.45 1.55 6.48 
