6.22 4.25 5.49 4.32 6.38 1.38 4.22 6.06 3.44 3.74 4.58 4.82 2.91 4.75 4.17 0.86 1.62 5.37 6.07 5.15 6.61 6.15 0.65 5.50 1.71 4.38 3.78 4.81 4.35 3.98 
5.33 4.17 5.28 5.75 3.61 6.66 9.40 3.07 8.06 8.00 3.00 10.12 6.69 9.92 5.64 6.07 6.54 4.73 3.04 2.80 1.35 1.28 5.58 2.65 3.62 1.61 5.70 5.02 3.14 9.23 
7.29 2.44 3.60 2.47 4.80 2.67 4.88 6.46 3.32 3.26 3.06 5.97 1.97 5.37 2.32 2.63 2.07 6.43 6.46 3.69 6.10 5.25 2.54 4.09 2.16 4.44 1.97 2.93 5.03 4.85 
5.87 3.76 4.80 5.37 3.05 6.68 9.34 3.63 7.91 7.81 2.54 10.15 6.48 9.86 5.27 6.14 6.48 5.24 3.60 2.28 1.58 0.89 5.67 2.10 3.72 2.07 5.36 4.57 3.62 9.21 
7.21 6.96 8.06 6.64 9.21 1.91 3.00 7.96 3.79 4.43 7.42 2.55 4.47 3.42 6.51 2.00 2.82 6.51 7.99 8.00 9.20 8.91 2.39 8.36 4.35 6.76 6.06 7.39 6.18 2.45 
1.04 8.53 9.95 9.47 9.26 6.74 9.32 3.42 9.20 9.58 7.93 8.99 8.73 9.80 9.32 5.92 7.41 1.19 3.46 8.12 6.35 7.17 5.46 8.19 5.04 4.37 9.07 9.40 2.82 8.84 
8.27 2.17 3.02 1.61 4.72 3.16 4.83 7.34 3.01 2.75 3.15 6.14 1.41 5.27 1.47 3.34 2.33 7.41 7.34 3.78 6.68 5.68 3.37 4.21 3.14 5.27 1.05 2.36 5.98 4.92 
3.25 7.17 8.58 7.76 8.54 4.35 6.82 4.54 6.84 7.28 6.92 6.52 6.59 7.30 7.61 3.55 5.11 2.63 4.58 7.28 6.75 7.08 3.17 7.48 3.46 4.26 7.28 7.95 2.98 6.34 
3.48 5.07 6.49 6.03 6.10 4.28 7.14 3.08 6.42 6.65 4.58 7.42 5.60 7.67 5.87 3.49 4.62 2.62 3.10 4.87 4.43 4.60 2.93 5.03 1.66 1.89 5.65 5.93 1.34 6.81 
10.50 7.99 8.63 6.97 10.53 3.68 0.99 10.96 2.97 3.55 8.87 1.18 4.55 0.65 6.90 4.41 3.81 9.76 10.98 9.51 11.64 11.02 4.97 9.93 6.77 9.43 6.45 8.04 9.19 1.08 
9.78 8.49 9.32 7.70 10.97 3.65 1.94 10.54 3.86 4.52 9.23 0.25 5.26 1.91 7.61 4.20 4.11 9.11 10.57 9.86 11.57 11.12 4.72 10.25 6.66 9.22 7.15 8.69 8.76 1.53 
5.44 4.44 5.49 6.04 3.66 7.05 9.78 3.08 8.43 8.36 3.23 10.50 7.04 10.30 5.93 6.46 6.93 4.89 3.05 2.96 0.98 1.11 5.96 2.76 4.00 1.88 6.01 5.26 3.36 9.61 
0.90 7.78 9.15 8.97 8.05 7.19 9.97 1.65 9.48 9.75 6.96 9.94 8.71 10.48 8.82 6.35 7.67 0.93 1.70 7.02 4.70 5.70 5.82 7.01 4.77 3.16 8.66 8.67 1.90 9.56 
6.25 5.03 6.24 4.99 7.17 0.99 3.82 6.41 3.43 3.86 5.37 4.19 3.28 4.34 4.84 0.16 1.70 5.44 6.43 5.95 7.25 6.87 0.41 6.30 2.34 4.91 4.43 5.56 4.65 3.48 
8.87 7.21 8.09 6.50 9.67 2.35 1.40 9.42 2.86 3.54 7.92 1.13 4.08 1.74 6.40 2.95 2.82 8.14 9.44 8.55 10.31 9.82 3.49 8.95 5.39 8.00 5.93 7.45 7.64 0.81 
5.33 5.16 6.47 5.41 7.07 1.92 4.71 5.56 4.33 4.72 5.29 4.93 4.01 5.22 5.25 1.08 2.55 4.52 5.58 5.80 6.64 6.42 0.59 6.11 1.87 4.21 4.88 5.81 3.78 4.34 
1.82 8.13 9.55 8.95 9.09 5.93 8.45 3.82 8.41 8.82 7.64 8.10 8.04 8.92 8.79 5.12 6.65 1.54 3.86 7.90 6.55 7.21 4.69 8.01 4.51 4.33 8.51 8.97 2.79 7.96 
8.89 0.59 0.89 1.71 2.29 5.63 7.41 7.24 5.50 5.10 1.46 8.74 3.88 7.83 1.69 5.61 4.90 8.08 7.22 1.84 5.51 4.16 5.46 2.22 4.30 5.16 2.04 0.61 6.41 7.53 
8.29 3.67 4.49 2.93 6.20 1.90 3.35 7.82 1.71 1.74 4.55 4.63 0.80 3.81 2.82 2.38 0.95 7.43 7.83 5.19 7.70 6.87 2.64 5.61 3.34 5.89 2.35 3.84 6.24 3.42 
2.71 6.13 7.55 7.00 7.17 4.59 7.37 3.14 6.94 7.25 5.66 7.40 6.31 7.88 6.84 3.76 5.12 1.86 3.17 5.95 5.16 5.53 3.23 6.09 2.56 2.68 6.59 6.97 1.43 6.97 
4.14 4.99 6.40 5.68 6.43 3.29 6.14 4.09 5.54 5.83 4.76 6.39 4.88 6.67 5.52 2.48 3.72 3.28 4.11 5.16 5.33 5.31 1.93 5.39 1.28 2.82 5.24 5.79 2.33 5.80 
5.90 3.74 4.77 5.36 3.02 6.68 9.35 3.66 7.91 7.80 2.52 10.16 6.47 9.86 5.25 6.15 6.48 5.27 3.63 2.25 1.59 0.87 5.68 2.08 3.73 2.10 5.35 4.55 3.65 9.21 
2.98 5.45 6.82 6.67 5.90 5.57 8.44 1.80 7.61 7.78 4.67 8.75 6.64 8.97 6.52 4.80 5.84 2.23 1.81 4.79 3.38 3.89 4.24 4.83 2.70 1.01 6.38 6.35 0.55 8.13 
4.81 3.58 4.97 4.79 4.41 4.56 7.36 3.47 6.19 6.25 2.92 7.99 5.00 7.88 4.64 3.94 4.55 3.99 3.46 3.18 3.43 3.17 3.44 3.34 1.48 1.40 4.53 4.47 2.34 7.15 
8.18 0.41 1.60 2.06 2.23 5.31 7.31 6.54 5.49 5.16 0.87 8.55 3.87 7.76 1.99 5.19 4.66 7.37 6.52 1.41 4.92 3.64 4.98 1.83 3.67 4.45 2.22 1.21 5.71 7.38 
5.70 5.14 6.08 6.77 3.98 7.91 10.65 3.19 9.29 9.21 3.89 11.35 7.89 11.17 6.68 7.30 7.79 5.25 3.15 3.53 0.19 1.27 6.80 3.25 4.85 2.54 6.78 5.92 3.88 10.48 
4.12 4.58 5.88 5.97 4.71 5.83 8.66 2.25 7.56 7.62 3.63 9.20 6.37 9.19 5.83 5.14 5.89 3.44 2.24 3.66 2.36 2.66 4.61 3.65 2.74 0.23 5.78 5.47 1.79 8.43 
7.63 1.45 2.68 1.85 3.86 3.65 5.72 6.47 4.00 3.79 2.17 6.90 2.45 6.19 1.70 3.60 3.01 6.77 6.46 2.81 5.64 4.62 3.46 3.23 2.60 4.36 1.52 2.01 5.24 5.75 
4.35 6.76 8.12 7.13 8.43 3.30 5.70 5.36 5.80 6.28 6.71 5.40 5.70 6.17 6.98 2.56 4.13 3.68 5.40 7.15 7.20 7.32 2.27 7.40 3.15 4.66 6.61 7.47 3.65 5.21 
10.04 3.16 3.23 1.62 5.61 4.10 4.66 9.12 2.65 2.05 4.40 6.24 1.44 4.97 1.63 4.57 3.14 9.17 9.12 4.98 8.27 7.13 4.77 5.40 4.90 7.04 1.36 2.79 7.77 4.96 
7.60 3.42 4.43 3.02 5.86 1.73 3.80 7.11 2.37 2.46 4.14 4.90 1.41 4.29 2.89 1.96 1.00 6.74 7.11 4.77 7.07 6.30 2.10 5.18 2.62 5.19 2.45 3.76 5.53 3.77 
7.32 7.31 8.41 6.98 9.55 2.25 3.10 8.16 4.04 4.69 7.76 2.44 4.78 3.48 6.85 2.33 3.14 6.65 8.19 8.34 9.48 9.22 2.71 8.69 4.65 7.02 6.40 7.73 6.39 2.53 
8.75 0.99 1.63 0.78 3.51 4.52 6.15 7.43 4.24 3.84 2.23 7.51 2.61 6.57 0.66 4.62 3.73 7.91 7.42 2.80 6.18 4.98 4.55 3.22 3.79 5.30 0.83 0.96 6.33 6.29 
7.78 4.64 5.60 4.10 7.08 0.76 2.72 7.68 1.86 2.28 5.34 3.68 1.92 3.24 3.98 1.45 0.25 6.95 7.69 5.97 8.03 7.38 1.89 6.38 3.26 5.94 3.51 4.93 5.98 2.60 
6.47 1.94 3.31 3.34 3.01 4.74 7.23 4.90 5.70 5.57 1.31 8.19 4.23 7.73 3.21 4.37 4.37 5.67 4.89 1.73 3.80 2.87 4.00 2.03 2.29 2.79 3.22 2.84 4.00 7.16 
2.09 6.93 8.25 8.24 6.96 7.10 9.95 0.50 9.23 9.42 6.00 10.12 8.28 10.48 8.10 6.29 7.44 1.79 0.55 6.00 3.51 4.54 5.74 5.95 4.34 2.21 7.99 7.83 1.49 9.60 
9.63 1.74 1.62 0.16 4.02 4.87 6.08 8.34 4.08 3.58 3.01 7.56 2.55 6.44 0.32 5.11 3.98 8.78 8.33 3.52 7.04 5.78 5.12 3.92 4.60 6.22 0.72 1.18 7.22 6.30 
0.68 8.63 10.04 9.64 9.25 7.07 9.68 3.18 9.51 9.87 7.98 9.39 8.99 10.16 9.48 6.24 7.71 1.12 3.23 8.14 6.18 7.07 5.76 8.18 5.23 4.33 9.25 9.51 2.82 9.21 
2.18 6.54 7.88 7.82 6.70 6.64 9.50 0.79 8.76 8.95 5.66 9.69 7.82 10.02 7.68 5.84 6.97 1.70 0.82 5.69 3.47 4.37 5.28 5.66 3.88 1.85 7.56 7.44 1.03 9.15 
5.30 3.08 4.47 4.34 3.97 4.54 7.27 3.88 6.00 6.00 2.43 8.01 4.72 7.79 4.20 3.99 4.43 4.49 3.87 2.73 3.47 2.99 3.53 2.91 1.58 1.76 4.11 3.98 2.83 7.11 
12.31 5.03 4.51 3.38 7.12 5.99 5.54 11.38 3.83 3.16 6.30 7.22 3.44 5.64 3.48 6.60 5.05 11.45 11.38 6.79 10.32 9.07 6.88 7.18 7.18 9.28 3.43 4.36 10.05 6.01 
4.13 6.44 7.81 6.88 8.04 3.30 5.83 4.99 5.78 6.23 6.33 5.65 5.57 6.32 6.72 2.50 4.06 3.42 5.03 6.77 6.78 6.90 2.13 7.01 2.78 4.24 6.37 7.16 3.26 5.37 
8.95 1.78 2.26 0.73 4.31 4.01 5.41 7.83 3.46 3.05 2.97 6.82 1.85 5.81 0.59 4.23 3.14 8.09 7.82 3.57 6.83 5.68 4.25 4.00 3.85 5.71 0.18 1.65 6.59 5.57 
0.92 7.47 8.86 8.59 7.93 6.59 9.36 1.95 8.92 9.20 6.73 9.31 8.20 9.87 8.43 5.76 7.10 0.35 1.99 6.85 4.86 5.72 5.23 6.87 4.29 3.01 8.25 8.36 1.56 8.95 
8.95 7.73 8.63 7.05 10.17 2.78 1.77 9.65 3.40 4.08 8.41 0.81 4.63 2.00 6.95 3.30 3.33 8.26 9.67 9.03 10.67 10.24 3.82 9.42 5.76 8.32 6.48 7.98 7.86 1.20 
9.07 5.29 5.98 4.35 7.84 1.85 1.71 8.99 0.73 1.37 6.19 3.12 1.90 2.17 4.26 2.67 1.36 8.24 9.00 6.83 9.21 8.46 3.16 7.25 4.54 7.21 3.80 5.37 7.30 1.86 
4.39 3.99 5.39 5.14 4.84 4.52 7.35 3.21 6.30 6.40 3.36 7.90 5.19 7.88 5.00 3.84 4.59 3.57 3.21 3.62 3.57 3.46 3.31 3.77 1.43 1.26 4.85 4.88 1.94 7.11 
7.58 1.64 2.54 3.29 1.56 5.98 8.25 5.67 6.52 6.26 0.39 9.36 4.94 8.72 3.22 5.70 5.47 6.83 5.65 0.30 3.75 2.42 5.38 0.70 3.73 3.70 3.42 2.36 5.13 8.25 
9.81 1.72 0.74 2.39 2.01 6.72 8.34 7.99 6.38 5.91 2.17 9.74 4.78 8.73 2.43 6.73 5.96 9.02 7.97 2.25 5.91 4.47 6.58 2.48 5.39 5.98 2.87 1.29 7.34 8.50 
5.75 3.08 4.29 4.62 3.11 5.70 8.36 3.83 6.94 6.86 2.01 9.18 5.53 8.87 4.50 5.19 5.49 5.03 3.81 2.01 2.49 1.78 4.74 2.03 2.80 1.85 4.53 3.95 3.34 8.23 
4.41 4.10 5.52 5.07 5.26 3.93 6.78 3.59 5.83 5.97 3.66 7.28 4.83 7.31 4.92 3.22 4.08 3.55 3.60 4.00 4.21 4.08 2.69 4.20 0.90 1.83 4.72 4.96 2.07 6.52 
4.85 3.71 5.13 4.63 5.02 3.65 6.48 4.00 5.44 5.56 3.36 7.06 4.40 7.01 4.48 3.01 3.72 4.00 4.01 3.75 4.37 4.08 2.50 3.99 0.56 2.13 4.27 4.55 2.52 6.25 
7.06 4.62 5.72 4.34 6.95 0.50 3.26 7.01 2.58 2.98 5.17 3.96 2.44 3.79 4.21 0.76 0.82 6.23 7.03 5.78 7.53 6.99 1.16 6.16 2.66 5.35 3.76 5.04 5.30 3.04 
4.86 4.09 5.32 5.59 3.97 6.07 8.84 2.81 7.59 7.58 3.04 9.50 6.28 9.37 5.46 5.45 6.01 4.20 2.79 2.98 1.93 1.92 4.94 2.93 2.99 1.00 5.46 4.97 2.56 8.65 
9.89 1.57 0.78 0.98 3.36 5.67 6.97 8.39 4.98 4.46 2.72 8.45 3.43 7.34 1.09 5.84 4.81 9.06 8.38 3.11 6.78 5.43 5.80 3.47 5.02 6.29 1.55 0.69 7.43 7.19 
9.40 8.35 9.22 7.63 10.80 3.42 2.06 10.19 3.88 4.55 9.04 0.49 5.20 2.13 7.53 3.92 3.95 8.73 10.22 9.66 11.29 10.87 4.42 10.06 6.37 8.91 7.06 8.58 8.41 1.57 
8.84 0.66 1.23 1.00 3.08 4.95 6.61 7.39 4.70 4.29 1.93 7.97 3.07 7.03 0.94 5.00 4.17 8.00 7.38 2.45 5.97 4.70 4.90 2.87 3.99 5.27 1.24 0.55 6.39 6.75 
10.32 3.59 3.61 2.03 6.02 4.14 4.43 9.47 2.44 1.80 4.82 6.05 1.49 4.71 2.04 4.68 3.18 9.45 9.47 5.40 8.68 7.54 4.92 5.82 5.19 7.40 1.78 3.19 8.08 4.77 
10.52 5.25 5.54 3.88 7.80 3.47 2.61 10.15 0.99 0.59 6.38 4.29 1.89 2.79 3.86 4.24 2.71 9.67 10.16 7.00 9.90 8.95 4.67 7.43 5.66 8.21 3.48 5.04 8.55 3.05 
5.73 6.72 7.98 6.76 8.71 2.32 4.37 6.59 4.73 5.28 6.92 4.03 4.95 4.83 6.61 1.82 3.27 5.04 6.62 7.45 8.11 8.01 1.85 7.75 3.50 5.59 6.20 7.30 4.83 3.86 
9.46 3.61 4.03 2.36 6.17 3.08 3.66 8.80 1.65 1.18 4.73 5.19 0.47 4.01 2.31 3.64 2.12 8.60 8.81 5.35 8.32 7.32 3.90 5.79 4.40 6.79 1.89 3.48 7.32 3.91 
8.72 0.47 1.06 1.79 2.25 5.56 7.39 7.06 5.50 5.12 1.30 8.70 3.87 7.82 1.75 5.51 4.85 7.91 7.05 1.71 5.36 4.02 5.34 2.10 4.15 4.98 2.08 0.74 6.24 7.50 
5.20 3.83 5.02 5.35 3.63 6.09 8.83 3.13 7.51 7.47 2.73 9.54 6.16 9.35 5.23 5.50 5.98 4.53 3.11 2.65 1.92 1.67 5.01 2.60 3.05 1.32 5.26 4.70 2.88 8.66 
6.44 2.71 4.04 3.17 4.76 2.78 5.33 5.61 3.99 4.02 2.95 6.23 2.79 5.85 3.01 2.47 2.47 5.57 5.62 3.54 5.45 4.75 2.20 3.90 1.31 3.62 2.73 3.38 4.16 5.22 
9.27 7.15 7.94 6.33 9.64 2.50 0.89 9.73 2.53 3.20 7.92 1.14 3.88 1.24 6.23 3.19 2.80 8.53 9.75 8.56 10.49 9.93 3.75 8.96 5.59 8.23 5.77 7.32 7.95 0.30 
9.00 5.33 6.05 4.42 7.88 1.77 1.67 8.95 0.83 1.47 6.22 3.05 1.97 2.14 4.33 2.60 1.33 8.18 8.97 6.86 9.20 8.46 3.10 7.28 4.51 7.19 3.87 5.43 7.25 1.79 
6.20 3.28 4.31 4.91 2.65 6.46 9.07 4.05 7.57 7.44 2.05 9.93 6.11 9.57 4.81 5.97 6.20 5.54 4.02 1.80 2.03 1.02 5.53 1.65 3.59 2.33 4.92 4.09 3.88 8.96 
10.08 2.39 2.15 0.74 4.64 4.85 5.75 8.89 3.74 3.17 3.66 7.30 2.33 6.08 0.84 5.19 3.92 9.22 8.88 4.17 7.68 6.43 5.28 4.58 4.98 6.77 0.95 1.80 7.70 6.02 
1.33 7.31 8.72 8.29 8.04 5.92 8.63 2.64 8.30 8.63 6.69 8.51 7.70 9.13 8.14 5.08 6.49 0.55 2.68 6.89 5.33 6.04 4.57 6.96 3.89 3.18 7.91 8.18 1.63 8.20 
10.00 2.77 2.74 1.16 5.16 4.38 5.13 8.97 3.12 2.54 4.02 6.69 1.78 5.45 1.19 4.79 3.43 9.14 8.96 4.58 7.96 6.77 4.93 5.00 4.87 6.86 1.03 2.32 7.68 5.41 
9.90 8.36 9.15 7.53 10.85 3.60 1.69 10.60 3.64 4.29 9.13 0.15 5.08 1.64 7.44 4.19 4.00 9.21 10.62 9.76 11.56 11.07 4.72 10.16 6.64 9.23 6.98 8.53 8.81 1.33 
7.24 2.42 3.61 2.50 4.77 2.69 4.93 6.39 3.39 3.32 3.02 6.01 2.04 5.42 2.35 2.63 2.12 6.37 6.40 3.65 6.03 5.19 2.53 4.05 2.10 4.37 2.01 2.93 4.97 4.90 
6.54 5.59 6.35 7.24 3.98 8.78 11.47 3.99 10.03 9.91 4.31 12.24 8.57 11.99 7.16 8.21 8.61 6.15 3.95 3.84 1.00 1.55 7.71 3.48 5.75 3.52 7.32 6.29 4.84 11.33 
5.42 3.15 4.46 4.59 3.53 5.27 7.97 3.67 6.63 6.59 2.23 8.74 5.28 8.49 4.46 4.73 5.11 4.67 3.66 2.36 2.79 2.26 4.26 2.45 2.31 1.59 4.45 4.05 2.97 7.82 
6.64 1.84 3.16 3.32 2.75 4.97 7.42 4.99 5.85 5.70 1.07 8.41 4.36 7.92 3.20 4.61 4.58 5.85 4.97 1.47 3.72 2.71 4.26 1.77 2.54 2.89 3.24 2.73 4.16 7.36 
7.86 4.80 5.74 4.23 7.25 0.73 2.56 7.81 1.79 2.26 5.51 3.51 2.00 3.08 4.11 1.49 0.40 7.04 7.82 6.14 8.19 7.55 1.96 6.55 3.40 6.08 3.65 5.08 6.10 2.43 
6.84 2.41 3.42 4.05 2.03 6.10 8.56 4.83 6.96 6.77 1.16 9.55 5.43 9.06 3.96 5.71 5.72 6.12 4.81 0.95 2.90 1.67 5.32 0.95 3.49 2.93 4.10 3.20 4.42 8.51 
3.26 5.38 6.81 6.30 6.44 4.29 7.14 3.12 6.52 6.77 4.92 7.34 5.76 7.66 6.14 3.48 4.70 2.39 3.14 5.21 4.69 4.91 2.93 5.37 1.89 2.15 5.91 6.23 1.34 6.79 
2.50 5.91 7.29 7.10 6.37 5.75 8.61 1.62 7.88 8.08 5.14 8.83 6.97 9.14 6.95 4.95 6.09 1.76 1.64 5.26 3.67 4.30 4.40 5.30 3.02 1.46 6.80 6.81 0.18 8.27 
10.47 7.01 7.55 5.89 9.58 3.30 0.64 10.64 1.89 2.40 7.98 2.19 3.51 0.56 5.83 4.12 3.13 9.68 10.66 8.62 11.01 10.28 4.67 9.04 6.27 8.96 5.39 6.99 8.91 1.23 
5.38 5.42 6.40 7.04 4.35 7.95 10.72 2.85 9.42 9.37 4.18 11.37 8.05 11.24 6.93 7.32 7.88 4.97 2.81 3.85 0.22 1.64 6.80 3.59 4.87 2.42 7.02 6.22 3.66 10.53 
5.95 4.08 5.38 4.30 6.12 1.76 4.59 5.70 3.75 4.02 4.32 5.19 3.10 5.12 4.15 1.18 1.95 5.09 5.72 4.88 6.24 5.80 0.81 5.22 1.34 4.01 3.78 4.70 4.02 4.35 
0.59 8.61 10.02 9.63 9.20 7.11 9.73 3.10 9.54 9.89 7.94 9.45 9.00 10.21 9.47 6.27 7.74 1.07 3.14 8.09 6.11 7.01 5.79 8.13 5.22 4.28 9.25 9.49 2.77 9.26 
5.15 3.51 4.80 4.96 3.72 5.50 8.24 3.32 6.94 6.92 2.55 8.95 5.62 8.76 4.83 4.92 5.39 4.42 3.30 2.61 2.51 2.16 4.43 2.65 2.47 1.26 4.82 4.41 2.72 8.07 
7.53 7.63 8.72 7.28 9.89 2.56 3.12 8.45 4.22 4.89 8.10 2.28 5.05 3.46 7.15 2.68 3.43 6.88 8.48 8.68 9.81 9.56 3.05 9.03 4.99 7.34 6.69 8.05 6.68 2.54 
10.65 2.84 2.34 1.25 4.93 5.30 5.97 9.44 3.96 3.34 4.10 7.57 2.70 6.26 1.38 5.69 4.35 9.79 9.43 4.58 8.15 6.87 5.80 4.97 5.56 7.32 1.53 2.14 8.27 6.28 
11.10 5.53 5.67 4.06 8.03 4.07 2.98 10.69 1.59 1.15 6.70 4.66 2.34 3.07 4.06 4.84 3.30 10.25 10.69 7.31 10.34 9.33 5.26 7.74 6.21 8.72 3.72 5.23 9.11 3.48 
12.98 5.32 4.56 3.74 7.17 6.87 6.48 11.91 4.77 4.10 6.57 8.16 4.27 6.57 3.87 7.45 5.92 12.12 11.90 7.00 10.63 9.32 7.70 7.37 7.85 9.79 3.93 4.55 10.66 6.95 
3.45 4.99 6.40 6.02 5.89 4.54 7.40 2.82 6.62 6.82 4.42 7.72 5.73 7.93 5.87 3.76 4.83 2.60 2.84 4.68 4.10 4.30 3.20 4.81 1.77 1.56 5.68 5.86 1.15 7.09 
4.75 4.08 5.34 5.54 4.07 5.89 8.68 2.78 7.45 7.45 3.06 9.32 6.17 9.20 5.42 5.27 5.85 4.07 2.76 3.05 2.11 2.11 4.76 3.02 2.81 0.86 5.40 4.97 2.41 8.48 
5.76 5.51 6.42 7.15 4.26 8.27 11.02 3.22 9.68 9.60 4.25 11.71 8.27 11.54 7.05 7.66 8.17 5.36 3.18 3.87 0.28 1.57 7.15 3.57 5.20 2.81 7.16 6.28 4.07 10.85 
6.55 2.09 3.49 2.93 3.97 3.57 6.04 5.40 4.56 4.50 2.17 7.01 3.19 6.55 2.78 3.26 3.18 5.69 5.40 2.74 4.85 4.04 2.96 3.11 1.63 3.31 2.61 2.88 4.15 5.97 
7.64 1.92 2.70 3.57 1.33 6.29 8.58 5.65 6.85 6.58 0.71 9.68 5.26 9.05 3.50 6.00 5.80 6.91 5.63 0.14 3.57 2.19 5.67 0.37 3.97 3.74 3.72 2.58 5.21 8.58 
12.46 5.05 4.45 3.41 7.07 6.21 5.80 11.48 4.09 3.42 6.31 7.49 3.64 5.91 3.52 6.81 5.27 11.59 11.47 6.79 10.35 9.08 7.08 7.17 7.32 9.37 3.51 4.34 10.18 6.27 
5.18 3.42 4.72 4.84 3.73 5.36 8.09 3.41 6.79 6.77 2.49 8.82 5.48 8.61 4.71 4.78 5.24 4.44 3.39 2.58 2.65 2.27 4.30 2.65 2.34 1.33 4.69 4.31 2.74 7.92 
7.64 1.57 2.46 3.22 1.55 5.96 8.21 5.75 6.48 6.21 0.33 9.33 4.89 8.68 3.15 5.69 5.44 6.89 5.73 0.32 3.83 2.50 5.38 0.74 3.75 3.77 3.36 2.28 5.19 8.22 
7.50 2.96 3.60 4.60 1.42 7.12 9.52 5.29 7.85 7.60 1.73 10.56 6.27 10.00 4.54 6.75 6.70 6.84 5.25 1.15 2.78 1.33 6.37 0.75 4.54 3.63 4.76 3.58 5.18 9.49 
8.89 4.36 5.03 3.40 6.92 2.00 2.64 8.55 0.90 1.07 5.31 4.06 0.96 3.08 3.31 2.69 1.12 8.04 8.56 5.95 8.51 7.67 3.07 6.37 4.06 6.67 2.85 4.42 6.94 2.80 
6.20 5.01 6.23 4.99 7.14 1.05 3.88 6.35 3.48 3.90 5.34 4.25 3.31 4.40 4.85 0.22 1.74 5.38 6.37 5.91 7.20 6.82 0.35 6.26 2.28 4.85 4.43 5.55 4.59 3.54 
8.70 7.94 8.89 7.34 10.34 2.90 2.23 9.51 3.79 4.47 8.57 1.08 4.95 2.45 7.23 3.32 3.55 8.03 9.53 9.18 10.66 10.29 3.80 9.56 5.76 8.26 6.76 8.23 7.73 1.66 
1.34 8.04 9.46 8.95 8.87 6.18 8.77 3.36 8.63 9.01 7.49 8.48 8.17 9.25 8.79 5.35 6.84 1.07 3.41 7.71 6.17 6.89 4.89 7.80 4.51 4.04 8.53 8.90 2.48 8.30 
8.55 2.96 3.15 4.46 0.55 7.65 9.86 6.33 8.07 7.74 2.00 11.02 6.45 10.32 4.44 7.38 7.13 7.88 6.30 1.38 3.70 2.26 7.05 1.03 5.32 4.67 4.75 3.33 6.22 9.89 
0.22 8.59 9.98 9.67 9.05 7.36 10.03 2.76 9.76 10.09 7.86 9.80 9.16 10.52 9.51 6.52 7.95 1.04 2.81 7.97 5.81 6.78 6.02 7.99 5.31 4.13 9.31 9.47 2.69 9.57 
3.97 4.62 6.05 5.54 5.78 3.93 6.80 3.44 6.00 6.20 4.20 7.17 5.12 7.33 5.39 3.16 4.20 3.11 3.46 4.53 4.47 4.48 2.61 4.72 1.18 1.97 5.16 5.47 1.77 6.49 
8.02 1.99 2.97 1.70 4.52 3.19 5.02 7.05 3.25 3.02 2.90 6.28 1.69 5.48 1.54 3.30 2.43 7.15 7.05 3.54 6.38 5.39 3.28 3.97 2.89 4.97 1.19 2.29 5.70 5.09 
5.07 5.94 7.26 6.18 7.79 2.31 4.87 5.66 4.80 5.26 6.02 4.82 4.68 5.37 6.03 1.54 3.11 4.31 5.69 6.52 7.07 6.99 1.25 6.81 2.53 4.57 5.65 6.59 3.88 4.43 
8.64 6.78 7.66 6.09 9.24 1.94 1.39 9.10 2.54 3.22 7.49 1.55 3.68 1.83 5.98 2.58 2.38 7.89 9.12 8.12 9.91 9.40 3.13 8.51 5.00 7.63 5.52 7.02 7.32 0.86 
5.42 4.51 5.56 6.12 3.72 7.10 9.84 3.04 8.50 8.43 3.30 10.55 7.11 10.36 6.01 6.51 6.99 4.87 3.01 3.03 0.91 1.14 6.01 2.83 4.05 1.89 6.08 5.33 3.36 9.67 
8.68 7.25 8.16 6.59 9.69 2.31 1.63 9.28 3.02 3.70 7.93 1.20 4.18 1.96 6.48 2.86 2.85 7.96 9.30 8.55 10.23 9.77 3.39 8.94 5.31 7.90 6.01 7.51 7.50 1.04 
9.84 5.33 5.83 4.16 7.90 2.67 1.91 9.64 0.23 0.72 6.36 3.55 1.82 2.22 4.11 3.48 2.03 9.01 9.65 6.99 9.64 8.78 3.94 7.42 5.15 7.78 3.67 5.27 7.99 2.28 
3.09 5.30 6.69 6.43 5.95 5.11 7.98 2.24 7.19 7.38 4.61 8.28 6.26 8.51 6.28 4.33 5.41 2.27 2.26 4.79 3.74 4.12 3.77 4.88 2.31 1.25 6.11 6.18 0.64 7.66 
3.70 5.13 6.42 6.52 5.15 6.20 9.05 1.70 8.03 8.11 4.16 9.51 6.88 9.58 6.39 5.48 6.32 3.08 1.68 4.15 2.32 2.91 4.93 4.11 3.15 0.48 6.33 6.02 1.55 8.79 
5.51 3.67 5.04 4.21 5.46 2.62 5.43 4.98 4.43 4.60 3.69 6.06 3.52 5.96 4.06 2.02 2.68 4.65 4.99 4.20 5.38 4.96 1.57 4.51 0.50 3.18 3.76 4.40 3.38 5.21 
10.76 7.07 7.56 5.89 9.64 3.56 0.96 10.89 1.93 2.37 8.07 2.46 3.56 0.78 5.84 4.39 3.33 9.97 10.91 8.71 11.19 10.43 4.93 9.14 6.49 9.18 5.41 7.01 9.17 1.55 
10.66 2.44 1.53 1.28 4.16 5.92 6.85 9.24 4.83 4.24 3.61 8.41 3.44 7.16 1.44 6.20 5.00 9.82 9.23 4.00 7.67 6.32 6.24 4.35 5.69 7.13 1.82 1.58 8.22 7.13 
9.57 8.40 9.25 7.65 10.86 3.50 1.98 10.34 3.85 4.52 9.11 0.34 5.21 2.01 7.55 4.03 4.00 8.89 10.37 9.74 11.40 10.97 4.55 10.13 6.49 9.04 7.08 8.61 8.56 1.53 
6.12 2.53 3.79 4.04 2.90 5.34 7.92 4.33 6.44 6.33 1.54 8.81 5.00 8.43 3.92 4.89 5.06 5.36 4.31 1.68 3.03 2.16 4.47 1.82 2.60 2.27 3.96 3.41 3.66 7.82 
8.57 4.15 4.91 3.31 6.70 1.79 2.85 8.22 1.23 1.39 5.06 4.18 0.93 3.30 3.21 2.43 0.86 7.72 8.22 5.70 8.19 7.37 2.78 6.12 3.72 6.33 2.74 4.28 6.60 2.94 
1.73 7.47 8.90 8.35 8.40 5.60 8.23 3.29 8.04 8.41 6.96 8.02 7.56 8.73 8.19 4.77 6.25 1.14 3.33 7.21 5.91 6.53 4.30 7.32 3.91 3.64 7.93 8.32 2.11 7.78 
11.77 4.38 3.88 2.73 6.49 5.65 5.51 10.77 3.67 2.99 5.65 7.19 3.03 5.68 2.83 6.21 4.69 10.90 10.77 6.14 9.67 8.42 6.45 6.54 6.63 8.66 2.80 3.71 9.47 5.94 
12.42 4.45 3.54 2.98 6.12 6.77 6.85 11.18 4.97 4.29 5.66 8.52 4.11 7.02 3.12 7.26 5.81 11.56 11.17 6.04 9.72 8.37 7.44 6.39 7.32 9.05 3.29 3.62 10.03 7.26 
5.86 4.51 5.79 4.67 6.54 1.56 4.43 5.80 3.78 4.11 4.74 4.90 3.30 4.96 4.52 0.85 1.96 5.02 5.82 5.30 6.53 6.15 0.39 5.63 1.61 4.22 4.14 5.11 4.07 4.14 
9.58 4.01 4.43 2.76 6.57 2.96 3.28 9.03 1.27 0.78 5.11 4.85 0.64 3.62 2.71 3.59 2.03 8.72 9.03 5.74 8.65 7.67 3.91 6.17 4.57 7.04 2.29 3.88 7.50 3.56 
7.76 4.10 4.58 5.72 2.05 8.21 10.66 5.35 9.01 8.77 2.89 11.67 7.44 11.15 5.66 7.80 7.83 7.19 5.31 2.29 2.42 1.21 7.39 1.86 5.49 4.08 5.91 4.64 5.62 10.62 
6.62 5.55 6.70 5.37 7.76 0.80 3.34 6.95 3.27 3.78 5.96 3.57 3.43 3.85 5.23 0.55 1.74 5.84 6.97 6.55 7.88 7.51 1.02 6.90 2.97 5.52 4.79 6.02 5.17 2.95 
5.42 4.82 5.84 6.44 3.91 7.42 10.16 2.97 8.83 8.77 3.60 10.86 7.45 10.69 6.33 6.81 7.31 4.92 2.94 3.30 0.58 1.24 6.30 3.07 4.35 2.07 6.41 5.63 3.47 9.99 
2.30 6.68 8.10 7.54 7.68 4.95 7.67 3.18 7.35 7.69 6.20 7.59 6.79 8.17 7.38 4.11 5.54 1.50 3.21 6.47 5.47 5.95 3.61 6.60 3.10 3.06 7.12 7.52 1.65 7.24 
3.72 4.78 6.20 5.76 5.80 4.24 7.11 3.12 6.31 6.51 4.27 7.46 5.42 7.64 5.61 3.47 4.52 2.87 3.14 4.57 4.25 4.35 2.91 4.72 1.46 1.72 5.40 5.64 1.47 6.80 
5.52 6.85 8.13 6.95 8.79 2.57 4.63 6.46 4.99 5.54 7.01 4.24 5.18 5.08 6.80 2.02 3.50 4.85 6.49 7.52 8.06 8.01 2.00 7.82 3.55 5.54 6.39 7.46 4.71 4.11 
2.90 7.42 8.83 8.07 8.69 4.74 7.22 4.37 7.23 7.66 7.11 6.89 6.95 7.69 7.91 3.94 5.49 2.34 4.41 7.45 6.71 7.13 3.55 7.62 3.71 4.27 7.60 8.22 2.90 6.73 
3.38 5.33 6.64 6.68 5.45 6.10 8.97 1.53 8.01 8.12 4.40 9.37 6.91 9.50 6.54 5.36 6.27 2.74 1.53 4.43 2.63 3.25 4.80 4.41 3.09 0.61 6.45 6.23 1.21 8.68 
11.47 4.50 4.22 2.85 6.78 5.09 4.80 10.62 3.00 2.32 5.77 6.48 2.55 4.96 2.92 5.70 4.15 10.60 10.61 6.31 9.72 8.53 5.98 6.72 6.34 8.53 2.78 3.95 9.24 5.24 
9.44 1.45 1.41 0.27 3.74 4.91 6.25 8.10 4.27 3.79 2.72 7.70 2.70 6.63 0.33 5.10 4.05 8.59 8.09 3.22 6.75 5.49 5.09 3.63 4.45 5.98 0.80 0.90 7.02 6.45 
7.82 3.86 4.33 5.47 1.81 8.05 10.48 5.44 8.80 8.55 2.67 11.50 7.22 10.96 5.42 7.66 7.65 7.23 5.41 2.06 2.58 1.27 7.25 1.63 5.37 4.09 5.67 4.40 5.64 10.44 
3.84 4.74 6.07 6.08 4.99 5.69 8.54 2.12 7.50 7.59 3.85 9.02 6.36 9.06 5.94 4.97 5.80 3.14 2.12 3.92 2.64 2.98 4.43 3.93 2.62 0.10 5.86 5.64 1.48 8.28 
5.99 2.39 3.78 3.68 3.48 4.48 7.08 4.53 5.66 5.59 1.82 7.95 4.28 7.59 3.54 4.04 4.21 5.18 4.52 2.21 3.76 3.01 3.64 2.47 1.83 2.40 3.48 3.29 3.52 6.97 
7.62 4.40 4.92 6.03 2.40 8.39 10.89 5.17 9.26 9.04 3.18 11.86 7.70 11.38 5.98 7.95 8.04 7.08 5.13 2.59 2.18 1.14 7.52 2.17 5.60 4.03 6.21 4.97 5.55 10.83 
9.29 8.26 9.14 7.55 10.70 3.31 2.04 10.08 3.82 4.50 8.94 0.55 5.12 2.14 7.45 3.80 3.85 8.62 10.10 9.56 11.17 10.75 4.31 9.95 6.26 8.79 6.98 8.50 8.29 1.53 
8.06 1.29 2.37 1.42 3.82 3.84 5.72 6.87 3.91 3.64 2.25 6.98 2.31 6.17 1.27 3.87 3.11 7.20 6.86 2.88 5.92 4.84 3.77 3.31 3.03 4.75 1.11 1.69 5.66 5.79 
11.68 4.21 3.69 2.57 6.30 5.65 5.61 10.65 3.74 3.06 5.48 7.28 3.01 5.79 2.67 6.19 4.69 10.81 10.64 5.97 9.51 8.25 6.42 6.36 6.54 8.54 2.67 3.53 9.37 6.03 
4.34 4.69 6.10 5.40 6.15 3.23 6.09 4.13 5.40 5.66 4.47 6.43 4.67 6.62 5.24 2.44 3.59 3.48 4.14 4.88 5.18 5.09 1.88 5.11 0.98 2.71 4.96 5.49 2.39 5.77 
4.04 7.20 8.58 7.62 8.78 3.81 6.13 5.29 6.30 6.79 7.09 5.74 6.22 6.59 7.47 3.08 4.65 3.44 5.33 7.51 7.33 7.54 2.79 7.74 3.54 4.80 7.11 7.93 3.65 5.63 
6.65 5.09 5.84 6.75 3.48 8.43 11.09 4.14 9.61 9.47 3.82 11.91 8.13 11.60 6.67 7.89 8.22 6.20 4.10 3.33 1.07 1.07 7.41 2.97 5.45 3.38 6.83 5.78 4.80 10.97 
5.00 4.61 5.98 5.08 6.36 2.45 5.31 4.91 4.66 4.96 4.60 5.68 4.05 5.84 4.92 1.66 2.85 4.14 4.93 5.09 5.83 5.61 1.11 5.37 1.09 3.42 4.59 5.33 3.17 5.00 
7.09 2.31 3.24 3.97 1.77 6.23 8.64 5.07 7.00 6.79 1.04 9.67 5.45 9.13 3.88 5.86 5.81 6.37 5.04 0.72 3.04 1.73 5.49 0.69 3.69 3.18 4.05 3.06 4.68 8.60 
6.32 4.28 5.50 4.31 6.43 1.27 4.11 6.17 3.33 3.64 4.63 4.72 2.83 4.64 4.16 0.79 1.51 5.47 6.19 5.21 6.72 6.24 0.66 5.57 1.82 4.50 3.76 4.82 4.47 3.86 
10.03 5.01 5.42 3.75 7.58 2.98 2.43 9.69 0.56 0.23 6.09 4.08 1.54 2.70 3.71 3.75 2.22 9.18 9.70 6.72 9.52 8.60 4.17 7.16 5.20 7.78 3.29 4.89 8.08 2.81 
4.27 5.40 6.79 5.94 6.97 2.99 5.78 4.55 5.36 5.71 5.26 5.91 4.88 6.29 5.78 2.15 3.56 3.45 4.57 5.70 5.93 5.92 1.63 5.94 1.71 3.41 5.46 6.15 2.76 5.39 
1.62 7.11 8.46 8.36 7.30 6.91 9.75 1.00 9.12 9.34 6.25 9.84 8.25 10.27 8.21 6.09 7.31 1.29 1.05 6.29 3.98 4.95 5.54 6.26 4.29 2.44 8.07 8.01 1.37 9.37 
3.63 6.01 7.41 6.63 7.42 3.62 6.33 4.22 6.04 6.41 5.77 6.30 5.60 6.83 6.47 2.78 4.25 2.84 4.25 6.16 5.98 6.14 2.30 6.37 2.30 3.43 6.16 6.79 2.47 5.91 
7.58 3.47 4.04 5.11 1.65 7.60 10.03 5.27 8.37 8.13 2.26 11.05 6.80 10.52 5.05 7.21 7.21 6.96 5.23 1.66 2.55 1.12 6.81 1.24 4.94 3.78 5.28 4.06 5.34 10.00 
10.62 7.72 8.32 6.65 10.28 3.64 0.79 10.98 2.64 3.19 8.65 1.60 4.24 0.29 6.59 4.42 3.66 9.87 11.00 9.29 11.54 10.87 4.98 9.71 6.71 9.39 6.14 7.74 9.22 1.13 
0.78 7.99 9.40 8.99 8.65 6.52 9.18 2.84 8.93 9.28 7.35 8.97 8.37 9.67 8.84 5.68 7.13 0.57 2.88 7.53 5.74 6.55 5.19 7.58 4.59 3.75 8.61 8.87 2.21 8.73 
6.55 3.90 5.11 3.91 6.11 1.42 4.14 6.25 3.17 3.41 4.32 4.89 2.51 4.67 3.76 1.14 1.39 5.69 6.27 4.91 6.61 6.06 1.06 5.28 1.80 4.49 3.36 4.43 4.59 3.95 
9.98 7.81 8.54 6.90 10.34 3.28 0.96 10.50 2.96 3.59 8.64 0.76 4.45 0.92 6.82 3.98 3.52 9.25 10.52 9.27 11.27 10.70 4.53 9.69 6.37 9.02 6.36 7.93 8.72 0.74 
2.34 6.04 7.43 7.19 6.58 5.66 8.51 1.77 7.84 8.06 5.31 8.69 6.97 9.03 7.04 4.85 6.03 1.56 1.80 5.46 3.93 4.55 4.30 5.51 3.02 1.69 6.87 6.93 0.14 8.16 
2.72 5.69 7.10 6.76 6.42 5.10 7.95 2.31 7.28 7.50 5.05 8.15 6.44 8.47 6.60 4.29 5.47 1.88 2.33 5.25 4.15 4.59 3.73 5.34 2.49 1.70 6.42 6.57 0.52 7.60 
3.14 5.37 6.79 6.36 6.31 4.56 7.42 2.82 6.75 6.98 4.83 7.64 5.94 7.94 6.20 3.76 4.94 2.27 2.84 5.10 4.40 4.68 3.20 5.23 2.01 1.87 5.99 6.24 1.05 7.07 
11.40 3.78 3.22 2.16 5.84 5.60 5.79 10.30 3.86 3.19 5.04 7.45 2.94 6.01 2.27 6.09 4.64 10.54 10.29 5.52 9.09 7.81 6.28 5.91 6.27 8.18 2.32 3.08 9.06 6.18 
6.64 4.61 5.38 6.27 3.09 8.02 10.65 4.17 9.15 9.00 3.34 11.50 7.66 11.16 6.19 7.50 7.79 6.13 4.13 2.86 1.18 0.59 7.04 2.51 5.08 3.17 6.36 5.31 4.65 10.54 
5.32 3.97 5.11 5.53 3.55 6.41 9.13 3.14 7.80 7.74 2.82 9.86 6.43 9.65 5.41 5.82 6.28 4.68 3.12 2.67 1.62 1.40 5.33 2.56 3.37 1.51 5.46 4.82 3.06 8.97 
1.18 8.61 10.03 9.53 9.37 6.74 9.28 3.56 9.20 9.59 8.02 8.94 8.76 9.76 9.38 5.92 7.42 1.33 3.61 8.22 6.49 7.30 5.46 8.29 5.10 4.49 9.13 9.47 2.94 8.80 
5.96 5.60 6.47 7.24 4.24 8.46 11.20 3.41 9.83 9.75 4.33 11.91 8.42 11.72 7.15 7.85 8.34 5.57 3.37 3.92 0.49 1.60 7.35 3.61 5.40 3.03 7.27 6.35 4.29 11.03 
12.89 5.33 4.63 3.73 7.25 6.69 6.24 11.86 4.56 3.89 6.59 7.93 4.11 6.33 3.85 7.29 5.75 12.02 11.85 7.04 10.64 9.35 7.55 7.41 7.75 9.74 3.88 4.59 10.59 6.72 
4.03 5.14 6.37 6.61 4.91 6.60 9.44 1.79 8.34 8.39 4.09 9.95 7.13 9.97 6.48 5.90 6.67 3.48 1.76 4.00 1.82 2.52 5.36 3.91 3.52 0.85 6.45 6.02 2.02 9.20 
5.06 4.09 5.27 5.62 3.80 6.29 9.05 2.92 7.76 7.72 2.98 9.74 6.42 9.57 5.50 5.69 6.20 4.42 2.89 2.87 1.70 1.66 5.18 2.78 3.23 1.24 5.53 4.96 2.80 8.87 
9.10 7.00 7.82 6.21 9.49 2.32 0.99 9.54 2.47 3.15 7.77 1.27 3.77 1.38 6.12 3.01 2.64 8.35 9.57 8.40 10.31 9.76 3.56 8.80 5.41 8.05 5.65 7.19 7.77 0.42 
9.18 7.68 8.54 6.94 10.15 2.82 1.49 9.82 3.20 3.88 8.40 0.66 4.50 1.70 6.84 3.40 3.29 8.48 9.84 9.03 10.77 10.29 3.93 9.42 5.85 8.44 6.37 7.90 8.04 0.94 
1.48 7.04 8.41 8.24 7.35 6.63 9.44 1.32 8.86 9.10 6.23 9.51 8.04 9.96 8.09 5.80 7.05 0.99 1.36 6.31 4.19 5.08 5.25 6.30 4.08 2.45 7.93 7.93 1.18 9.06 
4.31 4.73 5.97 6.20 4.57 6.33 9.16 2.16 8.01 8.04 3.69 9.71 6.77 9.68 6.07 5.66 6.36 3.69 2.14 3.62 1.84 2.30 5.13 3.55 3.24 0.70 6.05 5.62 2.14 8.93 
5.53 4.04 5.39 4.45 5.92 2.23 5.08 5.21 4.23 4.46 4.13 5.63 3.48 5.61 4.29 1.58 2.43 4.67 5.23 4.65 5.79 5.41 1.11 4.97 0.88 3.52 3.96 4.73 3.54 4.83 
5.61 6.43 7.69 6.50 8.40 2.17 4.40 6.37 4.62 5.15 6.61 4.17 4.75 4.87 6.35 1.58 3.09 4.90 6.40 7.14 7.82 7.70 1.56 7.45 3.19 5.32 5.94 7.02 4.60 3.92 
11.18 3.30 2.62 1.75 5.24 5.73 6.20 9.96 4.22 3.57 4.54 7.83 3.09 6.45 1.89 6.15 4.77 10.32 9.95 4.99 8.60 7.30 6.28 5.36 6.08 7.83 2.05 2.54 8.79 6.55 
3.63 5.92 7.32 6.56 7.32 3.62 6.35 4.15 6.03 6.39 5.67 6.36 5.56 6.86 6.40 2.78 4.23 2.82 4.18 6.06 5.87 6.03 2.29 6.27 2.20 3.33 6.09 6.70 2.39 5.94 
2.81 5.65 7.07 6.67 6.49 4.87 7.71 2.56 7.07 7.31 5.07 7.90 6.27 8.23 6.52 4.05 5.26 1.95 2.58 5.30 4.36 4.74 3.50 5.41 2.34 1.88 6.31 6.53 0.77 7.36 
9.86 1.54 0.18 1.85 2.52 6.33 7.84 8.15 5.86 5.37 2.32 9.27 4.28 8.22 1.91 6.40 5.53 9.05 8.13 2.54 6.24 4.83 6.29 2.83 5.25 6.10 2.37 0.85 7.38 8.02 
9.95 1.62 0.23 1.87 2.57 6.39 7.86 8.24 5.88 5.39 2.41 9.31 4.31 8.24 1.94 6.47 5.58 9.14 8.22 2.62 6.32 4.91 6.36 2.91 5.33 6.19 2.40 0.91 7.47 8.05 
10.84 7.16 7.64 5.97 9.73 3.65 1.02 10.99 2.03 2.46 8.17 2.46 3.65 0.78 5.92 4.48 3.42 10.05 11.00 8.81 11.29 10.52 5.03 9.24 6.59 9.27 5.50 7.10 9.26 1.60 
9.08 1.73 1.58 2.99 1.05 6.80 8.71 7.13 6.82 6.42 1.50 10.01 5.19 9.14 2.99 6.68 6.13 8.33 7.11 1.35 4.92 3.47 6.45 1.50 5.02 5.20 3.36 1.82 6.63 8.81 
9.19 7.60 8.45 6.85 10.07 2.77 1.41 9.80 3.11 3.78 8.33 0.71 4.42 1.63 6.75 3.36 3.21 8.48 9.82 8.96 10.72 10.24 3.90 9.35 5.81 8.40 6.29 7.81 8.02 0.85 
6.47 2.21 3.44 3.77 2.59 5.40 7.91 4.67 6.36 6.21 1.18 8.86 4.88 8.41 3.66 4.99 5.05 5.71 4.65 1.35 3.22 2.20 4.61 1.53 2.79 2.62 3.73 3.09 4.01 7.83 
8.50 2.81 3.03 4.32 0.47 7.51 9.71 6.30 7.92 7.60 1.85 10.88 6.30 10.17 4.29 7.24 6.98 7.82 6.27 1.24 3.72 2.27 6.92 0.91 5.20 4.61 4.60 3.19 6.15 9.74 
9.22 6.37 7.12 5.49 8.90 2.10 0.77 9.45 1.68 2.36 7.21 1.98 3.04 1.30 5.40 2.90 2.13 8.44 9.47 7.85 9.98 9.34 3.45 8.26 5.15 7.83 4.94 6.50 7.70 0.72 
8.88 1.64 1.66 2.99 1.01 6.67 8.64 6.93 6.76 6.38 1.31 9.91 5.13 9.07 2.98 6.54 6.02 8.13 6.91 1.15 4.75 3.31 6.30 1.32 4.83 5.00 3.33 1.83 6.43 8.72 
8.31 7.53 8.51 6.99 9.91 2.47 2.25 9.06 3.58 4.26 8.13 1.44 4.63 2.56 6.87 2.85 3.17 7.62 9.09 8.74 10.20 9.83 3.34 9.12 5.29 7.80 6.41 7.85 7.28 1.66 
2.72 5.87 7.29 6.82 6.80 4.75 7.57 2.79 7.02 7.29 5.34 7.69 6.30 8.09 6.67 3.92 5.20 1.85 2.82 5.60 4.71 5.10 3.38 5.72 2.43 2.23 6.44 6.73 1.03 7.20 
5.02 4.85 6.21 5.26 6.64 2.31 5.16 5.07 4.61 4.94 4.88 5.45 4.10 5.68 5.10 1.50 2.80 4.18 5.09 5.37 6.09 5.89 0.94 5.66 1.37 3.66 4.75 5.55 3.31 4.82 
11.09 5.59 5.75 4.13 8.10 4.03 2.89 10.70 1.54 1.14 6.76 4.58 2.37 2.98 4.13 4.81 3.28 10.24 10.70 7.37 10.37 9.38 5.24 7.80 6.21 8.74 3.78 5.30 9.11 3.40 
3.82 6.65 8.04 7.15 8.17 3.64 6.16 4.81 6.13 6.57 6.49 5.94 5.89 6.64 6.99 2.84 4.40 3.13 4.84 6.90 6.73 6.92 2.46 7.13 2.96 4.19 6.65 7.40 3.11 5.69 
3.61 4.77 6.16 5.95 5.42 4.99 7.85 2.48 6.94 7.08 4.07 8.26 5.92 8.38 5.80 4.24 5.19 2.81 2.49 4.25 3.46 3.69 3.69 4.34 2.02 0.92 5.66 5.67 1.14 7.57 
3.69 5.50 6.91 6.20 6.85 3.62 6.42 3.91 5.95 6.26 5.21 6.55 5.36 6.94 6.05 2.78 4.13 2.85 3.94 5.59 5.45 5.56 2.25 5.79 1.80 2.91 5.76 6.30 2.13 6.04 
9.77 7.99 8.77 7.15 10.49 3.29 1.33 10.38 3.26 3.92 8.77 0.36 4.70 1.35 7.06 3.92 3.64 9.06 10.41 9.40 11.27 10.75 4.46 9.81 6.35 8.97 6.60 8.15 8.60 0.95 
9.44 1.08 0.34 1.55 2.54 5.88 7.47 7.80 5.51 5.05 2.01 8.87 3.91 7.86 1.58 5.93 5.10 8.62 7.78 2.32 6.02 4.65 5.82 2.67 4.78 5.72 2.00 0.41 6.97 7.63 
4.07 4.37 5.79 5.41 5.37 4.26 7.12 3.21 6.20 6.36 3.84 7.56 5.22 7.65 5.26 3.53 4.44 3.22 3.22 4.14 4.00 3.99 2.98 4.30 1.28 1.53 5.08 5.24 1.69 6.84 
11.21 5.40 5.47 3.89 7.88 4.25 3.27 10.72 1.79 1.27 6.59 4.96 2.34 3.37 3.90 5.00 3.44 10.35 10.73 7.19 10.29 9.25 5.40 7.62 6.26 8.74 3.58 5.06 9.18 3.77 
8.29 4.46 4.79 6.04 2.17 8.76 11.17 5.84 9.47 9.20 3.32 12.20 7.88 11.65 6.00 8.36 8.35 7.75 5.81 2.69 2.84 1.77 7.96 2.26 6.07 4.66 6.28 4.93 6.20 11.14 
6.24 2.47 3.87 3.25 4.29 3.35 5.92 5.20 4.55 4.54 2.49 6.81 3.26 6.44 3.09 2.98 3.06 5.38 5.20 3.04 4.87 4.16 2.64 3.38 1.25 3.15 2.89 3.25 3.87 5.81 
7.85 3.06 3.56 4.67 1.18 7.41 9.76 5.60 8.04 7.78 1.90 10.83 6.45 10.23 4.62 7.06 6.96 7.20 5.57 1.27 2.99 1.54 6.69 0.84 4.88 3.99 4.88 3.60 5.54 9.74 
10.14 2.09 1.57 0.69 4.14 5.32 6.35 8.81 4.34 3.78 3.34 7.88 2.88 6.69 0.85 5.59 4.41 9.29 8.80 3.79 7.40 6.10 5.63 4.18 5.13 6.69 1.21 1.35 7.72 6.61 
8.06 5.26 5.68 6.88 3.08 9.28 11.79 5.54 10.16 9.93 4.06 12.75 8.60 12.29 6.83 8.82 8.95 7.59 5.49 3.46 2.47 1.89 8.39 3.03 6.45 4.68 7.08 5.79 6.15 11.73 
7.15 5.02 5.66 6.68 3.20 8.65 11.25 4.64 9.71 9.53 3.77 12.13 8.19 11.75 6.61 8.14 8.39 6.68 4.60 3.22 1.57 1.18 7.68 2.83 5.72 3.80 6.81 5.66 5.25 11.15 
6.24 6.39 7.60 6.31 8.50 1.73 3.77 6.92 4.10 4.66 6.70 3.56 4.39 4.24 6.17 1.37 2.69 5.52 6.95 7.26 8.22 8.00 1.57 7.59 3.44 5.75 5.74 6.92 5.14 3.28 
8.09 5.53 5.95 7.15 3.35 9.51 12.04 5.55 10.42 10.19 4.33 12.98 8.86 12.53 7.10 9.04 9.19 7.65 5.51 3.73 2.50 2.08 8.59 3.30 6.65 4.80 7.35 6.06 6.24 11.97 
7.00 1.41 2.78 2.84 2.76 4.76 7.11 5.43 5.48 5.29 0.97 8.16 3.95 7.60 2.72 4.48 4.29 6.19 5.42 1.53 4.19 3.12 4.17 1.90 2.61 3.32 2.76 2.31 4.52 7.08 
6.35 2.18 3.59 3.14 3.88 3.75 6.27 5.15 4.83 4.77 2.09 7.20 3.46 6.78 2.99 3.39 3.41 5.50 5.14 2.63 4.59 3.80 3.06 2.97 1.55 3.05 2.85 3.00 3.93 6.18 
8.88 5.15 5.88 4.25 7.69 1.68 1.86 8.79 0.84 1.44 6.03 3.21 1.81 2.33 4.16 2.49 1.16 8.06 8.81 6.67 9.01 8.27 2.98 7.09 4.34 7.01 3.70 5.26 7.10 1.96 
7.52 1.98 2.80 3.63 1.42 6.26 8.57 5.53 6.86 6.61 0.73 9.66 5.28 9.05 3.56 5.95 5.78 6.79 5.51 0.26 3.46 2.10 5.61 0.41 3.90 3.62 3.77 2.67 5.09 8.56 
7.82 4.44 5.39 3.89 6.90 0.93 2.84 7.65 1.82 2.18 5.17 3.86 1.73 3.35 3.77 1.56 0.04 6.98 7.66 5.80 7.92 7.24 1.95 6.20 3.20 5.87 3.31 4.73 5.97 2.76 
7.83 7.47 8.51 7.03 9.78 2.37 2.69 8.64 3.84 4.51 7.99 1.93 4.75 3.03 6.91 2.61 3.18 7.15 8.67 8.59 9.88 9.57 3.05 8.95 5.01 7.45 6.45 7.84 6.86 2.11 
8.30 2.45 3.28 1.81 5.01 2.93 4.54 7.45 2.73 2.49 3.42 5.86 1.15 4.98 1.67 3.16 2.08 7.44 7.46 4.06 6.89 5.92 3.23 4.49 3.17 5.40 1.23 2.62 6.05 4.64 
7.73 1.52 2.69 1.77 3.97 3.58 5.59 6.60 3.86 3.64 2.30 6.80 2.30 6.06 1.61 3.56 2.90 6.87 6.60 2.94 5.79 4.77 3.44 3.37 2.67 4.50 1.41 2.02 5.35 5.63 
7.61 5.99 7.01 5.52 8.36 0.91 2.33 7.98 2.65 3.26 6.58 2.61 3.28 2.83 5.40 1.46 1.67 6.84 8.00 7.19 8.81 8.35 2.00 7.57 3.90 6.51 4.94 6.34 6.21 1.92 
3.64 5.17 6.46 6.55 5.21 6.18 9.04 1.66 8.02 8.11 4.21 9.48 6.88 9.57 6.42 5.45 6.31 3.01 1.65 4.21 2.38 2.98 4.90 4.17 3.13 0.49 6.35 6.06 1.48 8.77 
9.81 7.17 7.87 6.23 9.71 2.84 0.33 10.17 2.28 2.91 8.03 1.37 3.78 0.64 6.15 3.60 2.95 9.05 10.19 8.67 10.78 10.16 4.16 9.08 5.93 8.60 5.69 7.27 8.40 0.32 
6.82 4.16 5.30 4.01 6.44 1.03 3.74 6.62 2.84 3.13 4.65 4.50 2.36 4.26 3.86 0.95 1.02 5.98 6.64 5.25 7.02 6.46 1.08 5.63 2.20 4.88 3.44 4.62 4.94 3.55 
4.33 5.44 6.82 5.95 7.04 2.93 5.70 4.63 5.32 5.67 5.32 5.82 4.86 6.22 5.80 2.09 3.52 3.51 4.66 5.76 6.02 6.01 1.58 6.01 1.77 3.50 5.47 6.18 2.85 5.32 
5.77 4.45 5.43 6.08 3.46 7.31 10.02 3.37 8.62 8.53 3.21 10.77 7.20 10.53 5.98 6.74 7.15 5.23 3.34 2.88 0.86 0.81 6.25 2.63 4.29 2.24 6.08 5.24 3.72 9.87 
2.44 6.01 7.42 7.04 6.78 5.16 7.99 2.37 7.40 7.66 5.40 8.11 6.63 8.51 6.89 4.34 5.59 1.58 2.40 5.61 4.44 4.93 3.79 5.70 2.71 2.04 6.69 6.89 0.65 7.62 
4.16 5.64 6.81 7.17 5.12 7.30 10.15 1.67 9.03 9.07 4.52 10.64 7.80 10.67 7.04 6.60 7.37 3.73 1.63 4.35 1.44 2.53 6.06 4.20 4.22 1.55 7.05 6.51 2.49 9.90 
3.57 5.04 6.47 5.96 6.14 4.13 6.99 3.23 6.29 6.52 4.59 7.27 5.48 7.52 5.81 3.34 4.48 2.70 3.25 4.90 4.56 4.70 2.78 5.07 1.57 2.02 5.58 5.89 1.49 6.66 
3.28 5.47 6.79 6.83 5.56 6.23 9.10 1.38 8.15 8.27 4.54 9.48 7.06 9.63 6.69 5.48 6.41 2.67 1.37 4.55 2.62 3.31 4.93 4.52 3.24 0.75 6.61 6.37 1.21 8.81 
6.60 7.10 8.28 6.93 9.24 2.24 3.69 7.48 4.38 4.99 7.44 3.16 4.89 4.11 6.80 2.06 3.20 5.93 7.51 8.00 8.91 8.73 2.31 8.33 4.17 6.42 6.36 7.60 5.72 3.14 
7.41 5.39 5.96 7.03 3.44 9.07 11.67 4.88 10.12 9.93 4.14 12.55 8.59 12.17 6.97 8.56 8.81 6.98 4.83 3.58 1.82 1.60 8.10 3.17 6.14 4.17 7.18 6.00 5.59 11.57 
6.41 1.99 3.41 3.16 3.49 4.17 6.67 5.05 5.18 5.08 1.71 7.62 3.76 7.18 3.02 3.81 3.81 5.58 5.04 2.23 4.26 3.41 3.47 2.56 1.85 2.93 2.94 2.87 3.96 6.59 
6.82 4.67 5.39 6.33 3.04 8.18 10.79 4.34 9.27 9.11 3.40 11.65 7.77 11.30 6.25 7.67 7.93 6.31 4.30 2.90 1.32 0.71 7.20 2.53 5.25 3.36 6.43 5.35 4.84 10.69 
5.64 2.76 4.17 3.91 3.95 4.18 6.86 4.33 5.54 5.52 2.28 7.65 4.24 7.38 3.77 3.68 4.00 4.81 4.32 2.68 3.90 3.30 3.25 2.93 1.38 2.23 3.66 3.64 3.18 6.71 
9.47 5.07 5.65 3.99 7.64 2.33 2.01 9.25 0.17 0.78 6.06 3.57 1.57 2.39 3.92 3.12 1.65 8.63 9.26 6.70 9.28 8.45 3.57 7.13 4.77 7.40 3.47 5.07 7.60 2.29 
9.29 1.97 2.23 0.58 4.45 4.20 5.42 8.16 3.44 2.97 3.20 6.89 1.87 5.80 0.50 4.47 3.30 8.43 8.16 3.78 7.11 5.94 4.52 4.20 4.19 6.05 0.18 1.68 6.93 5.62 
11.15 3.72 3.31 2.07 5.90 5.23 5.42 10.11 3.48 2.81 5.00 7.08 2.58 5.65 2.17 5.74 4.27 10.28 10.11 5.50 9.01 7.77 5.95 5.90 6.01 8.00 2.14 3.09 8.84 5.80 
8.49 7.24 8.18 6.63 9.66 2.24 1.83 9.12 3.14 3.82 7.89 1.34 4.24 2.17 6.52 2.75 2.85 7.78 9.15 8.51 10.12 9.69 3.26 8.90 5.20 7.77 6.05 7.52 7.34 1.24 
11.52 3.69 3.00 2.13 5.62 5.90 6.19 10.33 4.25 3.58 4.94 7.84 3.24 6.41 2.27 6.36 4.94 10.66 10.32 5.38 9.00 7.69 6.53 5.76 6.41 8.21 2.40 2.93 9.15 6.57 
7.29 4.68 5.74 4.32 7.05 0.42 3.04 7.25 2.36 2.78 5.28 3.80 2.31 3.57 4.18 0.95 0.63 6.46 7.26 5.89 7.73 7.16 1.39 6.28 2.88 5.57 3.73 5.06 5.53 2.84 
6.55 2.08 3.48 2.93 3.95 3.59 6.06 5.40 4.58 4.51 2.15 7.03 3.20 6.56 2.78 3.28 3.20 5.70 5.39 2.72 4.84 4.02 2.98 3.09 1.64 3.31 2.62 2.87 4.15 5.98 
9.74 1.49 0.98 0.72 3.49 5.41 6.71 8.29 4.72 4.22 2.71 8.19 3.17 7.08 0.82 5.58 4.54 8.90 8.28 3.14 6.77 5.45 5.55 3.52 4.82 6.18 1.29 0.69 7.29 6.92 
4.58 5.63 7.00 6.04 7.34 2.67 5.38 5.02 5.12 5.51 5.60 5.44 4.78 5.89 5.89 1.84 3.34 3.79 5.05 6.06 6.43 6.39 1.38 6.33 2.04 3.92 5.54 6.34 3.24 4.98 
12.48 5.28 4.78 3.63 7.40 6.05 5.47 11.58 3.83 3.18 6.55 7.15 3.56 5.55 3.72 6.69 5.13 11.61 11.58 7.05 10.56 9.32 6.99 7.45 7.35 9.49 3.66 4.63 10.23 5.96 
7.70 4.19 4.69 5.81 2.17 8.26 10.73 5.27 9.08 8.85 2.98 11.72 7.52 11.22 5.76 7.83 7.89 7.14 5.24 2.38 2.33 1.16 7.41 1.95 5.51 4.04 6.00 4.75 5.58 10.68 
5.44 3.02 4.44 4.04 4.36 3.84 6.57 4.32 5.33 5.37 2.66 7.30 4.12 7.09 3.89 3.30 3.72 4.60 4.32 3.08 4.18 3.67 2.85 3.34 0.96 2.28 3.73 3.88 3.03 6.39 
8.22 3.80 4.65 3.10 6.33 1.74 3.23 7.80 1.67 1.77 4.66 4.48 0.95 3.70 2.99 2.24 0.78 7.36 7.81 5.30 7.74 6.94 2.52 5.72 3.31 5.89 2.52 4.00 6.20 3.28 
9.32 6.29 7.01 5.37 8.82 2.15 0.77 9.51 1.51 2.19 7.15 2.12 2.92 1.29 5.28 2.97 2.10 8.53 9.53 7.79 9.98 9.31 3.52 8.20 5.17 7.86 4.82 6.39 7.77 0.84 
8.24 4.30 5.14 3.59 6.81 1.39 2.77 7.97 1.44 1.73 5.12 3.98 1.30 3.26 3.48 2.03 0.46 7.39 7.98 5.76 8.09 7.33 2.40 6.18 3.49 6.14 3.01 4.50 6.33 2.79 
1.57 7.05 8.41 8.28 7.30 6.77 9.60 1.13 8.99 9.22 6.22 9.68 8.14 10.12 8.13 5.95 7.18 1.16 1.18 6.28 4.06 4.99 5.40 6.26 4.18 2.42 7.99 7.95 1.26 9.22 
9.84 2.02 1.82 0.39 4.28 4.88 5.95 8.59 3.95 3.41 3.29 7.47 2.46 6.30 0.52 5.16 3.97 8.98 8.58 3.80 7.32 6.06 5.21 4.20 4.78 6.46 0.79 1.43 7.44 6.20 
2.20 8.01 9.43 8.77 9.08 5.60 8.08 4.08 8.09 8.51 7.59 7.70 7.77 8.55 8.61 4.80 6.34 1.85 4.12 7.87 6.72 7.30 4.38 8.01 4.35 4.41 8.32 8.83 2.90 7.59 
11.06 6.16 6.43 4.79 8.71 3.86 2.20 10.85 1.45 1.41 7.28 3.86 2.75 2.22 4.77 4.68 3.26 10.23 10.86 7.91 10.75 9.82 5.16 8.34 6.36 8.97 4.39 5.95 9.21 2.75 
5.33 5.15 6.47 5.40 7.06 1.92 4.71 5.56 4.33 4.72 5.28 4.93 4.00 5.23 5.25 1.08 2.55 4.52 5.58 5.80 6.64 6.42 0.59 6.10 1.86 4.20 4.87 5.80 3.78 4.34 
8.36 4.00 4.29 5.56 1.67 8.42 10.77 5.97 9.04 8.76 2.90 11.85 7.44 11.25 5.53 8.06 7.97 7.77 5.93 2.26 3.05 1.80 7.67 1.83 5.82 4.62 5.81 4.44 6.18 10.76 
8.45 6.02 6.90 5.32 8.49 1.36 1.53 8.70 1.94 2.60 6.76 2.27 2.93 2.05 5.22 2.14 1.63 7.66 8.72 7.39 9.33 8.75 2.69 7.79 4.45 7.12 4.75 6.25 6.94 1.24 
7.61 1.75 2.92 1.93 4.17 3.35 5.41 6.56 3.71 3.52 2.48 6.59 2.18 5.88 1.77 3.33 2.69 6.75 6.55 3.12 5.86 4.88 3.21 3.54 2.52 4.46 1.51 2.24 5.26 5.43 
3.76 5.68 6.90 7.15 5.35 7.02 9.87 1.35 8.82 8.89 4.61 10.32 7.64 10.40 7.02 6.29 7.13 3.30 1.31 4.50 1.87 2.84 5.74 4.38 3.96 1.28 6.99 6.56 2.06 9.61 
6.56 3.33 4.24 4.98 2.35 6.81 9.37 4.34 7.83 7.67 2.06 10.28 6.33 9.87 4.89 6.34 6.51 5.92 4.31 1.69 2.02 0.74 5.91 1.45 3.99 2.72 5.04 4.08 4.27 9.28 
9.16 1.50 1.25 2.67 1.38 6.59 8.44 7.28 6.53 6.12 1.53 9.76 4.91 8.86 2.67 6.51 5.90 8.39 7.26 1.51 5.16 3.73 6.31 1.73 4.95 5.30 3.06 1.50 6.70 8.55 
6.57 3.03 3.99 4.68 2.27 6.52 9.07 4.43 7.51 7.35 1.78 9.99 6.01 9.57 4.59 6.08 6.21 5.90 4.40 1.45 2.29 1.06 5.65 1.28 3.75 2.69 4.73 3.81 4.23 8.98 
5.85 2.63 3.96 4.04 3.29 4.97 7.60 4.20 6.18 6.11 1.81 8.44 4.79 8.11 3.92 4.49 4.73 5.06 4.18 2.05 3.24 2.51 4.06 2.23 2.17 2.09 3.90 3.53 3.37 7.48 
9.81 4.74 5.18 3.51 7.31 2.84 2.58 9.43 0.59 0.15 5.81 4.19 1.26 2.89 3.46 3.57 2.02 8.96 9.44 6.45 9.24 8.32 3.98 6.88 4.94 7.50 3.04 4.64 7.83 2.92 
11.57 5.04 4.88 3.42 7.40 4.90 4.25 10.88 2.60 1.96 6.29 5.94 2.57 4.36 3.47 5.58 4.01 10.71 10.88 6.85 10.16 9.02 5.92 7.27 6.50 8.82 3.25 4.56 9.42 4.72 
6.35 2.93 3.99 4.56 2.47 6.21 8.78 4.28 7.26 7.11 1.71 9.69 5.78 9.28 4.46 5.76 5.92 5.66 4.26 1.51 2.38 1.30 5.33 1.43 3.42 2.45 4.57 3.75 3.98 8.69 
0.95 7.74 9.11 8.94 8.00 7.19 9.97 1.60 9.48 9.74 6.92 9.95 8.70 10.49 8.79 6.35 7.66 0.96 1.65 6.98 4.65 5.65 5.82 6.96 4.75 3.12 8.63 8.64 1.88 9.57 
8.21 4.78 5.65 4.09 7.28 1.08 2.38 8.10 1.44 1.90 5.57 3.49 1.77 2.89 3.98 1.85 0.49 7.38 8.12 6.20 8.39 7.70 2.31 6.61 3.66 6.34 3.52 5.00 6.41 2.33 
6.99 7.49 8.64 7.25 9.68 2.52 3.55 7.95 4.46 5.10 7.87 2.82 5.12 3.92 7.12 2.46 3.45 6.35 7.98 8.44 9.40 9.21 2.76 8.78 4.65 6.91 6.67 7.96 6.19 2.98 
8.00 3.71 4.61 3.11 6.21 1.66 3.38 7.57 1.89 2.00 4.52 4.57 1.11 3.86 2.98 2.09 0.74 7.14 7.58 5.15 7.54 6.75 2.33 5.57 3.08 5.67 2.52 3.95 5.97 3.39 
7.77 2.43 3.45 2.15 4.91 2.71 4.66 6.95 2.98 2.85 3.23 5.86 1.53 5.13 2.00 2.82 1.98 6.91 6.95 3.87 6.50 5.59 2.82 4.29 2.64 4.91 1.60 2.77 5.52 4.69 
3.50 6.87 8.27 7.43 8.30 4.00 6.51 4.61 6.49 6.92 6.66 6.26 6.23 6.99 7.27 3.20 4.75 2.83 4.65 7.04 6.68 6.94 2.81 7.25 3.16 4.16 6.94 7.64 2.97 6.04 
4.48 4.33 5.75 5.12 5.74 3.37 6.24 4.02 5.41 5.62 4.06 6.67 4.56 6.77 4.96 2.63 3.62 3.61 4.03 4.47 4.85 4.71 2.08 4.70 0.68 2.43 4.71 5.14 2.35 5.95 
6.40 2.01 3.38 3.38 3.09 4.67 7.18 4.85 5.67 5.55 1.40 8.13 4.22 7.69 3.25 4.29 4.33 5.59 4.84 1.82 3.81 2.91 3.93 2.11 2.20 2.73 3.24 2.91 3.92 7.10 
11.07 4.00 3.75 2.35 6.29 4.89 4.89 10.16 2.98 2.31 5.27 6.56 2.27 5.10 2.42 5.45 3.93 10.21 10.16 5.81 9.22 8.03 5.70 6.22 5.94 8.07 2.29 3.46 8.81 5.29 
3.53 4.88 6.26 6.10 5.42 5.22 8.08 2.27 7.16 7.30 4.12 8.49 6.13 8.61 5.95 4.47 5.41 2.75 2.27 4.28 3.28 3.58 3.92 4.34 2.24 0.74 5.82 5.78 1.05 7.80 
6.97 1.61 2.87 3.18 2.39 5.22 7.61 5.25 5.97 5.78 0.70 8.65 4.44 8.09 3.08 4.91 4.78 6.19 5.23 1.12 3.77 2.64 4.57 1.45 2.90 3.18 3.17 2.49 4.50 7.57 
7.03 1.91 3.00 3.55 2.03 5.73 8.13 5.15 6.49 6.28 0.71 9.16 4.94 8.61 3.46 5.39 5.30 6.27 5.13 0.77 3.40 2.18 5.04 1.00 3.29 3.15 3.59 2.73 4.58 8.09 
7.61 2.66 3.71 2.41 5.11 2.46 4.50 6.86 2.89 2.82 3.40 5.65 1.54 4.98 2.26 2.56 1.76 6.75 6.87 4.04 6.53 5.67 2.56 4.45 2.49 4.86 1.86 3.03 5.40 4.50 
6.73 5.08 5.81 6.74 3.44 8.47 11.12 4.21 9.63 9.48 3.81 11.94 8.14 11.63 6.66 7.93 8.25 6.28 4.17 3.32 1.14 1.08 7.46 2.95 5.50 3.45 6.83 5.77 4.87 11.00 
7.31 4.60 5.65 4.23 6.97 0.51 3.07 7.24 2.33 2.73 5.20 3.87 2.23 3.60 4.10 1.00 0.57 6.48 7.26 5.82 7.69 7.10 1.42 6.21 2.86 5.54 3.65 4.98 5.53 2.88 
8.06 1.86 2.42 3.46 0.98 6.51 8.70 6.06 6.92 6.62 0.84 9.86 5.31 9.16 3.41 6.26 5.96 7.33 6.03 0.32 3.88 2.46 5.96 0.45 4.32 4.16 3.67 2.39 5.63 8.73 
7.58 5.76 6.31 7.41 3.76 9.45 12.05 5.03 10.51 10.32 4.52 12.93 8.98 12.56 7.34 8.93 9.19 7.19 4.99 3.95 2.03 1.98 8.47 3.54 6.51 4.46 7.56 6.36 5.84 11.95 
9.55 2.67 2.90 1.23 5.16 3.89 4.81 8.58 2.80 2.29 3.88 6.32 1.33 5.16 1.20 4.28 2.95 8.68 8.58 4.47 7.72 6.59 4.42 4.90 4.41 6.49 0.85 2.39 7.25 5.05 
7.49 4.92 5.47 6.56 2.95 8.74 11.30 4.99 9.71 9.51 3.68 12.22 8.17 11.79 6.50 8.26 8.44 7.01 4.95 3.11 1.93 1.30 7.82 2.69 5.87 4.07 6.72 5.51 5.55 11.22 
7.93 3.28 3.73 4.89 1.26 7.63 9.99 5.64 8.28 8.01 2.13 11.06 6.69 10.47 4.84 7.28 7.19 7.29 5.61 1.50 2.95 1.52 6.90 1.07 5.08 4.09 5.10 3.80 5.65 9.97 
2.26 6.13 7.52 7.28 6.65 5.74 8.59 1.72 7.92 8.14 5.39 8.75 7.06 9.11 7.13 4.93 6.12 1.49 1.75 5.53 3.95 4.59 4.37 5.58 3.11 1.75 6.97 7.02 0.22 8.23 
10.01 4.88 5.27 3.60 7.44 3.01 2.57 9.64 0.65 0.09 5.97 4.21 1.43 2.84 3.56 3.76 2.22 9.16 9.64 6.60 9.43 8.50 4.18 7.03 5.15 7.71 3.15 4.74 8.04 2.94 
5.14 4.15 5.31 5.70 3.75 6.45 9.20 2.94 7.90 7.86 3.01 9.90 6.55 9.73 5.59 5.85 6.36 4.52 2.91 2.87 1.54 1.52 5.35 2.76 3.40 1.37 5.62 5.01 2.91 9.03 
9.23 1.69 1.40 2.87 1.23 6.78 8.64 7.30 6.73 6.32 1.61 9.96 5.11 9.06 2.87 6.69 6.09 8.47 7.28 1.52 5.11 3.67 6.48 1.69 5.08 5.35 3.26 1.69 6.77 8.75 
11.88 5.28 5.06 3.65 7.61 5.18 4.41 11.18 2.84 2.22 6.54 6.09 2.88 4.49 3.71 5.87 4.30 11.02 11.18 7.10 10.43 9.28 6.22 7.51 6.81 9.12 3.51 4.77 9.73 4.90 
2.45 6.52 7.94 7.37 7.55 4.80 7.53 3.21 7.19 7.52 6.05 7.48 6.63 8.04 7.21 3.97 5.38 1.64 3.24 6.33 5.42 5.85 3.46 6.47 2.93 2.98 6.95 7.36 1.61 7.11 
6.93 3.11 4.30 3.12 5.39 2.05 4.49 6.33 3.16 3.24 3.62 5.45 2.10 5.00 2.97 1.94 1.62 6.06 6.34 4.23 6.30 5.59 1.86 4.62 1.86 4.40 2.59 3.62 4.78 4.40 
4.55 4.04 5.36 5.43 4.31 5.49 8.29 2.79 7.12 7.15 3.13 8.91 5.89 8.82 5.29 4.85 5.49 3.83 2.78 3.20 2.54 2.52 4.33 3.23 2.40 0.69 5.24 4.94 2.13 8.08 
5.84 2.56 3.97 3.71 3.83 4.14 6.78 4.52 5.42 5.39 2.13 7.62 4.09 7.30 3.57 3.68 3.92 5.01 4.52 2.56 4.00 3.33 3.27 2.83 1.46 2.41 3.46 3.44 3.39 6.65 
8.35 3.46 3.74 5.01 1.14 7.98 10.28 6.04 8.53 8.23 2.39 11.38 6.92 10.75 4.97 7.65 7.50 7.73 6.01 1.75 3.27 1.88 7.29 1.33 5.48 4.53 5.27 3.89 6.09 10.28 
7.94 3.84 4.76 3.26 6.33 1.51 3.28 7.56 1.87 2.03 4.63 4.44 1.22 3.77 3.13 1.96 0.60 7.09 7.57 5.27 7.59 6.83 2.23 5.68 3.07 5.68 2.67 4.10 5.95 3.28 
9.18 4.38 4.98 3.32 6.95 2.29 2.67 8.80 0.77 0.78 5.38 4.17 0.89 3.07 3.25 2.99 1.42 8.33 8.81 6.02 8.68 7.81 3.37 6.45 4.31 6.89 2.80 4.39 7.20 2.89 
9.89 3.92 4.21 2.55 6.46 3.38 3.61 9.25 1.60 1.00 5.08 5.21 0.89 3.91 2.52 3.99 2.44 9.03 9.25 5.69 8.73 7.70 4.29 6.12 4.84 7.23 2.14 3.70 7.76 3.92 
11.17 2.95 1.95 1.75 4.55 6.27 7.01 9.76 5.00 4.38 4.11 8.61 3.71 7.29 1.91 6.59 5.33 10.33 9.75 4.47 8.16 6.79 6.66 4.81 6.18 7.65 2.25 2.08 8.74 7.32 
7.22 4.73 5.35 6.38 2.90 8.45 11.02 4.73 9.46 9.27 3.48 11.92 7.93 11.52 6.31 7.96 8.16 6.72 4.69 2.93 1.69 0.99 7.51 2.53 5.56 3.76 6.52 5.36 5.24 10.93 
7.12 1.26 2.67 2.60 2.91 4.56 6.86 5.63 5.21 5.02 1.11 7.94 3.68 7.35 2.48 4.32 4.06 6.30 5.62 1.72 4.46 3.40 4.03 2.11 2.58 3.51 2.50 2.15 4.66 6.85 
13.17 5.26 4.34 3.77 6.91 7.30 7.08 11.98 5.31 4.63 6.48 8.76 4.66 7.19 3.91 7.84 6.35 12.31 11.97 6.86 10.53 9.18 8.06 7.20 8.05 9.85 4.05 4.44 10.81 7.54 
10.67 8.15 8.79 7.13 10.70 3.86 1.16 11.14 3.12 3.69 9.04 1.24 4.70 0.77 7.06 4.59 3.99 9.93 11.16 9.68 11.82 11.20 5.15 10.10 6.95 9.62 6.61 8.20 9.37 1.27 
8.80 1.85 1.93 3.25 0.75 6.83 8.84 6.80 6.99 6.62 1.33 10.10 5.36 9.28 3.23 6.67 6.20 8.06 6.78 1.04 4.54 3.09 6.41 1.13 4.89 4.90 3.58 2.10 6.36 8.92 
2.42 7.55 8.97 8.28 8.69 5.15 7.67 4.00 7.62 8.04 7.16 7.36 7.28 8.15 8.12 4.34 5.87 1.90 4.04 7.46 6.48 6.99 3.91 7.61 3.87 4.10 7.83 8.36 2.65 7.19 
9.31 4.21 4.75 3.09 6.78 2.54 2.91 8.86 0.94 0.71 5.25 4.44 0.70 3.29 3.02 3.20 1.63 8.45 8.87 5.88 8.64 7.73 3.55 6.31 4.38 6.92 2.57 4.17 7.29 3.16 
10.41 4.83 5.08 3.43 7.36 3.51 3.00 9.94 1.18 0.54 5.98 4.67 1.57 3.22 3.41 4.24 2.67 9.56 9.94 6.59 9.57 8.58 4.62 7.02 5.47 7.96 3.04 4.59 8.38 3.42 
5.36 3.79 4.96 5.34 3.49 6.22 8.94 3.24 7.59 7.54 2.66 9.68 6.22 9.46 5.22 5.65 6.08 4.70 3.22 2.54 1.82 1.49 5.16 2.46 3.20 1.49 5.26 4.65 3.05 8.78 
