8.15 10.15 5.56 4.00 8.90 5.90 7.06 4.84 0.62 9.72 8.17 8.36 1.59 5.95 6.58 8.68 7.72 5.71 7.89 5.95 11.92 3.81 5.00 1.98 8.13 5.15 6.45 8.64 9.87 8.19 8.09 1.39 7.15 4.74 9.92 9.93 7.29 4.35 5.08 6.83 5.55 4.06 9.64 4.88 4.43 2.30 4.06 6.60 4.56 8.46 8.30 8.76 3.93 8.44 5.08 
2.10 6.49 3.25 6.98 7.47 5.75 7.34 6.37 6.09 7.19 3.34 2.72 5.13 1.68 5.33 2.67 2.98 5.22 1.21 6.04 7.35 6.73 3.05 4.83 9.23 6.42 0.50 9.61 6.48 2.20 2.04 7.37 1.37 2.34 4.86 6.97 1.26 3.79 3.43 5.63 2.77 3.29 5.80 3.31 3.16 4.52 4.29 4.85 3.19 1.75 1.86 8.11 6.99 2.05 2.79 
7.56 8.78 4.27 2.84 7.51 4.50 5.73 3.51 1.07 8.32 6.93 7.21 1.36 5.45 5.18 7.58 6.50 4.31 6.99 4.57 10.57 2.61 3.76 1.86 6.91 3.81 5.55 7.43 8.49 7.10 7.50 2.76 6.55 4.26 8.65 8.54 6.66 4.34 3.78 5.42 4.32 2.89 8.28 4.75 4.21 2.07 4.21 5.21 4.37 7.60 7.61 7.40 2.77 7.77 4.81 
10.95 4.51 5.89 5.47 1.69 3.75 2.28 4.50 9.07 2.94 6.35 7.36 8.92 10.06 3.70 7.88 6.41 4.19 9.05 3.57 6.28 5.60 6.39 9.22 2.05 4.19 8.46 1.86 4.13 7.84 10.90 10.73 10.31 9.56 6.52 3.54 10.19 10.77 5.98 3.37 6.36 7.00 4.76 10.77 10.22 9.19 10.98 4.12 10.38 9.57 10.51 0.83 5.56 10.69 10.43 
9.83 2.99 5.10 5.81 0.49 3.49 2.60 4.65 9.02 1.42 5.05 6.05 8.70 9.18 3.04 6.55 5.17 3.77 7.87 3.42 4.79 5.86 5.69 8.93 3.31 4.33 7.45 3.26 2.60 6.57 9.78 10.74 9.27 8.84 5.04 2.01 9.14 10.17 5.30 2.72 5.54 6.45 3.26 10.08 9.57 8.85 10.44 3.32 9.72 8.34 9.35 1.08 5.89 9.52 9.70 
7.75 2.65 2.97 4.76 1.70 2.06 2.42 3.51 7.32 1.97 3.19 4.18 6.87 7.02 1.19 4.72 3.20 2.07 5.84 2.18 4.66 4.72 3.59 7.04 4.11 3.25 5.32 4.32 2.28 4.64 7.70 9.08 7.15 6.71 3.80 2.19 7.02 8.07 3.23 1.00 3.39 4.42 2.41 7.96 7.46 6.92 8.37 1.25 7.61 6.35 7.29 2.40 4.83 7.48 7.56 
8.14 1.83 6.03 9.11 4.73 6.41 6.66 7.87 11.03 3.30 3.75 4.24 10.35 8.61 5.44 4.41 4.20 6.28 6.20 6.57 0.40 9.03 6.64 10.34 7.95 7.63 6.71 7.96 2.24 4.79 8.11 12.74 8.07 8.92 2.09 2.72 7.84 10.46 6.49 5.37 6.15 7.63 2.03 10.11 9.79 10.13 10.90 5.19 9.88 6.32 7.51 5.73 9.18 7.63 9.60 
7.17 4.91 1.83 2.68 3.62 0.77 2.43 1.57 4.96 4.34 3.96 4.69 4.59 5.82 1.20 5.22 3.68 0.34 5.62 1.02 6.83 2.56 2.09 4.82 4.24 1.47 4.57 4.66 4.58 4.90 7.11 6.71 6.34 5.15 5.34 4.57 6.29 6.28 1.67 1.45 2.30 2.52 4.50 6.31 5.75 4.75 6.49 1.33 5.92 6.25 6.87 3.75 2.74 7.07 6.02 
7.26 1.83 5.34 8.67 4.74 6.01 6.46 7.45 10.35 3.40 2.93 3.36 9.63 7.74 5.02 3.53 3.39 5.80 5.31 6.19 1.28 8.57 5.93 9.60 7.91 7.23 5.85 7.98 2.22 3.91 7.23 12.04 7.18 8.08 1.22 2.82 6.96 9.62 5.82 5.00 5.41 6.91 1.71 9.26 8.95 9.38 10.07 4.70 9.04 5.44 6.63 5.76 8.73 6.75 8.75 
8.21 2.68 6.64 9.89 5.58 7.20 7.50 8.66 11.65 4.16 4.19 4.51 10.93 8.89 6.22 4.58 4.65 7.04 6.35 7.37 0.83 9.80 7.23 10.90 8.81 8.42 7.03 8.81 3.09 5.02 8.19 13.34 8.24 9.30 2.41 3.57 8.01 10.84 7.12 6.17 6.71 8.21 2.82 10.45 10.17 10.67 11.30 5.94 10.26 6.39 7.57 6.59 9.95 7.67 9.94 
11.04 6.17 5.69 3.71 3.28 3.19 1.67 3.13 7.55 4.73 7.08 8.02 7.62 9.72 3.75 8.57 6.98 3.73 9.36 2.91 8.13 3.90 6.00 8.01 0.42 2.90 8.45 0.94 5.76 8.39 10.98 9.08 10.24 8.98 7.78 5.29 10.18 9.95 5.59 3.51 6.18 6.31 6.21 10.07 9.49 8.05 10.06 4.27 9.66 9.95 10.70 2.35 3.78 10.89 9.83 
7.67 5.03 2.33 2.41 3.44 0.43 2.00 1.20 5.10 4.31 4.36 5.14 4.82 6.29 1.27 5.67 4.11 0.49 6.11 0.59 7.00 2.33 2.58 5.09 3.76 1.04 5.07 4.20 4.68 5.37 7.61 6.83 6.83 5.59 5.65 4.60 6.79 6.68 2.17 1.42 2.80 2.94 4.68 6.73 6.16 5.04 6.86 1.57 6.33 6.74 7.38 3.44 2.47 7.57 6.46 
8.98 7.93 4.37 0.62 6.00 3.23 3.89 1.81 3.36 7.09 6.94 7.52 3.66 7.08 4.17 8.00 6.59 3.33 7.92 3.15 9.89 0.58 4.17 4.13 4.71 2.11 6.59 5.23 7.57 7.60 8.92 4.80 8.01 6.02 8.42 7.44 8.05 6.48 3.94 4.29 4.67 3.74 7.57 6.79 6.21 4.28 6.44 4.43 6.38 8.57 8.88 5.63 0.54 9.06 6.73 
3.92 6.47 2.00 5.07 6.62 4.30 5.96 4.61 4.28 6.73 3.68 3.59 3.36 2.28 4.16 3.84 3.22 3.78 3.05 4.57 7.80 4.81 1.48 3.17 7.78 4.71 1.61 8.21 6.33 3.33 3.85 5.74 2.97 1.74 5.47 6.66 2.98 3.18 1.90 4.50 1.57 1.34 5.81 3.00 2.53 2.90 3.56 3.79 2.67 3.66 3.81 7.05 5.07 3.99 2.60 
6.35 8.54 3.80 3.76 7.71 4.75 6.20 4.10 1.34 8.31 6.30 6.43 0.53 4.19 5.22 6.74 5.85 4.42 5.94 4.89 10.19 3.50 3.19 0.79 7.62 4.37 4.51 8.13 8.30 6.24 6.29 2.92 5.34 2.99 8.09 8.44 5.45 3.10 3.35 5.51 3.71 2.21 7.97 3.48 2.93 0.87 3.03 5.12 3.09 6.53 6.43 7.76 3.71 6.59 3.52 
2.98 5.36 2.59 6.63 6.45 5.02 6.53 5.85 6.41 6.09 2.21 1.67 5.49 2.76 4.46 1.77 1.85 4.50 1.21 5.32 6.26 6.40 2.61 5.28 8.43 5.84 0.86 8.77 5.35 1.25 2.93 7.85 2.45 3.17 3.78 5.85 2.29 4.69 2.90 4.75 2.17 3.18 4.67 4.28 4.03 4.99 5.17 3.96 4.10 1.84 2.55 7.15 6.65 2.74 3.77 
8.99 5.16 3.64 2.57 2.84 1.14 0.76 1.47 6.03 4.06 5.29 6.17 5.91 7.66 1.88 6.71 5.12 1.68 7.35 0.85 7.18 2.64 3.94 6.24 2.39 1.16 6.40 2.83 4.76 6.48 8.93 7.70 8.18 6.96 6.28 4.49 8.12 8.00 3.52 1.75 4.12 4.29 4.98 8.08 7.50 6.24 8.15 2.38 7.67 7.97 8.67 2.46 2.65 8.86 7.82 
9.24 2.85 4.44 5.31 0.19 2.88 2.21 4.12 8.41 1.40 4.52 5.53 8.07 8.53 2.38 6.05 4.61 3.14 7.30 2.84 4.78 5.34 5.03 8.29 3.30 3.81 6.83 3.35 2.44 6.03 9.19 10.14 8.66 8.18 4.70 1.95 8.53 9.51 4.64 2.07 4.88 5.79 2.98 9.43 8.91 8.20 9.79 2.66 9.06 7.79 8.77 1.14 5.39 8.95 9.05 
3.68 4.63 4.13 8.25 6.64 6.16 7.39 7.29 8.51 5.83 1.99 1.05 7.61 4.53 5.35 0.52 2.09 5.71 1.84 6.44 4.86 8.06 4.40 7.41 9.23 7.21 2.88 9.48 4.79 0.94 3.65 9.98 3.73 5.20 2.46 5.41 3.49 6.68 4.57 5.55 3.86 5.16 4.01 6.20 6.04 7.12 7.18 4.84 6.08 1.86 3.04 7.53 8.29 3.16 5.68 
3.38 5.36 2.02 6.00 6.16 4.50 6.06 5.26 5.83 5.93 2.31 2.03 4.93 2.71 4.02 2.26 1.88 3.97 1.81 4.79 6.45 5.77 1.99 4.75 7.95 5.26 0.86 8.31 5.31 1.75 3.32 7.32 2.69 2.87 4.03 5.75 2.58 4.41 2.29 4.32 1.57 2.55 4.67 4.06 3.74 4.47 4.86 3.53 3.83 2.45 3.03 6.79 6.02 3.22 3.57 
6.83 2.48 2.41 5.12 2.60 2.47 3.27 3.90 7.18 2.43 2.21 3.20 6.61 6.23 1.48 3.74 2.22 2.26 4.88 2.68 4.34 5.02 3.06 6.71 5.05 3.69 4.46 5.28 2.22 3.66 6.78 8.92 6.27 6.03 3.02 2.40 6.13 7.47 2.78 1.52 2.75 3.99 2.01 7.30 6.83 6.55 7.81 1.16 6.97 5.39 6.35 3.37 5.18 6.53 6.87 
1.99 10.00 6.81 9.96 11.16 9.27 10.91 9.63 7.76 10.84 6.85 6.02 6.84 2.79 8.96 5.73 6.57 8.73 3.98 9.55 10.52 9.69 6.45 6.37 12.77 9.74 4.15 13.17 10.04 5.43 2.01 8.35 2.32 3.83 8.07 10.57 2.46 4.01 6.86 9.27 6.31 6.30 9.31 3.44 3.89 6.07 4.41 8.50 3.75 3.81 2.62 11.78 9.95 2.52 3.26 
6.65 2.34 2.46 5.38 2.80 2.75 3.57 4.17 7.32 2.48 1.95 2.95 6.73 6.14 1.77 3.48 2.00 2.51 4.68 2.96 4.13 5.28 3.12 6.80 5.34 3.97 4.33 5.56 2.11 3.42 6.60 9.06 6.12 6.00 2.73 2.38 5.97 7.46 2.86 1.82 2.75 4.07 1.81 7.27 6.82 6.63 7.82 1.41 6.95 5.17 6.16 3.62 5.44 6.34 6.83 
7.55 5.35 2.27 2.16 3.82 0.81 2.30 1.04 4.72 4.67 4.50 5.22 4.45 6.10 1.59 5.74 4.21 0.73 6.07 0.93 7.30 2.04 2.43 4.73 3.99 0.98 4.97 4.45 5.01 5.41 7.49 6.45 6.69 5.34 5.86 4.95 6.66 6.38 2.03 1.77 2.72 2.67 4.98 6.46 5.88 4.69 6.54 1.82 6.05 6.71 7.29 3.80 2.21 7.48 6.20 
5.38 5.84 1.08 3.65 5.41 2.82 4.48 3.08 3.95 5.76 3.67 3.99 3.25 3.81 2.86 4.40 3.24 2.32 4.17 3.07 7.47 3.41 0.50 3.30 6.26 3.17 2.87 6.70 5.62 3.95 5.32 5.64 4.47 3.10 5.41 5.82 4.46 4.29 0.64 3.20 1.06 0.58 5.25 4.28 3.73 3.13 4.55 2.61 3.89 4.82 5.20 5.71 3.66 5.38 3.97 
2.90 5.17 3.30 7.41 6.66 5.60 7.02 6.56 7.30 6.11 2.06 1.18 6.38 3.31 4.93 1.03 1.87 5.10 0.87 5.90 5.79 7.19 3.42 6.17 8.91 6.52 1.61 9.22 5.23 0.60 2.86 8.74 2.68 3.93 3.30 5.79 2.46 5.41 3.67 5.19 2.93 4.06 4.49 4.95 4.77 5.87 5.91 4.41 4.82 1.31 2.34 7.45 7.43 2.51 4.43 
6.68 5.47 1.54 2.60 4.40 1.54 3.17 1.78 4.25 5.04 4.06 4.65 3.83 5.18 1.91 5.14 3.71 1.12 5.29 1.76 7.31 2.41 1.55 4.04 4.91 1.83 4.11 5.36 5.17 4.77 6.62 6.01 5.80 4.43 5.61 5.23 5.78 5.51 1.19 2.20 1.92 1.77 5.00 5.56 4.99 3.96 5.70 1.89 5.16 5.93 6.44 4.54 2.63 6.64 5.29 
8.65 1.45 6.07 8.85 4.18 6.15 6.22 7.61 11.02 2.74 4.03 4.65 10.39 8.96 5.21 4.89 4.45 6.07 6.66 6.28 0.69 8.80 6.70 10.42 7.40 7.35 7.05 7.38 1.83 5.23 8.62 12.75 8.50 9.18 2.56 2.17 8.29 10.71 6.51 5.09 6.24 7.68 1.89 10.40 10.04 10.22 11.13 5.02 10.15 6.84 8.03 5.16 8.92 8.16 9.90 
7.84 11.04 6.30 5.42 10.08 7.07 8.37 6.15 1.58 10.78 8.74 8.77 1.98 5.65 7.65 9.02 8.28 6.81 7.95 7.17 12.69 5.21 5.68 2.02 9.54 6.46 6.58 10.05 10.80 8.50 7.79 0.70 6.89 4.51 10.53 10.93 7.07 3.65 5.85 7.92 6.18 4.69 10.48 4.25 3.95 2.29 3.24 7.59 4.03 8.47 8.10 10.02 5.35 8.22 4.58 
9.34 3.72 4.24 4.44 0.99 2.23 1.25 3.29 7.73 2.36 4.89 5.88 7.48 8.41 2.06 6.42 4.89 2.61 7.48 2.12 5.70 4.49 4.76 7.74 2.49 2.97 6.84 2.65 3.30 6.33 9.29 9.44 8.68 7.93 5.36 2.88 8.57 9.17 4.35 1.73 4.72 5.40 3.74 9.15 8.60 7.68 9.40 2.48 8.77 8.02 8.92 0.83 4.52 9.11 8.80 
3.25 5.02 2.51 6.60 6.18 4.88 6.34 5.77 6.58 5.78 1.87 1.35 5.68 3.10 4.26 1.52 1.52 4.36 1.36 5.17 5.93 6.38 2.62 5.50 8.24 5.75 1.19 8.57 5.02 1.00 3.20 8.06 2.77 3.47 3.45 5.52 2.60 5.01 2.86 4.54 2.13 3.28 4.33 4.61 4.34 5.21 5.48 3.75 4.42 1.96 2.78 6.90 6.63 2.97 4.10 
8.12 10.01 5.43 3.83 8.74 5.73 6.90 4.67 0.57 9.56 8.05 8.26 1.55 5.93 6.42 8.59 7.61 5.55 7.82 5.79 11.78 3.64 4.88 1.97 7.96 4.98 6.38 8.47 9.72 8.09 8.06 1.56 7.12 4.72 9.80 9.78 7.26 4.38 4.95 6.67 5.43 3.94 9.49 4.90 4.43 2.28 4.11 6.45 4.57 8.40 8.26 8.59 3.76 8.41 5.08 
8.54 6.25 3.37 1.16 4.27 1.56 2.26 0.11 4.57 5.36 5.64 6.37 4.54 6.93 2.54 6.88 5.36 1.79 7.16 1.43 8.24 1.16 3.42 4.91 3.50 0.38 5.99 4.00 5.88 6.55 8.48 6.21 7.64 6.05 6.96 5.72 7.63 6.90 3.07 2.61 3.79 3.42 5.94 7.07 6.47 4.95 6.98 2.88 6.65 7.80 8.32 3.97 1.24 8.51 6.88 
2.37 8.31 4.34 7.22 8.91 6.71 8.37 6.94 5.25 8.84 5.20 4.66 4.28 0.27 6.53 4.62 4.81 6.18 2.99 6.97 9.28 6.95 3.88 3.85 10.18 7.07 2.18 10.61 8.25 4.15 2.31 6.16 1.44 1.13 6.80 8.68 1.65 2.03 4.30 6.86 3.87 3.59 7.62 1.46 1.54 3.54 2.55 6.12 1.49 3.31 2.66 9.41 7.21 2.77 0.97 
2.35 9.90 6.25 9.09 10.76 8.64 10.30 8.86 6.68 10.59 6.74 6.01 5.78 2.08 8.44 5.82 6.40 8.12 4.04 8.91 10.63 8.82 5.82 5.29 12.12 9.00 3.80 12.55 9.90 5.44 2.35 7.22 2.16 2.92 8.14 10.37 2.39 2.88 6.24 8.77 5.77 5.52 9.21 2.33 2.83 5.01 3.28 8.01 2.68 4.05 2.96 11.31 9.07 2.94 2.22 
7.16 9.06 4.41 3.53 7.99 4.99 6.31 4.11 0.60 8.72 7.00 7.18 0.68 4.99 5.58 7.51 6.55 4.74 6.76 5.09 10.79 3.29 3.84 1.19 7.57 4.41 5.32 8.08 8.80 7.02 7.10 2.34 6.15 3.78 8.76 8.89 6.27 3.70 3.94 5.85 4.38 2.89 8.53 4.15 3.62 1.44 3.53 5.55 3.78 7.35 7.25 7.94 3.47 7.41 4.25 
8.30 7.69 3.84 1.01 5.99 3.08 4.02 1.81 2.89 6.99 6.46 6.99 3.07 6.39 3.94 7.45 6.09 3.06 7.29 3.06 9.62 0.77 3.57 3.52 5.09 2.13 5.94 5.60 7.36 7.03 8.24 4.46 7.32 5.32 8.02 7.29 7.37 5.81 3.38 4.11 4.09 3.07 7.29 6.11 5.52 3.64 5.79 4.13 5.70 7.94 8.21 5.74 0.96 8.39 6.04 
8.10 11.00 6.30 5.16 9.94 6.93 8.17 5.95 1.40 10.68 8.79 8.87 1.99 5.90 7.54 9.13 8.34 6.70 8.13 7.01 12.69 4.97 5.69 2.12 9.29 6.26 6.74 9.80 10.75 8.62 8.05 0.45 7.14 4.74 10.58 10.85 7.31 3.97 5.84 7.81 6.21 4.71 10.45 4.56 4.22 2.42 3.57 7.51 4.32 8.66 8.33 9.85 5.09 8.46 4.87 
6.25 5.55 1.25 2.91 4.71 1.94 3.59 2.19 4.11 5.25 3.88 4.40 3.59 4.73 2.18 4.87 3.50 1.48 4.91 2.18 7.33 2.70 1.13 3.76 5.35 2.26 3.70 5.80 5.28 4.47 6.19 5.85 5.36 3.99 5.51 5.39 5.34 5.10 0.83 2.49 1.56 1.34 5.04 5.14 4.57 3.65 5.31 2.05 4.74 5.56 6.03 4.91 2.94 6.22 4.86 
1.90 9.70 6.30 9.35 10.72 8.74 10.39 9.05 7.12 10.47 6.54 5.76 6.20 2.20 8.47 5.52 6.23 8.21 3.74 9.01 10.33 9.08 5.91 5.73 12.23 9.17 3.71 12.65 9.72 5.17 1.90 7.74 1.94 3.21 7.85 10.23 2.12 3.39 6.33 8.79 5.81 5.71 9.01 2.81 3.25 5.44 3.81 8.02 3.11 3.67 2.53 11.32 9.34 2.48 2.62 
0.46 8.52 5.77 9.34 9.88 8.27 9.86 8.83 7.74 9.45 5.41 4.52 6.77 2.39 7.83 4.20 5.17 7.73 2.49 8.56 8.96 9.08 5.53 6.35 11.75 8.90 3.01 12.12 8.59 3.93 0.51 8.64 1.30 3.60 6.52 9.14 1.30 4.36 5.92 8.13 5.28 5.60 7.84 3.74 4.00 6.04 4.85 7.35 3.92 2.24 1.06 10.58 9.34 0.95 3.36 
7.77 3.85 2.54 3.55 2.32 0.85 1.70 2.30 6.27 3.08 3.76 4.67 5.91 6.71 0.39 5.21 3.62 0.98 6.01 0.98 5.85 3.51 3.03 6.13 3.59 2.05 5.22 3.93 3.49 5.02 7.72 8.01 7.05 6.20 4.75 3.37 6.96 7.45 2.62 0.22 3.03 3.69 3.57 7.42 6.87 6.04 7.69 0.90 7.04 6.59 7.39 2.56 3.62 7.59 7.08 
8.06 0.89 4.21 6.54 2.14 3.85 3.94 5.29 8.96 0.99 3.11 4.06 8.42 7.80 2.94 4.51 3.36 3.82 6.03 3.96 2.92 6.50 4.86 8.52 5.31 5.03 5.93 5.37 0.50 4.62 8.01 10.71 7.65 7.74 2.77 0.65 7.48 9.21 4.59 2.79 4.51 5.81 0.98 9.00 8.56 8.36 9.57 2.83 8.69 6.41 7.51 3.16 6.62 7.67 8.55 
4.01 6.67 2.13 4.99 6.75 4.35 6.01 4.59 4.06 6.89 3.91 3.83 3.14 2.27 4.27 4.07 3.45 3.84 3.24 4.61 8.03 4.73 1.57 2.94 7.81 4.70 1.80 8.25 6.52 3.56 3.95 5.51 3.04 1.61 5.70 6.84 3.08 3.00 1.98 4.60 1.72 1.27 6.01 2.86 2.36 2.66 3.36 3.92 2.51 3.85 3.94 7.15 4.99 4.12 2.48 
6.90 10.38 5.61 5.34 9.62 6.66 8.06 5.90 1.54 10.22 7.95 7.92 1.41 4.71 7.13 8.15 7.49 6.34 7.03 6.78 11.96 5.11 4.97 1.25 9.38 6.19 5.67 9.89 10.16 7.63 6.84 1.63 5.94 3.57 9.74 10.33 6.13 2.75 5.18 7.43 5.44 3.98 9.79 3.34 3.01 1.46 2.37 7.02 3.10 7.54 7.15 9.66 5.28 7.27 3.65 
10.29 6.50 4.97 2.40 3.85 2.56 1.67 1.99 6.26 5.23 6.79 7.65 6.37 8.80 3.38 8.19 6.61 3.06 8.75 2.27 8.51 2.60 5.17 6.78 1.74 1.83 7.71 2.25 6.09 7.94 10.23 7.77 9.43 7.97 7.77 5.73 9.40 8.83 4.77 3.25 5.44 5.31 6.39 9.00 8.41 6.84 8.90 3.87 8.58 9.38 10.01 3.13 2.47 10.21 8.80 
9.77 3.57 4.78 5.03 0.63 2.87 1.79 3.91 8.37 2.07 5.16 6.17 8.11 8.93 2.62 6.69 5.21 3.23 7.86 2.76 5.48 5.10 5.32 8.37 2.59 3.59 7.30 2.62 3.16 6.64 9.72 10.07 9.14 8.50 5.43 2.65 9.02 9.76 4.92 2.28 5.25 6.00 3.71 9.72 9.18 8.31 10.00 2.99 9.34 8.38 9.32 0.41 5.12 9.50 9.37 
5.18 8.52 3.76 4.86 8.13 5.33 6.91 4.98 2.37 8.53 5.93 5.87 1.40 2.99 5.59 6.09 5.47 4.91 5.03 5.52 10.00 4.59 3.11 1.01 8.49 5.20 3.64 8.98 8.33 5.58 5.12 3.54 4.18 1.77 7.73 8.57 4.32 1.91 3.41 5.91 3.51 2.20 7.90 2.22 1.66 0.69 1.96 5.37 1.82 5.57 5.33 8.33 4.82 5.47 2.25 
2.56 9.18 5.21 7.88 9.80 7.53 9.20 7.68 5.53 9.73 6.06 5.47 4.61 1.12 7.40 5.38 5.67 7.02 3.68 7.80 10.11 7.60 4.73 4.13 10.99 7.83 3.03 11.43 9.14 4.93 2.53 6.20 1.88 1.71 7.61 9.57 2.12 1.86 5.15 7.73 4.74 4.35 8.49 1.25 1.65 3.84 2.33 7.00 1.52 3.88 3.02 10.28 7.86 3.08 1.02 
4.13 5.20 1.23 5.18 5.61 3.72 5.32 4.43 5.27 5.56 2.43 2.49 4.43 3.11 3.33 2.84 1.96 3.19 2.63 4.02 6.52 4.95 1.17 4.32 7.20 4.44 1.53 7.58 5.08 2.37 4.07 6.85 3.35 2.93 4.22 5.45 3.27 4.43 1.47 3.65 0.75 1.86 4.54 4.19 3.77 4.07 4.83 2.87 3.89 3.28 3.82 6.17 5.20 4.02 3.74 
7.03 2.05 5.30 8.72 4.93 6.08 6.60 7.51 10.30 3.62 2.82 3.18 9.57 7.57 5.09 3.32 3.28 5.85 5.10 6.27 1.50 8.61 5.87 9.52 8.08 7.30 5.69 8.16 2.42 3.72 7.01 11.98 6.98 7.93 1.05 3.04 6.76 9.48 5.78 5.09 5.35 6.85 1.86 9.10 8.81 9.29 9.93 4.75 8.90 5.21 6.40 5.95 8.78 6.52 8.59 
6.56 4.50 1.21 3.35 3.67 1.29 2.90 2.28 5.19 4.15 3.26 3.98 4.70 5.34 1.12 4.50 2.97 0.76 4.94 1.59 6.34 3.20 1.62 4.86 4.77 2.19 3.97 5.17 4.21 4.19 6.50 6.94 5.76 4.79 4.70 4.29 5.70 6.04 1.20 1.45 1.70 2.29 4.02 6.00 5.46 4.74 6.29 0.95 5.62 5.56 6.23 3.98 3.40 6.43 5.66 
5.44 10.02 5.31 6.21 9.74 6.92 8.48 6.48 2.87 10.11 7.28 7.06 2.19 3.31 7.19 7.20 6.82 6.51 5.86 7.11 11.41 5.95 4.66 1.70 10.01 6.73 4.62 10.51 9.86 6.69 5.39 3.20 4.54 2.32 9.05 10.13 4.74 1.16 4.99 7.51 5.01 3.79 9.39 1.77 1.56 1.58 0.76 6.96 1.60 6.30 5.76 9.93 6.16 5.86 2.15 
4.38 5.28 0.99 4.85 5.51 3.48 5.09 4.12 4.99 5.55 2.64 2.78 4.17 3.22 3.15 3.16 2.18 2.94 2.96 3.77 6.69 4.62 0.84 4.09 6.97 4.15 1.79 7.36 5.14 2.69 4.32 6.59 3.57 2.91 4.44 5.47 3.51 4.37 1.16 3.48 0.49 1.55 4.63 4.18 3.72 3.85 4.74 2.72 3.85 3.60 4.11 6.02 4.87 4.30 3.75 
8.35 9.64 5.20 3.19 8.23 5.24 6.32 4.09 1.01 9.11 7.86 8.15 1.84 6.19 5.98 8.51 7.43 5.10 7.88 5.27 11.46 3.02 4.70 2.33 7.32 4.41 6.44 7.83 9.34 8.03 8.29 2.19 7.34 4.98 9.58 9.36 7.46 4.82 4.71 6.21 5.26 3.82 9.16 5.30 4.80 2.61 4.60 6.05 4.95 8.48 8.43 8.03 3.12 8.59 5.43 
3.41 6.68 2.42 5.59 7.02 4.79 6.45 5.13 4.57 7.04 3.76 3.53 3.62 1.78 4.60 3.70 3.31 4.26 2.69 5.06 7.91 5.33 1.96 3.37 8.28 5.23 1.26 8.70 6.57 3.19 3.35 5.94 2.45 1.44 5.51 6.94 2.48 2.96 2.38 4.94 1.96 1.85 6.01 2.70 2.30 3.07 3.39 4.21 2.41 3.28 3.33 7.49 5.58 3.51 2.25 
8.04 0.19 4.64 7.22 2.77 4.51 4.64 5.97 9.50 1.43 3.12 3.98 8.92 7.99 3.58 4.38 3.45 4.45 6.01 4.64 2.21 7.17 5.29 8.99 5.97 5.71 6.08 6.01 0.24 4.57 8.01 11.24 7.72 8.02 2.37 0.86 7.54 9.53 5.05 3.46 4.89 6.26 0.66 9.27 8.87 8.82 9.91 3.42 8.99 6.33 7.47 3.79 7.29 7.62 8.81 
8.88 4.89 3.54 2.80 2.59 1.05 0.65 1.66 6.18 3.79 5.08 5.97 6.02 7.61 1.67 6.52 4.92 1.58 7.21 0.78 6.91 2.86 3.88 6.34 2.45 1.34 6.29 2.87 4.49 6.30 8.82 7.87 8.09 6.94 6.03 4.22 8.03 8.02 3.46 1.51 4.03 4.29 4.71 8.08 7.51 6.32 8.19 2.18 7.68 7.81 8.54 2.28 2.88 8.74 7.81 
10.91 4.39 5.88 5.56 1.60 3.78 2.35 4.57 9.13 2.82 6.28 7.29 8.97 10.04 3.69 7.81 6.35 4.21 9.00 3.61 6.15 5.68 6.39 9.27 2.19 4.26 8.44 2.00 4.01 7.77 10.86 10.80 10.28 9.56 6.42 3.42 10.16 10.79 5.98 3.36 6.35 7.01 4.66 10.77 10.23 9.23 11.01 4.10 10.39 9.51 10.46 0.80 5.64 10.64 10.44 
7.36 6.35 2.49 1.67 4.93 1.93 3.28 1.26 3.61 5.77 5.07 5.64 3.39 5.65 2.64 6.12 4.72 1.76 6.13 2.01 8.25 1.45 2.34 3.71 4.77 1.48 4.86 5.26 6.03 5.72 7.29 5.34 6.43 4.74 6.61 6.02 6.43 5.58 2.08 2.86 2.81 2.14 5.92 5.75 5.15 3.71 5.68 2.76 5.33 6.78 7.19 4.87 1.69 7.37 5.56 
8.63 4.73 3.28 2.84 2.56 0.81 0.85 1.65 6.10 3.69 4.82 5.71 5.90 7.38 1.41 6.26 4.67 1.34 6.95 0.56 6.75 2.87 3.64 6.20 2.70 1.34 6.04 3.10 4.33 6.04 8.57 7.80 7.84 6.72 5.81 4.10 7.77 7.83 3.22 1.27 3.78 4.08 4.53 7.88 7.31 6.17 8.01 1.92 7.48 7.55 8.29 2.36 2.92 8.48 7.59 
5.88 2.23 3.06 6.62 3.95 4.09 4.98 5.46 8.07 3.17 0.93 1.86 7.35 5.84 3.13 2.32 1.29 3.78 3.84 4.33 3.40 6.49 3.64 7.33 6.72 5.29 3.93 6.92 2.26 2.43 5.84 9.75 5.54 5.99 1.40 2.81 5.35 7.52 3.54 3.23 3.13 4.63 1.54 7.22 6.85 7.11 7.94 2.70 6.96 4.21 5.32 4.87 6.67 5.48 6.73 
7.78 9.50 4.93 3.48 8.27 5.26 6.46 4.24 0.44 9.07 7.55 7.77 1.24 5.61 5.93 8.12 7.11 5.06 7.39 5.32 11.27 3.27 4.38 1.72 7.59 4.55 5.95 8.11 9.22 7.62 7.72 2.01 6.78 4.40 9.30 9.28 6.90 4.21 4.44 6.17 4.93 3.45 8.99 4.69 4.19 2.01 4.00 5.94 4.34 7.99 7.89 8.14 3.41 8.04 4.83 
10.68 5.39 5.38 4.06 2.48 2.94 1.28 3.25 7.81 3.93 6.50 7.47 7.78 9.50 3.30 8.02 6.45 3.46 8.92 2.68 7.33 4.22 5.77 8.13 0.77 2.97 8.11 1.01 4.98 7.87 10.63 9.41 9.93 8.85 7.08 4.50 9.85 9.91 5.34 3.02 5.87 6.19 5.46 9.99 9.41 8.14 10.07 3.81 9.59 9.50 10.31 1.54 4.14 10.50 9.71 
7.57 2.89 2.70 4.51 1.94 1.81 2.35 3.26 7.02 2.28 3.13 4.10 6.57 6.78 0.89 4.65 3.10 1.78 5.69 1.95 4.88 4.46 3.30 6.73 4.12 3.01 5.11 4.37 2.53 4.53 7.52 8.78 6.95 6.44 3.88 2.48 6.83 7.79 2.94 0.75 3.13 4.12 2.60 7.69 7.18 6.61 8.08 0.95 7.33 6.22 7.13 2.55 4.58 7.32 7.30 
7.12 2.40 2.63 5.08 2.30 2.40 3.06 3.85 7.30 2.18 2.49 3.48 6.77 6.51 1.41 4.02 2.52 2.25 5.18 2.58 4.32 5.00 3.27 6.88 4.80 3.62 4.75 5.02 2.10 3.95 7.07 9.05 6.56 6.29 3.17 2.21 6.42 7.71 2.97 1.39 2.99 4.18 2.00 7.55 7.08 6.73 8.04 1.19 7.22 5.68 6.65 3.08 5.15 6.83 7.13 
6.64 4.23 1.33 3.52 3.42 1.26 2.79 2.40 5.46 3.88 3.13 3.90 4.97 5.50 0.89 4.43 2.87 0.77 4.97 1.55 6.09 3.38 1.81 5.12 4.68 2.28 4.06 5.06 3.94 4.14 6.58 7.22 5.87 4.99 4.51 4.02 5.80 6.27 1.41 1.23 1.82 2.54 3.77 6.21 5.68 5.00 6.53 0.68 5.84 5.58 6.29 3.77 3.57 6.49 5.86 
5.55 2.72 2.46 6.15 4.02 3.71 4.76 5.02 7.47 3.44 0.69 1.69 6.74 5.34 2.80 2.22 0.84 3.35 3.53 3.97 4.01 6.00 3.04 6.72 6.57 4.87 3.44 6.81 2.68 2.19 5.50 9.15 5.13 5.42 1.93 3.16 4.95 6.95 2.95 2.95 2.53 4.02 2.04 6.66 6.28 6.50 7.36 2.32 6.39 3.97 5.02 4.87 6.20 5.19 6.18 
4.03 4.22 3.95 8.04 6.25 5.87 7.06 7.04 8.48 5.42 1.64 0.80 7.60 4.74 5.03 0.42 1.80 5.44 2.12 6.15 4.50 7.86 4.27 7.43 8.88 6.95 3.00 9.12 4.38 0.94 4.00 9.99 4.01 5.33 2.07 5.00 3.78 6.83 4.40 5.22 3.72 5.08 3.60 6.38 6.19 7.15 7.32 4.53 6.24 2.21 3.40 7.15 8.08 3.52 5.86 
7.28 2.35 2.76 5.09 2.15 2.39 2.97 3.85 7.39 2.05 2.62 3.62 6.86 6.66 1.42 4.15 2.66 2.28 5.33 2.56 4.30 5.02 3.40 6.99 4.69 3.62 4.90 4.90 2.03 4.09 7.23 9.14 6.71 6.43 3.24 2.11 6.58 7.85 3.09 1.37 3.13 4.30 1.99 7.69 7.22 6.84 8.18 1.26 7.36 5.83 6.80 2.94 5.16 6.98 7.28 
6.75 5.25 1.51 2.67 4.17 1.34 2.99 1.75 4.49 4.81 3.94 4.57 4.06 5.31 1.68 5.07 3.61 0.90 5.30 1.57 7.11 2.50 1.62 4.27 4.76 1.76 4.17 5.20 4.95 4.72 6.69 6.24 5.89 4.60 5.45 5.00 5.85 5.71 1.23 1.96 1.93 1.95 4.79 5.75 5.18 4.19 5.91 1.67 5.35 5.94 6.49 4.32 2.72 6.69 5.46 
1.92 9.12 5.45 8.40 9.95 7.86 9.51 8.12 6.23 9.78 5.96 5.27 5.29 1.29 7.63 5.11 5.61 7.33 3.35 8.13 9.90 8.13 5.03 4.83 11.34 8.25 3.00 11.77 9.11 4.71 1.90 6.94 1.46 2.26 7.41 9.58 1.70 2.60 5.45 7.96 4.97 4.78 8.42 1.99 2.37 4.53 3.07 7.21 2.24 3.44 2.45 10.50 8.39 2.48 1.72 
3.87 4.99 1.58 5.64 5.68 4.03 5.57 4.84 5.75 5.49 2.06 2.00 4.90 3.13 3.53 2.34 1.60 3.50 2.22 4.32 6.20 5.42 1.65 4.77 7.46 4.83 1.34 7.83 4.92 1.86 3.81 7.31 3.18 3.14 3.83 5.33 3.07 4.68 1.90 3.83 1.16 2.36 4.32 4.38 4.01 4.51 5.10 3.04 4.11 2.86 3.51 6.30 5.66 3.70 3.90 
6.47 7.70 3.06 2.96 6.74 3.77 5.22 3.15 1.97 7.39 5.68 5.94 1.47 4.44 4.27 6.30 5.24 3.46 5.75 3.91 9.42 2.69 2.51 1.76 6.68 3.41 4.32 7.18 7.44 5.82 6.40 3.70 5.47 3.32 7.42 7.55 5.54 3.81 2.58 4.56 3.06 1.61 7.16 4.08 3.50 1.77 3.83 4.21 3.67 6.38 6.46 6.78 2.93 6.63 4.01 
11.72 6.06 6.42 4.83 3.12 3.98 2.32 4.17 8.66 4.52 7.46 8.44 8.69 10.55 4.33 8.98 7.43 4.51 9.94 3.72 7.90 5.02 6.81 9.06 0.71 3.92 9.15 0.24 5.65 8.86 11.66 10.21 10.97 9.88 7.91 5.11 10.90 10.92 6.39 4.04 6.92 7.22 6.22 11.01 10.43 9.09 11.06 4.83 10.60 10.51 11.34 2.11 4.90 11.53 10.74 
10.62 5.77 5.28 3.56 2.91 2.78 1.22 2.86 7.36 4.36 6.63 7.57 7.38 9.34 3.31 8.12 6.53 3.32 8.92 2.50 7.74 3.74 5.61 7.75 0.72 2.60 8.03 1.18 5.35 7.94 10.56 8.93 9.83 8.62 7.34 4.91 9.77 9.63 5.19 3.07 5.77 5.95 5.78 9.73 9.15 7.78 9.75 3.82 9.32 9.51 10.27 2.03 3.64 10.47 9.48 
2.28 10.30 7.07 10.16 11.44 9.52 11.17 9.86 7.88 11.13 7.15 6.31 6.97 3.01 9.22 6.03 6.86 8.99 4.28 9.80 10.81 9.89 6.70 6.49 13.02 9.98 4.43 13.43 10.34 5.72 2.31 8.41 2.60 4.01 8.36 10.86 2.75 4.08 7.11 9.54 6.57 6.52 9.61 3.53 4.01 6.20 4.47 8.77 3.87 4.10 2.91 12.06 10.15 2.81 3.39 
3.09 5.19 4.21 8.34 7.08 6.39 7.70 7.44 8.32 6.34 2.39 1.38 7.40 4.07 5.63 0.86 2.39 5.91 1.35 6.68 5.45 8.13 4.40 7.17 9.56 7.38 2.56 9.84 5.33 1.00 3.07 9.73 3.19 4.83 3.04 5.94 2.95 6.27 4.61 5.86 3.88 5.08 4.55 5.76 5.65 6.87 6.77 5.12 5.68 1.27 2.46 7.94 8.37 2.57 5.24 
9.58 3.16 4.71 5.30 0.22 2.99 2.11 4.14 8.52 1.66 4.89 5.90 8.22 8.83 2.60 6.41 4.97 3.30 7.65 2.92 5.06 5.35 5.28 8.46 3.01 3.82 7.15 3.03 2.75 6.39 9.53 10.24 8.98 8.45 5.06 2.23 8.86 9.75 4.89 2.27 5.17 6.01 3.33 9.69 9.16 8.38 10.02 2.92 9.32 8.14 9.11 0.80 5.38 9.30 9.32 
11.85 5.83 6.61 5.30 2.94 4.23 2.57 4.57 9.10 4.26 7.45 8.45 9.10 10.77 4.47 8.98 7.46 4.74 10.03 3.99 7.61 5.48 7.04 9.45 1.23 4.30 9.31 0.78 5.43 8.89 11.80 10.67 11.14 10.15 7.78 4.86 11.05 11.24 6.61 4.16 7.10 7.50 6.04 11.30 10.73 9.47 11.40 4.95 10.90 10.58 11.45 1.94 5.38 11.64 11.02 
3.83 9.35 4.93 6.90 9.54 6.99 8.64 6.89 4.20 9.68 6.37 5.97 3.31 1.80 7.03 6.01 5.94 6.51 4.49 7.22 10.52 6.63 4.34 2.82 10.34 7.08 3.45 10.80 9.24 5.52 3.78 4.81 2.97 1.23 8.07 9.60 3.19 0.49 4.73 7.37 4.52 3.71 8.68 0.16 0.48 2.55 1.01 6.70 0.31 4.85 4.19 9.90 6.87 4.28 0.59 
4.56 3.67 3.88 7.90 5.78 5.62 6.71 6.85 8.59 4.90 1.33 0.86 7.75 5.15 4.73 0.83 1.62 5.21 2.61 5.88 3.98 7.73 4.28 7.61 8.50 6.73 3.34 8.72 3.84 1.27 4.53 10.16 4.49 5.65 1.53 4.46 4.27 7.18 4.36 4.89 3.72 5.15 3.05 6.75 6.52 7.34 7.66 4.24 6.59 2.76 3.94 6.70 7.95 4.07 6.23 
8.29 0.34 5.11 7.72 3.13 5.02 5.10 6.47 10.00 1.71 3.42 4.22 9.40 8.34 4.09 4.57 3.79 4.96 6.26 5.14 1.75 7.67 5.76 9.47 6.35 6.21 6.43 6.36 0.69 4.81 8.25 11.74 8.02 8.43 2.40 1.12 7.82 9.94 5.53 3.96 5.34 6.73 0.98 9.67 9.28 9.29 10.34 3.93 9.39 6.54 7.69 4.13 7.79 7.84 9.20 
8.41 9.05 4.78 2.41 7.52 4.55 5.56 3.35 1.60 8.45 7.46 7.83 2.19 6.31 5.35 8.23 7.05 4.46 7.75 4.56 10.92 2.24 4.34 2.69 6.54 3.67 6.32 7.05 8.73 7.76 8.35 2.96 7.40 5.12 9.13 8.72 7.49 5.19 4.29 5.55 4.90 3.55 8.60 5.62 5.08 2.93 5.04 5.46 5.24 8.38 8.43 7.28 2.34 8.60 5.68 
8.24 5.12 2.89 2.31 3.20 0.50 1.48 1.06 5.41 4.23 4.78 5.60 5.21 6.87 1.47 6.13 4.56 0.96 6.66 0.29 7.12 2.29 3.15 5.51 3.19 0.78 5.64 3.64 4.74 5.86 8.18 7.11 7.41 6.15 5.95 4.58 7.36 7.20 2.74 1.49 3.37 3.49 4.83 7.28 6.70 5.49 7.37 1.89 6.87 7.28 7.94 3.05 2.38 8.13 7.01 
9.23 5.19 3.88 2.71 2.75 1.38 0.57 1.67 6.25 4.03 5.46 6.35 6.15 7.92 2.05 6.90 5.31 1.92 7.58 1.09 7.21 2.80 4.19 6.48 2.13 1.37 6.64 2.58 4.79 6.68 9.17 7.90 8.43 7.21 6.40 4.49 8.37 8.25 3.78 1.89 4.37 4.55 5.05 8.34 7.76 6.48 8.40 2.56 7.93 8.19 8.90 2.30 2.79 9.10 8.07 
7.55 1.07 3.77 6.36 2.41 3.66 3.97 5.12 8.60 1.46 2.60 3.57 8.03 7.30 2.70 4.03 2.85 3.57 5.52 3.81 3.03 6.30 4.43 8.11 5.47 4.87 5.42 5.58 0.80 4.13 7.51 10.34 7.14 7.25 2.43 1.16 6.97 8.73 4.17 2.61 4.05 5.38 0.78 8.51 8.08 7.94 9.10 2.52 8.21 5.92 7.00 3.40 6.43 7.17 8.06 
7.48 2.19 5.80 9.14 5.13 6.48 6.91 7.93 10.81 3.75 3.34 3.68 10.08 8.07 5.49 3.79 3.80 6.28 5.57 6.66 1.09 9.05 6.38 10.04 8.32 7.70 6.20 8.37 2.59 4.21 7.46 12.49 7.46 8.45 1.56 3.16 7.23 9.99 6.28 5.47 5.86 7.36 2.16 9.62 9.33 9.81 10.45 5.18 9.41 5.66 6.84 6.14 9.21 6.95 9.10 
7.18 9.30 4.62 3.77 8.25 5.25 6.57 4.37 0.41 8.97 7.19 7.35 0.62 5.00 5.83 7.66 6.74 4.99 6.86 5.35 11.01 3.54 4.04 1.10 7.82 4.67 5.42 8.33 9.03 7.16 7.12 2.10 6.18 3.79 8.96 9.14 6.31 3.60 4.15 6.10 4.57 3.07 8.76 4.07 3.57 1.38 3.40 5.79 3.72 7.44 7.30 8.20 3.71 7.45 4.20 
4.28 6.18 1.60 4.71 6.22 3.87 5.53 4.20 4.22 6.37 3.52 3.55 3.35 2.71 3.74 3.85 3.06 3.34 3.25 4.13 7.59 4.46 1.05 3.23 7.35 4.29 1.86 7.77 6.02 3.35 4.22 5.76 3.35 2.14 5.32 6.33 3.36 3.53 1.47 4.08 1.20 1.01 5.53 3.39 2.89 2.98 3.87 3.39 3.04 3.89 4.14 6.63 4.71 4.32 3.01 
