4.98 3.38 2.72 1.57 6.47 5.14 1.87 3.65 5.17 5.57 3.76 1.62 4.56 5.03 5.69 6.34 7.26 4.90 3.58 3.01 1.51 5.17 8.29 5.08 5.89 5.33 5.43 6.76 6.22 3.87 5.70 5.61 4.71 3.43 4.53 5.59 5.88 7.73 4.17 5.40 0.91 5.60 4.10 6.11 5.99 5.23 3.77 5.44 2.88 5.04 
10.18 7.43 4.94 6.70 1.18 9.30 6.65 7.23 5.97 3.97 1.54 5.68 1.93 0.60 4.12 5.14 9.25 5.96 8.85 6.93 4.34 3.54 3.28 1.61 9.36 7.77 3.76 1.46 9.13 8.89 2.27 3.80 8.20 5.01 5.37 3.11 6.70 9.82 5.75 2.67 4.41 2.96 1.95 2.27 4.01 9.22 3.61 10.73 4.40 2.00 
5.66 2.70 0.84 3.33 5.88 4.59 2.07 2.61 3.29 3.85 3.34 3.45 4.76 4.70 6.51 7.34 5.70 6.38 4.90 2.20 2.76 3.51 7.28 5.14 4.90 3.82 6.18 6.14 4.96 4.25 4.41 3.93 3.68 4.86 2.63 4.07 4.03 6.22 2.33 5.79 1.88 6.06 3.05 4.86 6.71 4.55 4.67 6.46 4.16 5.24 
10.13 7.23 4.69 6.80 1.32 9.07 6.57 6.98 5.53 3.44 1.63 5.87 2.43 1.12 4.66 5.69 8.83 6.41 8.91 6.73 4.52 3.03 3.03 2.16 9.05 7.41 4.30 1.56 8.78 8.79 1.71 3.26 7.92 5.39 4.96 2.57 6.24 9.40 5.38 3.23 4.48 3.52 1.62 1.71 4.56 8.97 4.03 10.74 4.74 2.54 
3.47 4.47 5.24 1.29 9.10 5.47 3.04 5.04 7.53 8.35 6.44 2.41 6.81 7.58 7.15 7.45 8.79 5.29 1.31 4.40 3.63 7.98 11.07 7.39 6.71 6.96 7.01 9.39 7.38 3.28 8.55 8.41 5.81 4.33 6.99 8.44 8.12 9.15 6.47 7.38 3.61 7.50 6.94 8.95 7.53 5.73 5.45 3.27 4.28 7.23 
9.90 9.24 7.92 5.96 6.50 10.95 7.69 9.48 10.13 9.16 5.43 4.56 3.99 5.31 2.00 1.39 12.86 1.20 7.78 8.86 4.46 8.66 8.85 4.34 11.75 10.98 2.26 6.71 12.02 9.30 7.97 9.06 10.56 2.44 9.41 8.57 10.94 13.39 9.37 3.40 5.35 3.21 6.71 8.10 2.34 11.07 2.69 9.72 3.03 3.95 
5.58 2.15 0.44 3.98 6.44 3.95 2.20 1.86 2.48 3.64 4.08 4.34 5.62 5.41 7.46 8.31 4.71 7.36 5.21 1.67 3.74 3.41 7.57 5.95 4.05 2.84 7.12 6.68 4.02 4.10 4.61 3.76 2.85 5.84 1.92 4.08 3.16 5.24 1.45 6.67 2.85 6.95 3.51 5.07 7.65 3.85 5.64 6.53 5.14 6.09 
7.40 7.01 6.14 3.49 6.79 8.61 5.40 7.33 8.53 8.13 4.77 2.18 4.07 5.29 3.41 3.51 10.92 1.33 5.29 6.68 2.58 7.64 9.10 4.62 9.52 8.99 3.38 7.05 9.90 6.84 7.42 8.09 8.37 0.83 7.83 7.76 9.31 11.40 7.63 4.14 3.44 4.13 5.88 7.68 3.82 8.76 2.30 7.25 1.51 4.32 
7.86 6.21 4.52 3.90 4.42 8.06 4.85 6.32 6.66 5.81 2.27 2.58 1.85 2.88 2.73 3.52 9.48 2.98 6.11 5.77 1.53 5.31 6.66 2.43 8.63 7.64 2.44 4.69 8.77 6.87 4.93 5.74 7.41 1.70 5.94 5.35 7.47 10.02 5.92 2.45 2.22 2.62 3.45 5.18 3.00 8.11 0.85 8.11 1.02 2.25 
0.36 4.01 6.18 4.03 11.48 3.67 3.77 4.65 7.77 9.45 8.77 5.47 9.58 10.07 10.32 10.72 7.67 8.62 2.04 4.33 6.38 9.22 13.10 10.12 5.11 6.28 10.14 11.75 6.04 1.77 10.26 9.58 4.79 7.58 7.49 9.86 8.08 7.85 6.81 10.33 5.96 10.50 8.84 10.71 10.68 4.03 8.50 0.92 7.39 10.05 
1.72 4.87 6.67 3.64 11.45 4.91 4.17 5.53 8.55 9.96 8.74 4.98 9.31 9.97 9.75 10.03 8.84 7.80 1.43 5.08 6.09 9.67 13.25 9.88 6.34 7.30 9.61 11.73 7.23 2.73 10.53 10.06 5.86 6.93 8.17 10.25 8.96 9.06 7.54 9.95 5.86 10.08 9.01 10.96 10.13 5.26 8.03 0.76 6.87 9.76 
10.56 7.79 5.28 7.08 0.80 9.65 7.03 7.57 6.22 4.12 1.92 6.04 2.15 0.84 4.23 5.24 9.51 6.20 9.23 7.29 4.71 3.72 2.96 1.74 9.68 8.07 3.88 1.08 9.43 9.27 2.33 3.94 8.53 5.30 5.64 3.23 6.94 10.08 6.04 2.76 4.79 3.03 2.25 2.25 4.08 9.56 3.88 11.12 4.72 2.13 
10.64 9.32 7.56 6.59 4.89 11.15 7.91 9.44 9.51 8.14 4.43 5.13 2.73 3.93 0.42 0.65 12.50 2.65 8.66 8.88 4.53 7.65 7.18 2.89 11.75 10.70 0.80 5.07 11.87 9.81 6.71 8.01 10.53 3.06 8.80 7.43 10.31 13.05 8.89 1.83 5.32 1.56 5.70 6.76 0.54 11.21 2.29 10.66 3.25 2.51 
4.53 3.61 3.43 0.78 7.13 5.20 1.99 4.00 5.85 6.36 4.43 1.24 5.04 5.64 5.88 6.42 7.72 4.71 2.90 3.33 1.82 5.96 9.02 5.59 6.12 5.79 5.65 7.42 6.56 3.61 6.48 6.41 5.00 3.35 5.24 6.39 6.54 8.16 4.83 5.78 1.56 5.95 4.87 6.88 6.21 5.35 3.99 4.84 2.95 5.50 
1.76 3.79 5.39 2.46 10.17 4.24 2.90 4.44 7.36 8.67 7.46 3.88 8.12 8.71 8.72 9.09 7.97 6.98 0.45 3.93 4.89 8.38 11.95 8.67 5.62 6.30 8.55 10.46 6.43 1.93 9.22 8.77 4.95 5.95 6.95 8.94 7.82 8.25 6.33 8.81 4.59 8.95 7.70 9.66 9.09 4.55 6.93 1.76 5.80 8.57 
5.40 4.43 3.78 1.41 6.55 6.09 2.83 4.75 6.23 6.38 3.93 0.51 4.28 5.03 4.97 5.50 8.38 3.84 3.62 4.09 1.07 5.94 8.58 4.85 6.94 6.45 4.75 6.84 7.32 4.53 6.22 6.39 5.79 2.44 5.57 6.27 6.97 8.85 5.26 4.94 1.29 5.09 4.58 6.59 5.31 6.21 3.10 5.61 2.03 4.72 
9.02 8.51 7.36 5.11 6.67 10.18 6.93 8.78 9.65 8.88 5.22 3.75 4.00 5.34 2.44 2.14 12.26 0.30 6.89 8.15 3.82 8.38 9.02 4.45 11.02 10.35 2.59 6.90 11.34 8.46 7.85 8.80 9.85 1.72 8.93 8.36 10.45 12.77 8.83 3.64 4.71 3.52 6.47 8.03 2.84 10.31 2.43 8.82 2.42 4.07 
8.15 4.53 2.32 6.32 5.20 6.01 4.80 4.01 1.56 1.12 3.84 6.25 5.59 4.78 7.83 8.82 4.86 8.57 7.79 4.12 5.22 1.14 5.59 5.67 5.55 3.67 7.46 5.37 5.05 6.66 2.73 1.30 4.62 7.12 1.16 1.88 2.25 5.43 1.81 6.65 4.50 6.96 2.63 3.14 7.89 5.80 6.38 9.14 6.35 5.95 
4.11 1.28 1.85 2.86 7.49 3.14 0.74 1.53 3.81 5.14 4.90 3.66 6.18 6.27 7.67 8.39 5.24 7.03 3.74 0.88 3.56 4.89 8.87 6.61 3.76 3.33 7.37 7.75 4.10 2.67 5.97 5.26 2.58 5.56 3.35 5.52 4.36 5.69 2.76 7.15 2.72 7.39 4.66 6.42 7.92 3.17 5.75 5.03 4.98 6.66 
8.04 6.87 5.44 4.00 5.19 8.65 5.38 7.05 7.67 6.90 3.32 2.54 2.48 3.71 2.31 2.84 10.38 1.90 6.11 6.46 2.03 6.40 7.51 3.03 9.34 8.50 2.14 5.46 9.57 7.21 5.98 6.83 8.14 0.77 6.95 6.42 8.47 10.90 6.88 2.64 2.90 2.69 4.52 6.20 2.67 8.73 0.71 8.12 0.65 2.74 
6.85 5.43 4.08 2.88 5.28 7.23 3.97 5.62 6.41 5.96 2.83 1.57 2.84 3.73 3.59 4.25 8.99 3.10 5.08 5.02 0.60 5.48 7.43 3.42 7.91 7.10 3.35 5.56 8.14 5.90 5.39 5.93 6.71 1.58 5.70 5.65 7.20 9.51 5.56 3.47 1.47 3.63 3.79 5.70 3.91 7.31 1.68 7.08 0.86 3.27 
10.13 7.22 4.68 6.81 1.32 9.06 6.57 6.97 5.51 3.42 1.64 5.88 2.46 1.15 4.69 5.72 8.81 6.44 8.92 6.72 4.54 3.01 3.01 2.19 9.04 7.39 4.33 1.56 8.76 8.80 1.68 3.24 7.91 5.41 4.94 2.54 6.22 9.38 5.36 3.26 4.48 3.54 1.61 1.69 4.59 8.96 4.06 10.75 4.76 2.57 
9.17 7.30 5.32 5.23 3.43 9.18 6.05 7.33 7.18 5.87 2.13 3.90 0.70 2.02 1.90 2.89 10.22 3.35 7.44 6.83 2.83 5.38 5.77 1.24 9.63 8.45 1.53 3.69 9.67 8.13 4.60 5.76 8.41 2.56 6.48 5.22 7.99 10.77 6.59 1.14 3.41 1.35 3.42 4.74 2.02 9.20 1.08 9.44 2.14 0.97 
8.13 5.72 3.51 4.56 3.31 7.62 4.70 5.65 5.29 4.16 0.67 3.58 1.74 1.85 3.79 4.75 8.35 4.66 6.72 5.22 2.23 3.65 5.31 2.10 7.92 6.62 3.42 3.60 7.88 6.91 3.27 4.07 6.70 3.37 4.59 3.65 6.10 8.91 4.72 2.81 2.28 3.09 1.75 3.55 3.90 7.59 2.33 8.62 2.64 2.21 
8.07 4.57 2.12 5.91 4.63 6.20 4.60 4.13 2.15 1.21 3.13 5.72 4.88 4.10 7.12 8.11 5.45 7.90 7.53 4.12 4.62 0.92 5.26 4.97 5.89 4.10 6.75 4.81 5.49 6.59 2.31 1.30 4.87 6.47 1.59 1.61 2.90 6.02 2.11 5.95 3.95 6.26 1.94 2.75 7.18 6.02 5.68 8.99 5.70 5.25 
11.43 8.64 6.11 7.91 0.13 10.49 7.90 8.40 6.88 4.64 2.78 6.84 2.71 1.57 4.50 5.45 10.19 6.70 10.08 8.13 5.52 4.29 2.41 2.19 10.48 8.82 4.19 0.28 10.19 10.13 2.76 4.44 9.34 5.95 6.34 3.70 7.57 10.75 6.79 3.05 5.64 3.27 3.05 2.54 4.28 10.39 4.48 11.97 5.42 2.55 
9.43 7.09 4.82 5.70 2.34 8.99 6.05 7.01 6.37 4.79 1.20 4.53 0.63 0.82 2.95 3.98 9.54 4.58 7.90 6.60 3.26 4.31 4.62 0.74 9.26 7.88 2.58 2.62 9.18 8.25 3.39 4.65 8.05 3.64 5.70 4.07 7.16 10.11 5.92 1.66 3.55 1.96 2.38 3.50 2.93 8.96 2.23 9.85 3.07 0.95 
6.49 3.20 0.62 4.30 5.39 5.01 2.96 2.91 2.54 2.87 3.11 4.30 4.74 4.40 6.72 7.63 5.36 6.95 5.87 2.71 3.41 2.56 6.54 5.02 5.03 3.61 6.37 5.63 4.90 5.04 3.60 2.96 3.86 5.45 1.84 3.15 3.34 5.91 1.75 5.81 2.59 6.10 2.45 4.06 6.88 4.90 5.00 7.36 4.70 5.19 
6.27 6.05 5.50 2.40 7.19 7.58 4.43 6.43 7.95 7.87 4.86 1.25 4.57 5.65 4.38 4.60 10.11 2.46 4.16 5.76 2.18 7.40 9.42 5.15 8.56 8.18 4.29 7.47 8.99 5.74 7.42 7.86 7.44 1.55 7.27 7.63 8.69 10.57 6.99 4.87 2.87 4.92 5.81 7.74 4.78 7.75 2.91 6.13 1.80 4.90 
5.29 1.62 2.15 5.07 8.00 2.70 2.88 0.97 2.24 4.43 5.81 5.79 7.40 7.10 9.25 10.09 3.07 9.02 5.65 1.51 5.42 4.40 8.83 7.71 2.36 1.14 8.91 8.22 2.22 3.84 5.87 4.62 1.30 7.51 2.19 5.14 2.48 3.55 1.51 8.46 4.52 8.74 5.07 6.32 9.44 2.48 7.41 6.45 6.84 7.86 
4.58 1.99 1.61 2.57 6.87 3.86 0.99 2.16 3.90 4.87 4.24 3.12 5.47 5.60 6.95 7.69 5.74 6.40 3.87 1.56 2.87 4.56 8.35 5.91 4.44 3.81 6.65 7.14 4.71 3.20 5.50 4.96 3.24 4.91 3.34 5.14 4.55 6.21 2.86 6.43 2.02 6.67 4.10 5.95 7.21 3.89 5.04 5.37 4.30 5.95 
3.50 4.75 5.58 1.62 9.39 5.68 3.37 5.34 7.86 8.69 6.74 2.65 7.06 7.86 7.31 7.57 9.08 5.35 1.30 4.71 3.91 8.32 11.38 7.64 6.95 7.26 7.18 9.68 7.65 3.45 8.88 8.75 6.08 4.48 7.33 8.78 8.45 9.43 6.81 7.60 3.93 7.70 7.26 9.28 7.70 5.95 5.65 3.17 4.48 7.47 
6.88 3.27 1.20 5.29 5.90 4.82 3.60 2.77 1.35 2.36 3.99 5.44 5.71 5.17 7.80 8.74 4.35 8.14 6.61 2.85 4.60 2.25 6.65 5.92 4.51 2.80 7.44 6.11 4.17 5.39 3.69 2.52 3.48 6.64 0.64 2.98 2.15 4.92 0.77 6.79 3.77 7.09 3.04 4.14 7.93 4.63 6.14 7.89 5.89 6.13 
3.50 2.08 2.82 1.76 7.85 3.61 0.48 2.56 4.98 6.09 5.16 2.83 6.15 6.49 7.31 7.93 6.33 6.30 2.65 1.89 3.14 5.79 9.47 6.65 4.56 4.45 7.05 8.13 5.06 2.26 6.67 6.19 3.48 4.91 4.48 6.36 5.55 6.74 3.93 7.02 2.49 7.23 5.21 7.11 7.62 3.76 5.39 4.18 4.45 6.63 
8.01 4.98 2.44 5.07 3.56 6.83 4.42 4.74 3.72 2.53 1.46 4.52 3.21 2.62 5.42 6.41 6.90 6.27 7.02 4.48 3.26 2.04 4.92 3.37 6.85 5.31 5.04 3.81 6.65 6.63 2.19 2.48 5.69 4.89 3.04 2.21 4.51 7.47 3.31 4.29 2.82 4.59 0.66 2.60 5.49 6.73 4.00 8.73 4.13 3.60 
10.66 8.95 6.94 6.65 3.70 10.82 7.66 8.98 8.70 7.15 3.53 5.23 1.78 2.82 0.92 1.83 11.81 3.49 8.82 8.48 4.35 6.67 5.99 1.79 11.28 10.07 0.74 3.87 11.31 9.70 5.62 7.00 10.06 3.41 8.01 6.38 9.50 12.37 8.18 0.72 5.01 0.42 4.75 5.64 0.66 10.84 2.17 10.83 3.33 1.44 
6.76 3.05 1.79 5.73 6.75 4.33 3.79 2.45 0.75 2.84 4.91 6.08 6.62 6.07 8.70 9.63 3.44 8.94 6.79 2.74 5.35 2.87 7.33 6.83 3.80 1.96 8.34 6.94 3.34 5.28 4.42 3.03 2.90 7.43 0.59 3.61 1.40 4.00 0.31 7.71 4.49 8.01 3.93 4.85 8.83 4.09 7.01 7.86 6.69 7.05 
10.28 9.52 8.11 6.31 6.35 11.25 7.99 9.73 10.27 9.20 5.45 4.89 3.93 5.23 1.79 1.03 13.06 1.61 8.17 9.13 4.71 8.70 8.68 4.23 12.01 11.19 2.10 6.55 12.26 9.64 7.94 9.09 10.82 2.74 9.55 8.57 11.08 13.59 9.53 3.24 5.59 3.02 6.75 8.05 2.08 11.36 2.80 10.12 3.27 3.84 
10.21 8.48 6.50 6.21 3.63 10.36 7.19 8.52 8.30 6.82 3.15 4.80 1.41 2.58 0.97 1.99 11.38 3.30 8.38 8.02 3.89 6.34 5.96 1.54 10.82 9.64 0.63 3.83 10.86 9.23 5.36 6.69 9.60 3.05 7.61 6.09 9.11 11.94 7.76 0.51 4.55 0.37 4.40 5.41 0.90 10.38 1.74 10.39 2.90 1.16 
8.05 5.45 3.13 4.65 3.30 7.34 4.55 5.33 4.82 3.67 0.61 3.80 2.15 1.97 4.27 5.25 7.91 5.14 6.76 4.95 2.46 3.17 5.15 2.43 7.57 6.21 3.90 3.58 7.49 6.78 2.89 3.59 6.37 3.81 4.12 3.20 5.62 8.47 4.28 3.23 2.33 3.53 1.31 3.21 4.37 7.30 2.83 8.62 3.06 2.59 
5.93 3.16 4.41 6.99 10.03 2.63 4.76 2.71 3.47 5.98 8.02 7.90 9.65 9.27 11.53 12.37 1.39 11.23 7.00 3.38 7.66 6.11 10.55 9.94 1.24 1.34 11.19 10.23 0.25 4.78 7.69 6.19 1.77 9.73 3.85 6.84 3.11 1.60 3.37 10.72 6.77 11.00 7.17 8.10 11.72 2.26 9.69 7.21 9.09 10.11 
6.44 5.97 5.25 2.46 6.77 7.56 4.35 6.30 7.67 7.51 4.44 1.13 4.15 5.22 4.07 4.36 9.94 2.37 4.38 5.65 1.82 7.04 8.99 4.74 8.48 8.01 3.95 7.05 8.88 5.81 7.02 7.49 7.34 1.24 6.99 7.25 8.43 10.41 6.74 4.48 2.57 4.55 5.41 7.33 4.46 7.71 2.52 6.37 1.39 4.49 
6.13 2.47 0.98 4.86 6.56 4.03 2.97 1.97 1.61 3.16 4.44 5.21 6.10 5.70 8.07 8.97 4.01 8.15 5.98 2.08 4.54 3.05 7.42 6.37 3.81 2.26 7.72 6.78 3.57 4.63 4.45 3.32 2.72 6.64 1.12 3.77 2.28 4.56 0.56 7.18 3.67 7.46 3.64 4.90 8.23 3.85 6.32 7.16 5.92 6.55 
10.02 8.80 7.13 5.97 5.01 10.61 7.35 8.93 9.16 7.94 4.19 4.52 2.60 3.89 0.54 0.90 12.08 2.10 8.03 8.37 3.98 7.44 7.35 2.88 11.24 10.26 0.76 5.22 11.40 9.21 6.61 7.82 10.03 2.42 8.45 7.28 9.97 12.63 8.50 1.90 4.79 1.71 5.48 6.71 0.95 10.68 1.78 10.03 2.65 2.49 
1.94 4.34 5.91 2.73 10.55 4.72 3.43 4.99 7.91 9.19 7.84 4.08 8.41 9.07 8.88 9.20 8.50 7.01 0.52 4.48 5.18 8.88 12.38 8.98 6.11 6.85 8.73 10.84 6.94 2.41 9.69 9.28 5.48 6.08 7.49 9.43 8.37 8.77 6.88 9.05 4.96 9.18 8.14 10.12 9.26 5.04 7.14 1.53 5.99 8.85 
2.47 1.55 3.49 2.75 9.02 2.48 1.20 2.19 5.18 6.75 6.35 4.03 7.44 7.71 8.62 9.22 5.79 7.51 2.53 1.71 4.45 6.52 10.49 7.92 3.64 4.07 8.37 9.29 4.33 1.04 7.60 6.88 2.78 6.17 4.84 7.17 5.60 6.12 4.18 8.33 3.79 8.54 6.25 8.06 8.93 2.69 6.70 3.44 5.74 7.92 
8.11 5.89 3.79 4.41 3.48 7.78 4.77 5.86 5.68 4.60 1.02 3.33 1.52 1.95 3.41 4.35 8.69 4.22 6.61 5.40 2.01 4.10 5.59 1.97 8.15 6.93 3.05 3.77 8.16 6.94 3.68 4.51 6.93 2.95 4.97 4.09 6.49 9.24 5.07 2.54 2.23 2.81 2.19 3.94 3.54 7.77 1.89 8.54 2.24 2.01 
9.02 5.67 3.11 6.42 3.44 7.37 5.46 5.28 3.31 1.28 2.49 5.95 4.14 3.14 6.45 7.47 6.62 7.60 8.25 5.19 4.70 0.81 4.07 4.11 7.11 5.33 6.07 3.61 6.72 7.58 1.10 1.15 6.07 6.28 2.81 0.77 4.00 7.19 3.34 5.15 4.23 5.45 1.20 1.55 6.44 7.20 5.26 9.85 5.52 4.43 
9.05 5.36 3.39 7.43 5.59 6.65 5.83 4.78 1.79 1.09 4.71 7.38 6.42 5.46 8.71 9.72 4.76 9.61 8.84 5.00 6.33 1.51 5.50 6.42 5.97 4.01 8.33 5.71 5.31 7.56 2.97 1.29 5.20 8.19 1.84 2.02 2.12 5.30 2.53 7.45 5.62 7.76 3.43 3.27 8.73 6.39 7.37 10.10 7.42 6.74 
9.14 6.28 3.77 5.86 2.26 8.14 5.58 6.06 4.89 3.14 0.83 5.01 2.28 1.35 4.60 5.63 8.15 5.98 7.95 5.78 3.66 2.66 3.93 2.26 8.19 6.62 4.22 2.52 7.97 7.81 1.85 3.00 7.03 4.79 4.26 2.43 5.65 8.72 4.60 3.29 3.53 3.60 0.81 2.09 4.59 8.05 3.58 9.77 4.09 2.57 
7.54 5.49 3.61 3.78 4.12 7.38 4.27 5.53 5.69 4.89 1.59 2.70 2.01 2.59 3.55 4.42 8.56 3.93 5.98 5.03 1.37 4.39 6.21 2.52 7.84 6.74 3.22 4.41 7.92 6.41 4.17 4.83 6.62 2.54 4.97 4.48 6.50 9.10 4.98 2.92 1.66 3.15 2.59 4.46 3.75 7.39 1.78 7.93 1.78 2.49 
7.24 5.07 3.15 3.61 4.25 6.96 3.90 5.09 5.26 4.57 1.59 2.68 2.37 2.77 4.00 4.87 8.11 4.30 5.78 4.60 1.33 4.08 6.24 2.84 7.40 6.29 3.67 4.54 7.47 6.07 4.01 4.53 6.18 2.86 4.55 4.24 6.07 8.65 4.53 3.33 1.37 3.57 2.39 4.34 4.20 6.97 2.23 7.70 2.09 2.85 
4.02 2.73 2.89 1.25 7.38 4.34 1.11 3.14 5.22 6.03 4.66 2.12 5.53 5.96 6.60 7.20 6.88 5.58 2.78 2.47 2.44 5.68 9.11 6.05 5.24 4.97 6.35 7.66 5.69 2.91 6.41 6.11 4.12 4.18 4.66 6.19 5.86 7.32 4.18 6.36 1.87 6.56 4.87 6.84 6.91 4.47 4.68 4.54 3.72 6.01 
9.62 7.02 4.61 6.05 1.82 8.91 6.14 6.87 5.90 4.14 0.99 5.00 1.38 0.38 3.68 4.71 9.14 5.34 8.23 6.52 3.67 3.67 3.97 1.24 9.06 7.57 3.31 2.10 8.90 8.36 2.64 3.99 7.87 4.34 5.26 3.36 6.67 9.71 5.56 2.30 3.79 2.60 1.83 2.74 3.62 8.84 2.96 10.13 3.72 1.59 
7.66 3.94 2.43 6.49 6.47 5.14 4.64 3.33 0.30 2.21 4.96 6.71 6.71 5.99 8.89 9.85 3.59 9.37 7.65 3.63 5.86 2.38 6.78 6.84 4.48 2.53 8.52 6.64 3.88 6.17 3.98 2.42 3.69 7.88 0.63 3.09 1.01 4.16 1.15 7.79 5.04 8.09 3.83 4.37 8.98 4.88 7.31 8.75 7.12 7.10 
1.97 4.86 6.53 3.32 11.17 5.05 4.04 5.51 8.48 9.81 8.46 4.63 8.99 9.68 9.38 9.65 8.92 7.41 1.14 5.03 5.77 9.50 13.01 9.56 6.47 7.33 9.25 11.45 7.34 2.80 10.32 9.91 5.92 6.56 8.08 10.06 8.92 9.16 7.46 9.61 5.58 9.73 8.78 10.75 9.77 5.39 7.68 1.14 6.52 9.43 
7.35 3.72 1.61 5.69 5.67 5.23 4.05 3.21 1.23 1.91 3.95 5.76 5.69 5.05 7.85 8.81 4.45 8.33 7.06 3.31 4.85 1.85 6.29 5.85 4.84 3.04 7.48 5.87 4.42 5.85 3.36 2.08 3.85 6.85 0.56 2.59 2.04 5.02 1.06 6.77 4.06 7.08 2.89 3.79 7.95 5.02 6.26 8.35 6.09 6.10 
5.02 1.47 2.52 5.13 8.41 2.30 2.90 0.85 2.60 4.85 6.18 5.94 7.75 7.49 9.56 10.38 2.95 9.23 5.53 1.49 5.65 4.82 9.25 8.08 1.95 1.08 9.23 8.63 1.91 3.61 6.30 5.03 0.88 7.73 2.60 5.56 2.75 3.39 1.93 8.80 4.76 9.08 5.48 6.74 9.76 2.06 7.70 6.22 7.09 8.22 
3.10 1.14 3.71 4.43 9.67 0.83 2.44 1.51 4.56 6.63 7.17 5.62 8.50 8.53 9.96 10.64 4.30 9.09 4.06 1.64 5.80 6.53 10.83 8.93 1.95 2.84 9.67 9.92 2.73 1.82 7.86 6.80 1.35 7.68 4.45 7.24 4.74 4.55 3.75 9.47 5.01 9.71 6.76 8.32 10.23 0.98 8.03 4.35 7.18 8.99 
4.91 5.16 5.19 1.32 8.05 6.50 3.55 5.63 7.62 7.99 5.50 1.26 5.58 6.50 5.70 5.97 9.39 3.81 2.79 4.96 2.61 7.56 10.15 6.17 7.59 7.49 5.58 8.33 8.14 4.49 7.86 8.01 6.56 2.87 7.00 7.91 8.31 9.81 6.60 6.04 2.92 6.13 6.22 8.23 6.10 6.70 4.08 4.75 2.91 5.97 
4.33 0.62 2.09 4.07 8.08 2.30 1.84 0.28 3.15 5.02 5.66 4.92 7.11 7.01 8.77 9.54 4.01 8.27 4.56 0.44 4.75 4.89 9.18 7.49 2.59 2.13 8.46 8.33 2.84 2.85 6.21 5.18 1.37 6.79 2.90 5.60 3.52 4.44 2.21 8.13 3.88 8.39 5.16 6.67 9.00 2.22 6.88 5.44 6.18 7.59 
8.13 4.54 2.26 6.22 5.05 6.06 4.75 4.04 1.70 1.09 3.67 6.13 5.42 4.61 7.66 8.65 5.01 8.41 7.73 4.12 5.07 1.03 5.50 5.50 5.64 3.78 7.28 5.22 5.16 6.65 2.61 1.25 4.68 6.96 1.25 1.78 2.41 5.58 1.87 6.48 4.37 6.79 2.46 3.02 7.72 5.85 6.21 9.11 6.19 5.78 
9.61 6.90 4.44 6.13 1.75 8.78 6.09 6.72 5.63 3.81 0.96 5.14 1.72 0.61 4.02 5.04 8.89 5.64 8.28 6.40 3.80 3.35 3.77 1.57 8.88 7.35 3.64 2.04 8.69 8.32 2.30 3.66 7.71 4.59 5.00 3.03 6.39 9.46 5.33 2.63 3.84 2.94 1.56 2.41 3.96 8.71 3.25 10.16 3.95 1.92 
6.12 3.49 1.58 3.19 5.26 5.39 2.56 3.46 3.92 3.96 2.61 2.95 3.92 3.98 5.64 6.48 6.53 5.61 5.06 3.00 2.03 3.55 6.85 4.33 5.76 4.67 5.31 5.53 5.82 4.79 4.13 3.99 4.54 4.09 3.22 3.98 4.70 7.06 3.05 4.94 1.21 5.20 2.59 4.56 5.85 5.37 3.81 6.79 3.36 4.41 
1.30 3.51 5.32 2.78 10.34 3.80 2.83 4.17 7.17 8.61 7.62 4.23 8.37 8.91 9.08 9.49 7.60 7.42 0.96 3.70 5.16 8.34 12.04 8.92 5.19 5.98 8.90 10.62 6.03 1.49 9.26 8.72 4.58 6.34 6.80 8.93 7.59 7.85 6.16 9.10 4.78 9.26 7.78 9.70 9.44 4.12 7.26 1.60 6.15 8.84 
2.44 1.64 3.52 2.66 9.01 2.57 1.19 2.28 5.25 6.80 6.35 3.96 7.41 7.69 8.57 9.16 5.89 7.43 2.43 1.78 4.40 6.56 10.51 7.90 3.74 4.16 8.32 9.28 4.43 1.04 7.63 6.93 2.88 6.10 4.90 7.20 5.68 6.22 4.25 8.29 3.75 8.50 6.26 8.08 8.88 2.79 6.65 3.38 5.68 7.89 
9.85 6.86 4.29 6.64 1.75 8.68 6.27 6.58 5.05 2.97 1.59 5.81 2.72 1.49 5.01 6.04 8.35 6.62 8.71 6.36 4.46 2.55 3.15 2.53 8.62 6.95 4.64 1.96 8.32 8.49 1.31 2.79 7.50 5.50 4.48 2.11 5.76 8.92 4.92 3.60 4.32 3.90 1.23 1.41 4.93 8.56 4.22 10.51 4.82 2.90 
6.40 2.70 2.10 5.77 7.39 3.77 3.70 2.05 1.12 3.47 5.47 6.26 7.16 6.67 9.18 10.09 2.90 9.27 6.61 2.48 5.66 3.52 7.98 7.40 3.17 1.31 8.83 7.59 2.69 4.94 5.07 3.66 2.32 7.76 1.24 4.26 1.42 3.46 0.75 8.24 4.78 8.54 4.54 5.50 9.33 3.51 7.44 7.54 7.04 7.60 
9.27 8.25 6.77 5.24 5.45 10.02 6.75 8.44 8.93 7.92 4.20 3.79 2.83 4.16 1.34 1.51 11.73 1.36 7.25 7.84 3.42 7.42 7.81 3.24 10.73 9.86 1.41 5.68 10.95 8.52 6.76 7.83 9.53 1.64 8.21 7.34 9.74 12.26 8.19 2.42 4.28 2.31 5.48 6.91 1.76 10.11 1.46 9.24 2.01 2.86 
5.77 2.08 2.02 5.33 7.68 3.18 3.19 1.43 1.74 3.98 5.60 5.94 7.24 6.86 9.17 10.03 2.98 9.08 6.05 1.90 5.46 3.97 8.42 7.52 2.72 1.12 8.82 7.90 2.41 4.31 5.48 4.17 1.75 7.56 1.72 4.72 2.02 3.50 1.07 8.31 4.57 8.59 4.78 5.92 9.34 2.94 7.37 6.92 6.87 7.69 
1.44 4.66 6.53 3.66 11.42 4.65 4.04 5.32 8.36 9.83 8.71 5.04 9.34 9.96 9.84 10.15 8.59 7.94 1.45 4.89 6.11 9.55 13.19 9.90 6.08 7.08 9.69 11.71 6.98 2.49 10.45 9.94 5.63 7.03 8.01 10.14 8.76 8.80 7.36 10.00 5.84 10.13 8.94 10.88 10.22 5.00 8.09 0.58 6.94 9.79 
5.71 2.77 0.87 3.33 5.82 4.66 2.12 2.68 3.32 3.82 3.27 3.43 4.69 4.63 6.44 7.28 5.75 6.33 4.93 2.27 2.71 3.48 7.22 5.07 4.97 3.88 6.11 6.08 5.02 4.31 4.36 3.90 3.75 4.81 2.65 4.03 4.06 6.28 2.36 5.72 1.83 5.99 2.99 4.81 6.65 4.62 4.61 6.50 4.11 5.17 
12.25 9.32 6.75 8.83 0.99 11.14 8.70 9.04 7.24 4.84 3.66 7.79 3.68 2.54 5.36 6.27 10.52 7.64 10.98 8.82 6.47 4.57 1.55 3.15 11.03 9.28 5.07 0.70 10.67 10.93 2.96 4.63 9.93 6.92 6.76 3.90 7.86 11.09 7.27 3.94 6.54 4.13 3.69 2.62 5.10 11.02 5.45 12.85 6.39 3.49 
8.75 6.02 3.58 5.38 2.60 7.90 5.22 5.85 4.95 3.43 0.34 4.50 2.02 1.41 4.31 5.32 8.16 5.52 7.49 5.52 3.16 2.94 4.42 2.12 8.03 6.55 3.93 2.88 7.87 7.45 2.33 3.31 6.85 4.30 4.29 2.81 5.74 8.72 4.56 3.08 3.06 3.39 0.98 2.59 4.33 7.83 3.14 9.34 3.59 2.38 
8.21 5.11 2.54 5.32 3.47 6.93 4.61 4.84 3.64 2.31 1.57 4.78 3.32 2.63 5.57 6.56 6.86 6.49 7.25 4.61 3.51 1.81 4.72 3.44 6.91 5.32 5.19 3.70 6.67 6.81 1.95 2.24 5.77 5.13 2.98 1.95 4.42 7.43 3.30 4.39 3.07 4.70 0.53 2.37 5.62 6.82 4.20 8.95 4.36 3.70 
3.34 2.11 2.98 1.73 8.02 3.57 0.58 2.61 5.11 6.26 5.32 2.87 6.29 6.65 7.41 8.02 6.39 6.35 2.49 1.96 3.24 5.95 9.64 6.79 4.56 4.52 7.16 8.29 5.09 2.13 6.84 6.35 3.51 4.98 4.63 6.53 5.67 6.79 4.06 7.15 2.62 7.35 5.38 7.28 7.72 3.73 5.50 4.01 4.53 6.77 
9.34 6.18 3.59 6.41 2.61 7.95 5.75 5.85 4.16 2.12 1.84 5.75 3.36 2.28 5.68 6.70 7.46 7.03 8.38 5.68 4.43 1.67 3.59 3.27 7.81 6.10 5.30 2.80 7.48 7.94 0.88 1.96 6.72 5.79 3.61 1.34 4.86 8.03 4.07 4.33 4.12 4.64 0.77 1.25 5.65 7.82 4.64 10.09 5.06 3.62 
7.85 6.36 4.76 3.84 4.69 8.18 4.94 6.49 6.95 6.15 2.61 2.46 2.05 3.16 2.61 3.33 9.72 2.65 6.03 5.92 1.57 5.65 6.96 2.64 8.80 7.86 2.35 4.96 8.97 6.90 5.27 6.08 7.58 1.36 6.23 5.69 7.76 10.25 6.19 2.52 2.35 2.65 3.79 5.51 2.91 8.24 0.69 8.04 0.73 2.41 
9.33 7.62 5.72 5.34 3.76 9.49 6.31 7.68 7.63 6.35 2.60 3.95 1.09 2.42 1.45 2.42 10.64 2.98 7.53 7.16 3.00 5.85 6.11 1.54 9.98 8.86 1.09 4.00 10.05 8.34 5.06 6.23 8.76 2.37 6.93 5.70 8.44 11.19 7.02 1.04 3.67 1.15 3.89 5.19 1.61 9.52 0.93 9.53 2.09 1.18 
0.86 2.90 5.25 3.92 10.83 2.49 3.01 3.52 6.65 8.46 8.15 5.36 9.16 9.50 10.15 10.66 6.47 8.72 2.48 3.27 6.05 8.27 12.31 9.66 3.93 5.08 9.93 11.10 4.85 0.78 9.41 8.61 3.59 7.52 6.42 8.93 6.92 6.66 5.73 9.99 5.49 10.18 8.07 9.86 10.49 2.84 8.26 2.12 7.22 9.64 
11.50 8.80 6.30 7.91 0.51 10.66 8.00 8.59 7.18 4.98 2.85 6.78 2.53 1.55 4.19 5.12 10.48 6.46 10.09 8.29 5.49 4.61 2.70 1.98 10.70 9.07 3.89 0.59 10.44 10.23 3.11 4.78 9.55 5.77 6.62 4.05 7.88 11.05 7.04 2.76 5.67 2.96 3.26 2.91 3.95 10.58 4.30 12.01 5.28 2.32 
5.35 3.63 2.68 1.87 6.11 5.42 2.18 3.84 5.12 5.36 3.39 1.62 4.19 4.65 5.38 6.06 7.36 4.72 3.93 3.23 1.21 4.94 7.95 4.71 6.11 5.44 5.10 6.39 6.39 4.23 5.39 5.39 4.92 3.22 4.46 5.33 5.86 7.85 4.16 5.04 0.53 5.25 3.78 5.80 5.66 5.49 3.45 5.81 2.63 4.67 
10.33 9.54 8.10 6.35 6.28 11.28 8.01 9.75 10.25 9.16 5.41 4.93 3.87 5.17 1.71 0.93 13.06 1.68 8.23 9.14 4.72 8.66 8.60 4.17 12.03 11.19 2.02 6.47 12.27 9.68 7.89 9.05 10.83 2.78 9.53 8.53 11.06 13.59 9.52 3.17 5.60 2.94 6.71 7.99 1.99 11.38 2.78 10.18 3.29 3.77 
9.02 6.36 3.94 5.55 2.35 8.24 5.51 6.20 5.31 3.72 0.37 4.60 1.70 1.05 4.01 5.03 8.52 5.37 7.69 5.86 3.25 3.23 4.30 1.76 8.39 6.92 3.63 2.63 8.24 7.74 2.46 3.59 7.21 4.21 4.65 3.04 6.10 9.09 4.93 2.74 3.25 3.05 1.30 2.67 4.01 8.18 2.97 9.57 3.53 2.03 
3.45 4.98 5.90 1.96 9.72 5.82 3.64 5.58 8.16 9.03 7.08 2.96 7.37 8.19 7.56 7.79 9.29 5.53 1.28 4.96 4.24 8.66 11.72 7.95 7.12 7.50 7.45 10.01 7.84 3.54 9.22 9.09 6.29 4.73 7.64 9.12 8.74 9.63 7.11 7.89 4.27 7.99 7.61 9.62 7.96 6.10 5.94 3.00 4.77 7.78 
6.58 2.95 2.67 6.24 7.86 3.74 4.11 2.29 1.28 3.77 6.02 6.80 7.72 7.19 9.75 10.66 2.34 9.84 6.96 2.81 6.22 3.89 8.33 7.94 2.92 0.96 9.40 8.05 2.31 5.15 5.48 3.98 2.28 8.32 1.65 4.62 1.21 2.90 1.29 8.80 5.34 9.10 5.05 5.89 9.90 3.44 8.02 7.76 7.61 8.15 
3.36 1.62 4.10 5.02 10.10 0.29 3.03 1.82 4.65 6.86 7.65 6.22 9.02 9.00 10.52 11.22 3.95 9.69 4.56 2.11 6.38 6.79 11.16 9.43 1.44 2.72 10.23 10.34 2.33 2.25 8.19 7.04 1.24 8.28 4.63 7.52 4.73 4.15 3.94 10.01 5.58 10.26 7.17 8.64 10.79 0.39 8.60 4.64 7.77 9.51 
6.85 4.05 5.00 7.87 10.33 3.54 5.64 3.56 3.60 6.08 8.50 8.72 10.18 9.69 12.15 13.02 0.59 11.99 7.94 4.23 8.39 6.28 10.64 10.42 2.12 1.87 11.80 10.51 1.18 5.72 7.88 6.29 2.69 10.48 4.12 6.99 3.05 0.65 3.77 11.26 7.50 11.55 7.55 8.27 12.32 3.18 10.35 8.14 9.82 10.62 
8.14 6.37 4.56 4.20 4.09 8.23 5.05 6.44 6.62 5.66 2.03 2.90 1.52 2.55 2.61 3.46 9.51 3.16 6.41 5.91 1.79 5.16 6.35 2.10 8.75 7.69 2.29 4.37 8.86 7.11 4.69 5.57 7.53 1.97 5.91 5.15 7.43 10.06 5.93 2.17 2.41 2.36 3.25 4.92 2.84 8.26 0.85 8.41 1.33 1.93 
9.45 6.90 4.51 5.87 2.01 8.79 5.99 6.76 5.88 4.19 0.86 4.81 1.27 0.52 3.58 4.61 9.10 5.18 8.05 6.40 3.48 3.71 4.16 1.21 8.97 7.51 3.20 2.29 8.83 8.21 2.75 4.05 7.78 4.15 5.23 3.45 6.66 9.67 5.51 2.24 3.62 2.54 1.83 2.88 3.54 8.73 2.79 9.95 3.53 1.52 
11.80 9.02 6.49 8.26 0.50 10.88 8.28 8.79 7.24 4.96 3.15 7.16 2.94 1.90 4.58 5.50 10.55 6.87 10.44 8.52 5.85 4.63 2.32 2.39 10.86 9.19 4.29 0.35 10.57 10.51 3.07 4.76 9.73 6.18 6.71 4.02 7.92 11.11 7.16 3.16 6.00 3.35 3.43 2.82 4.32 10.78 4.71 12.34 5.68 2.73 
6.83 3.93 1.57 3.98 4.64 5.81 3.24 3.77 3.56 3.22 2.13 3.63 3.68 3.48 5.63 6.54 6.45 5.96 5.85 3.43 2.54 2.79 6.11 3.99 6.00 4.69 5.28 4.90 5.94 5.46 3.34 3.24 4.80 4.48 2.84 3.19 4.36 7.00 2.84 4.74 1.87 5.03 1.85 3.77 5.79 5.75 3.93 7.54 3.71 4.14 
9.35 5.99 3.44 6.72 3.25 7.68 5.79 5.59 3.53 1.31 2.59 6.21 4.17 3.10 6.49 7.51 6.83 7.75 8.57 5.52 4.94 0.90 3.76 4.10 7.40 5.60 6.11 3.40 6.98 7.90 0.79 1.14 6.37 6.46 3.07 0.56 4.19 7.39 3.62 5.15 4.50 5.46 1.34 1.24 6.46 7.51 5.38 10.18 5.71 4.43 
6.20 3.39 4.52 7.21 10.06 2.89 4.98 2.92 3.43 5.94 8.10 8.10 9.75 9.33 11.66 12.51 1.13 11.41 7.26 3.59 7.83 6.09 10.52 10.02 1.50 1.40 11.32 10.25 0.52 5.04 7.68 6.16 2.02 9.91 3.86 6.82 3.01 1.34 3.41 10.82 6.93 11.11 7.21 8.09 11.84 2.53 9.83 7.48 9.26 10.20 
8.87 6.21 3.80 5.42 2.49 8.10 5.36 6.06 5.21 3.67 0.24 4.48 1.76 1.19 4.06 5.07 8.41 5.34 7.56 5.71 3.13 3.18 4.41 1.86 8.26 6.80 3.68 2.77 8.11 7.59 2.49 3.55 7.07 4.16 4.55 3.03 6.00 8.98 4.81 2.82 3.11 3.13 1.23 2.72 4.07 8.04 2.95 9.43 3.46 2.12 
8.98 5.61 3.06 6.41 3.52 7.31 5.43 5.22 3.23 1.21 2.54 5.96 4.20 3.22 6.51 7.53 6.54 7.65 8.23 5.14 4.72 0.73 4.13 4.18 7.04 5.26 6.13 3.69 6.64 7.53 1.16 1.09 6.00 6.32 2.73 0.76 3.92 7.11 3.26 5.22 4.23 5.52 1.25 1.61 6.51 7.14 5.31 9.82 5.56 4.50 
10.30 7.01 4.44 7.46 2.46 8.72 6.72 6.62 4.51 2.09 2.76 6.79 4.03 2.77 6.30 7.33 7.78 7.89 9.40 6.53 5.47 1.84 2.72 3.81 8.44 6.62 5.94 2.55 8.00 8.87 0.25 1.88 7.41 6.73 4.09 1.15 5.12 8.34 4.66 4.88 5.17 5.17 1.82 0.22 6.21 8.55 5.49 11.08 6.01 4.18 
3.39 0.84 2.58 3.00 8.30 2.46 0.83 1.39 4.25 5.82 5.70 4.05 6.93 7.06 8.33 9.01 5.15 7.50 3.35 0.80 4.17 5.61 9.66 7.38 3.31 3.31 8.05 8.56 3.82 1.91 6.75 5.95 2.23 6.08 3.89 6.26 4.69 5.53 3.24 7.88 3.39 8.11 5.46 7.20 8.60 2.56 6.40 4.39 5.55 7.42 
4.59 3.65 3.43 0.82 7.08 5.25 2.03 4.03 5.86 6.34 4.38 1.19 4.98 5.59 5.82 6.36 7.74 4.67 2.96 3.36 1.76 5.94 8.98 5.53 6.16 5.82 5.59 7.36 6.59 3.67 6.44 6.38 5.04 3.29 5.23 6.36 6.54 8.19 4.83 5.72 1.51 5.89 4.83 6.84 6.15 5.39 3.93 4.90 2.89 5.44 
2.38 4.71 6.13 2.69 10.55 5.16 3.68 5.35 8.21 9.39 7.86 3.95 8.33 9.05 8.69 8.96 8.90 6.72 0.67 4.81 5.12 9.06 12.44 8.91 6.55 7.23 8.55 10.84 7.36 2.85 9.80 9.47 5.88 5.86 7.76 9.59 8.70 9.19 7.17 8.93 4.98 9.05 8.23 10.22 9.07 5.48 6.99 1.80 5.83 8.76 
9.36 8.67 7.38 5.40 6.30 10.38 7.12 8.91 9.61 8.72 5.02 3.99 3.68 5.02 1.97 1.65 12.32 0.76 7.26 8.29 3.90 8.22 8.65 4.09 11.18 10.42 2.14 6.52 11.45 8.74 7.61 8.63 9.99 1.87 8.90 8.16 10.42 12.83 8.83 3.23 4.79 3.08 6.29 7.76 2.36 10.50 2.24 9.21 2.47 3.71 
10.63 7.15 4.68 8.10 3.38 8.74 7.10 6.69 4.17 1.67 3.72 7.57 5.07 3.82 7.36 8.38 7.32 8.89 9.93 6.70 6.28 1.68 2.94 4.86 8.29 6.39 6.99 3.42 7.75 9.16 1.07 1.46 7.36 7.68 3.90 0.99 4.65 7.86 4.55 5.93 5.88 6.22 2.61 1.01 7.27 8.54 6.50 11.50 6.95 5.24 
10.64 9.72 8.18 6.64 6.00 11.49 8.22 9.90 10.26 9.07 5.32 5.20 3.71 4.97 1.44 0.51 13.14 2.09 8.57 9.31 4.88 8.57 8.29 3.94 12.19 11.29 1.79 6.18 12.39 9.95 7.72 8.95 10.99 3.04 9.55 8.40 11.07 13.67 9.57 2.91 5.74 2.66 6.61 7.80 1.65 11.58 2.82 10.53 3.47 3.55 
7.53 5.75 4.03 3.65 4.42 7.61 4.42 5.84 6.19 5.43 2.04 2.42 2.03 2.87 3.21 4.01 8.99 3.39 5.86 5.30 1.20 4.93 6.59 2.60 8.15 7.14 2.90 4.70 8.28 6.48 4.67 5.37 6.93 2.00 5.47 5.01 6.99 9.52 5.44 2.79 1.78 2.99 3.12 4.95 3.45 7.65 1.34 7.84 1.25 2.48 
5.79 2.43 0.17 3.96 6.14 4.25 2.33 2.16 2.54 3.46 3.77 4.22 5.32 5.10 7.19 8.05 4.95 7.16 5.32 1.94 3.54 3.21 7.30 5.65 4.35 3.10 6.85 6.38 4.30 4.32 4.35 3.58 3.16 5.64 1.92 3.85 3.26 5.48 1.55 6.38 2.66 6.66 3.21 4.81 7.37 4.15 5.38 6.70 4.93 5.79 
5.51 5.03 4.57 1.49 7.02 6.58 3.40 5.40 7.02 7.14 4.48 0.28 4.57 5.47 4.88 5.27 9.09 3.36 3.52 4.74 1.60 6.69 9.13 5.16 7.53 7.16 4.72 7.30 7.97 4.83 6.89 7.14 6.41 2.13 6.35 7.00 7.75 9.55 6.03 5.09 2.05 5.20 5.25 7.25 5.25 6.74 3.14 5.53 1.98 4.97 
1.93 3.43 4.96 2.15 9.77 4.03 2.47 4.07 6.95 8.24 7.06 3.60 7.76 8.33 8.45 8.86 7.66 6.81 0.64 3.53 4.54 7.94 11.53 8.31 5.37 5.95 8.26 10.06 6.14 1.74 8.79 8.34 4.63 5.71 6.53 8.51 7.43 7.96 5.92 8.48 4.20 8.63 7.28 9.23 8.81 4.32 6.63 2.14 5.51 8.22 
10.62 7.86 5.35 7.12 0.74 9.72 7.10 7.65 6.29 4.19 1.98 6.08 2.14 0.86 4.20 5.20 9.59 6.19 9.29 7.36 4.75 3.79 2.95 1.72 9.76 8.15 3.86 1.03 9.51 9.33 2.39 4.00 8.61 5.32 5.71 3.29 7.01 10.16 6.11 2.73 4.84 3.00 2.33 2.31 4.05 9.63 3.88 11.17 4.74 2.11 
1.98 3.93 5.43 2.33 10.10 4.45 2.95 4.57 7.45 8.70 7.39 3.73 8.00 8.63 8.56 8.91 8.14 6.78 0.22 4.04 4.77 8.39 11.91 8.56 5.81 6.45 8.39 10.38 6.61 2.13 9.20 8.80 5.11 5.78 7.02 8.95 7.93 8.43 6.42 8.67 4.51 8.81 7.67 9.64 8.93 4.75 6.78 1.88 5.64 8.45 
2.54 1.18 3.62 3.60 9.43 1.62 1.80 1.80 4.93 6.77 6.83 4.85 8.04 8.19 9.35 9.98 5.11 8.33 3.20 1.57 5.17 6.60 10.75 8.50 2.83 3.50 9.08 9.69 3.58 1.09 7.81 6.92 2.09 6.96 4.70 7.28 5.24 5.39 4.01 8.97 4.44 9.19 6.58 8.27 9.64 1.84 7.42 3.70 6.50 8.52 
8.71 6.91 5.02 4.76 3.77 8.78 5.62 6.97 6.99 5.83 2.10 3.42 1.07 2.29 2.13 3.05 9.96 3.15 6.97 6.45 2.36 5.33 6.08 1.65 9.28 8.16 1.78 4.04 9.35 7.68 4.70 5.73 8.05 2.19 6.28 5.25 7.80 10.50 6.35 1.60 2.98 1.79 3.39 4.88 2.31 8.81 0.76 8.97 1.70 1.42 
9.81 7.59 5.36 5.99 2.38 9.49 6.50 7.52 6.92 5.30 1.75 4.75 0.37 1.05 2.50 3.53 10.10 4.38 8.21 7.10 3.54 4.82 4.72 0.25 9.78 8.43 2.13 2.63 9.72 8.67 3.81 5.15 8.58 3.61 6.25 4.55 7.71 10.66 6.47 1.13 3.93 1.43 2.92 3.88 2.44 9.46 2.13 10.18 3.13 0.41 
6.19 4.15 2.61 2.68 5.24 6.01 2.87 4.24 4.96 4.80 2.53 2.06 3.40 3.79 4.81 5.58 7.52 4.57 4.80 3.69 0.98 4.35 7.11 3.89 6.55 5.64 4.50 5.52 6.72 5.02 4.64 4.81 5.34 3.05 4.26 4.67 5.74 8.04 4.09 4.31 0.36 4.54 3.00 5.02 5.06 6.04 2.91 6.68 2.34 3.88 
1.03 2.91 5.34 4.22 11.00 2.28 3.19 3.50 6.63 8.52 8.34 5.65 9.38 9.69 10.42 10.94 6.29 9.03 2.81 3.31 6.30 8.34 12.43 9.89 3.72 4.97 10.20 11.27 4.66 0.97 9.52 8.66 3.47 7.82 6.43 9.02 6.87 6.46 5.74 10.24 5.72 10.43 8.22 9.97 10.75 2.64 8.53 2.31 7.49 9.87 
7.48 3.80 2.91 6.81 7.37 4.69 4.79 3.15 0.63 3.05 5.80 7.19 7.55 6.87 9.69 10.64 2.70 10.04 7.73 3.59 6.46 3.26 7.62 7.70 3.84 1.88 9.32 7.53 3.13 6.03 4.87 3.26 3.24 8.53 1.32 3.96 0.31 3.26 1.43 8.63 5.61 8.93 4.70 5.24 9.80 4.40 8.06 8.64 7.79 7.95 
1.84 4.85 6.57 3.45 11.28 4.97 4.08 5.50 8.50 9.86 8.57 4.78 9.13 9.80 9.54 9.82 8.87 7.58 1.25 5.03 5.90 9.56 13.10 9.70 6.40 7.30 9.40 11.57 7.28 2.75 10.40 9.96 5.88 6.72 8.11 10.13 8.92 9.10 7.48 9.75 5.70 9.88 8.87 10.83 9.93 5.31 7.83 0.97 6.67 9.57 
8.71 5.75 3.22 5.58 2.79 7.60 5.12 5.51 4.33 2.74 1.02 4.85 2.71 1.92 5.00 6.01 7.58 6.16 7.61 5.25 3.52 2.24 4.26 2.76 7.62 6.04 4.62 3.04 7.39 7.35 1.80 2.62 6.46 4.89 3.69 2.15 5.11 8.15 4.02 3.75 3.26 4.06 0.28 2.13 5.02 7.50 3.80 9.38 4.15 3.05 
3.61 1.07 2.35 2.79 7.98 2.79 0.57 1.52 4.17 5.62 5.37 3.77 6.59 6.74 7.99 8.69 5.30 7.21 3.37 0.86 3.84 5.39 9.38 7.04 3.58 3.43 7.71 8.25 4.03 2.15 6.48 5.75 2.46 5.77 3.77 6.03 4.67 5.70 3.14 7.54 3.05 7.78 5.17 6.93 8.27 2.87 6.07 4.55 5.23 7.08 
8.85 8.07 6.78 4.85 6.01 9.79 6.52 8.30 9.03 8.20 4.53 3.43 3.32 4.66 1.99 1.99 11.71 0.73 6.78 7.69 3.29 7.70 8.36 3.78 10.57 9.82 2.06 6.24 10.84 8.18 7.15 8.11 9.38 1.28 8.31 7.67 9.83 12.22 8.23 3.04 4.18 2.94 5.78 7.33 2.41 9.90 1.73 8.75 1.86 3.42 
5.98 2.86 3.82 6.64 9.38 2.76 4.41 2.33 2.83 5.34 7.39 7.47 9.04 8.63 10.96 11.81 1.46 10.75 6.85 3.00 7.15 5.46 9.90 9.32 1.56 0.70 10.61 9.58 0.75 4.72 7.04 5.55 1.59 9.24 3.20 6.19 2.53 1.86 2.72 10.12 6.26 10.40 6.52 7.46 11.14 2.40 9.14 7.24 8.58 9.49 
7.32 4.09 4.43 7.75 9.41 4.08 5.54 3.50 2.66 5.07 7.74 8.45 9.46 8.87 11.52 12.43 0.65 11.58 8.14 4.14 7.96 5.30 9.61 9.66 2.78 1.58 11.16 9.58 1.81 6.05 6.91 5.28 2.91 10.06 3.26 5.99 2.02 1.22 3.05 10.54 7.07 10.84 6.70 7.28 11.66 3.73 9.78 8.58 9.36 9.88 
5.17 3.77 3.06 1.49 6.41 5.50 2.23 4.05 5.51 5.78 3.71 1.25 4.36 4.93 5.37 5.99 7.65 4.51 3.63 3.41 1.21 5.36 8.30 4.90 6.28 5.72 5.12 6.69 6.61 4.14 5.79 5.81 5.11 3.04 4.85 5.75 6.24 8.12 4.52 5.15 0.84 5.34 4.17 6.19 5.68 5.60 3.45 5.55 2.52 4.83 
3.94 0.23 2.43 3.96 8.41 1.99 1.74 0.43 3.53 5.42 5.95 4.92 7.35 7.30 8.93 9.68 4.16 8.32 4.27 0.43 4.85 5.29 9.55 7.74 2.47 2.34 8.63 8.66 2.86 2.47 6.59 5.58 1.30 6.85 3.30 5.99 3.87 4.54 2.61 8.35 4.00 8.60 5.49 7.05 9.18 1.95 7.03 5.07 6.27 7.83 
11.45 8.17 5.60 8.49 2.13 9.87 7.86 7.78 5.55 3.05 3.52 7.72 4.41 3.08 6.54 7.55 8.77 8.43 10.49 7.69 6.38 2.90 1.57 4.05 9.56 7.71 6.20 2.09 9.09 10.03 1.41 2.84 8.56 7.40 5.18 2.16 6.09 9.32 5.78 5.08 6.17 5.34 2.85 0.95 6.38 9.70 6.06 12.21 6.74 4.44 
4.02 3.64 3.87 0.22 7.77 5.05 2.02 4.10 6.25 6.91 5.07 1.52 5.63 6.27 6.33 6.81 7.87 4.94 2.28 3.43 2.40 6.53 9.66 6.19 6.09 5.97 6.13 8.05 6.62 3.24 7.10 6.97 5.04 3.68 5.66 6.99 6.89 8.29 5.20 6.33 2.20 6.48 5.50 7.51 6.68 5.23 4.49 4.24 3.39 6.08 
10.94 8.20 5.69 7.42 0.47 10.06 7.43 7.98 6.59 4.45 2.29 6.34 2.28 1.08 4.21 5.19 9.89 6.31 9.59 7.70 5.03 4.06 2.80 1.79 10.09 8.47 3.88 0.75 9.83 9.66 2.61 4.25 8.94 5.50 6.02 3.53 7.30 10.46 6.44 2.74 5.15 2.98 2.66 2.47 4.02 9.97 4.04 11.48 4.95 2.17 
8.31 7.32 5.97 4.28 5.53 9.08 5.81 7.54 8.22 7.43 3.82 2.82 2.81 4.10 2.12 2.47 10.91 1.37 6.31 6.93 2.51 6.93 7.87 3.33 9.82 9.02 2.04 5.79 10.07 7.56 6.47 7.36 8.62 0.71 7.50 6.94 9.02 11.43 7.42 2.77 3.40 2.76 5.04 6.67 2.52 9.18 1.06 8.31 1.08 3.00 
7.85 6.05 4.28 3.94 4.22 7.92 4.74 6.13 6.38 5.51 1.98 2.67 1.74 2.67 2.91 3.75 9.23 3.29 6.15 5.60 1.50 5.01 6.43 2.32 8.44 7.40 2.60 4.50 8.56 6.80 4.64 5.43 7.22 1.99 5.66 5.04 7.19 9.77 5.66 2.47 2.10 2.67 3.14 4.89 3.15 7.95 1.09 8.14 1.28 2.19 
5.16 5.41 5.36 1.57 8.01 6.76 3.79 5.87 7.80 8.10 5.51 1.29 5.50 6.47 5.53 5.77 9.63 3.58 3.02 5.19 2.62 7.66 10.15 6.09 7.85 7.72 5.42 8.30 8.39 4.76 7.92 8.12 6.80 2.70 7.17 7.99 8.50 10.05 6.79 5.93 3.01 6.00 6.27 8.27 5.93 6.96 3.96 4.97 2.80 5.88 
7.79 7.38 6.45 3.89 6.77 9.00 5.78 7.69 8.82 8.33 4.88 2.57 4.04 5.31 3.16 3.18 11.26 0.94 5.67 7.05 2.88 7.84 9.10 4.57 9.90 9.34 3.17 7.03 10.26 7.24 7.54 8.28 8.75 0.91 8.11 7.93 9.60 11.75 7.94 4.01 3.75 3.97 6.03 7.78 3.58 9.15 2.27 7.61 1.67 4.25 
9.71 7.61 5.45 5.84 2.70 9.50 6.46 7.57 7.11 5.56 1.93 4.56 0.20 1.39 2.19 3.22 10.25 4.05 8.06 7.12 3.40 5.08 5.05 0.49 9.85 8.55 1.82 2.95 9.82 8.61 4.12 5.43 8.64 3.31 6.43 4.83 7.90 10.81 6.62 0.90 3.86 1.20 3.15 4.21 2.16 9.50 1.83 10.04 2.87 0.29 
5.26 2.26 3.65 6.09 9.44 2.06 3.86 1.81 3.16 5.61 7.30 7.00 8.89 8.59 10.71 11.53 2.12 10.34 6.18 2.48 6.79 5.67 10.13 9.20 1.03 0.94 10.38 9.65 0.77 4.01 7.21 5.81 0.91 8.85 3.39 6.41 3.01 2.44 2.80 9.95 5.90 10.23 6.53 7.64 10.91 1.72 8.85 6.53 8.22 9.36 
6.95 3.25 1.72 5.74 6.46 4.59 3.88 2.67 0.73 2.56 4.66 6.02 6.39 5.81 8.49 9.43 3.69 8.80 6.89 2.91 5.24 2.58 7.04 6.58 4.10 2.26 8.13 6.65 3.64 5.46 4.13 2.75 3.17 7.29 0.30 3.32 1.49 4.26 0.42 7.47 4.39 7.77 3.65 4.55 8.61 4.36 6.83 8.02 6.55 6.81 
11.26 7.95 5.39 8.35 2.28 9.65 7.67 7.56 5.30 2.80 3.45 7.62 4.44 3.10 6.61 7.62 8.52 8.43 10.33 7.48 6.28 2.66 1.81 4.10 9.32 7.47 6.26 2.26 8.84 9.83 1.20 2.59 8.32 7.37 4.94 1.92 5.85 9.07 5.54 5.14 6.04 5.41 2.70 0.74 6.46 9.47 6.05 12.03 6.69 4.49 
9.29 7.07 4.87 5.51 2.64 8.97 5.97 7.01 6.52 5.03 1.35 4.30 0.40 1.14 2.70 3.72 9.65 4.26 7.72 6.58 3.06 4.54 4.93 0.77 9.28 7.96 2.32 2.91 9.24 8.14 3.68 4.90 8.07 3.33 5.83 4.34 7.32 10.22 6.03 1.49 3.41 1.79 2.59 3.81 2.71 8.95 1.91 9.68 2.78 0.84 
7.87 5.02 2.58 4.73 3.54 6.90 4.30 4.84 4.13 3.05 1.11 4.08 2.81 2.41 4.97 5.94 7.25 5.75 6.75 4.52 2.79 2.55 5.12 3.03 7.03 5.59 4.59 3.81 6.89 6.52 2.56 2.99 5.84 4.38 3.43 2.69 4.93 7.81 3.62 3.90 2.43 4.19 0.92 2.94 5.05 6.82 3.49 8.52 3.61 3.24 
11.67 8.44 5.86 8.63 1.91 10.16 8.08 8.07 5.89 3.39 3.58 7.81 4.33 3.00 6.41 7.39 9.11 8.38 10.66 7.96 6.47 3.23 1.28 3.94 9.88 8.04 6.07 1.83 9.42 10.26 1.70 3.18 8.86 7.40 5.51 2.49 6.44 9.66 6.09 4.93 6.31 5.18 3.03 1.25 6.22 10.00 6.02 12.41 6.75 4.33 
2.00 4.80 6.43 3.21 11.05 5.03 3.95 5.45 8.41 9.71 8.35 4.52 8.87 9.56 9.27 9.54 8.88 7.31 1.03 4.96 5.66 9.41 12.89 9.45 6.44 7.28 9.13 11.34 7.31 2.76 10.21 9.81 5.88 6.45 8.00 9.96 8.85 9.13 7.38 9.49 5.47 9.61 8.67 10.64 9.65 5.36 7.56 1.24 6.40 9.31 
6.48 3.04 0.54 4.56 5.66 4.78 3.03 2.68 2.13 2.76 3.48 4.65 5.14 4.75 7.15 8.06 4.94 7.37 6.00 2.57 3.81 2.51 6.68 5.40 4.71 3.22 6.79 5.89 4.52 5.01 3.72 2.88 3.57 5.86 1.44 3.17 2.92 5.49 1.33 6.22 2.98 6.51 2.73 4.18 7.30 4.65 5.43 7.41 5.12 5.59 
6.09 2.90 3.71 6.64 9.22 2.90 4.41 2.34 2.64 5.16 7.26 7.44 8.92 8.49 10.85 11.72 1.44 10.69 6.91 3.00 7.08 5.28 9.72 9.18 1.74 0.57 10.51 9.42 0.94 4.81 6.87 5.37 1.67 9.18 3.03 6.01 2.33 1.88 2.57 9.99 6.19 10.28 6.37 7.28 11.03 2.55 9.05 7.35 8.51 9.37 
6.82 5.25 3.81 2.90 5.11 7.06 3.83 5.40 6.11 5.66 2.60 1.70 2.77 3.57 3.73 4.43 8.73 3.38 5.12 4.82 0.48 5.18 7.23 3.34 7.70 6.84 3.46 5.40 7.91 5.82 5.13 5.63 6.49 1.88 5.40 5.36 6.91 9.25 5.28 3.48 1.25 3.66 3.51 5.44 4.02 7.13 1.80 7.10 1.13 3.22 
6.68 6.57 5.99 2.89 7.34 8.09 4.94 6.95 8.43 8.27 5.13 1.77 4.66 5.81 4.20 4.31 10.62 2.06 4.54 6.28 2.58 7.80 9.61 5.23 9.07 8.69 4.16 7.61 9.51 6.21 7.73 8.25 7.96 1.47 7.74 7.99 9.18 11.09 7.48 4.85 3.33 4.86 6.14 8.03 4.61 8.26 2.93 6.47 1.93 4.96 
11.87 8.88 6.30 8.54 0.89 10.68 8.30 8.58 6.73 4.33 3.35 7.55 3.60 2.36 5.45 6.40 10.02 7.63 10.66 8.38 6.21 4.06 1.47 3.11 10.54 8.79 5.14 0.70 10.17 10.53 2.46 4.12 9.46 6.81 6.26 3.39 7.35 10.58 6.78 4.00 6.22 4.22 3.26 2.11 5.23 10.55 5.36 12.50 6.24 3.48 
6.04 4.58 3.45 2.16 5.74 6.36 3.10 4.80 5.86 5.74 3.11 1.17 3.53 4.22 4.47 5.12 8.27 3.79 4.37 4.18 0.31 5.28 7.77 4.09 7.07 6.35 4.22 6.03 7.34 5.04 5.46 5.74 5.88 2.28 5.17 5.56 6.63 8.77 4.94 4.27 0.75 4.45 3.82 5.82 4.78 6.44 2.55 6.34 1.67 3.99 
9.42 6.19 3.61 6.57 2.73 7.95 5.84 5.84 4.02 1.89 2.09 5.95 3.61 2.51 5.93 6.95 7.32 7.28 8.51 5.70 4.64 1.47 3.54 3.52 7.76 6.01 5.55 2.91 7.39 8.00 0.69 1.73 6.68 6.03 3.50 1.09 4.71 7.89 4.00 4.58 4.29 4.88 0.96 1.11 5.89 7.80 4.89 10.19 5.29 3.86 
4.86 3.29 2.72 1.51 6.58 5.03 1.77 3.57 5.16 5.61 3.86 1.66 4.68 5.14 5.80 6.45 7.20 4.98 3.48 2.93 1.62 5.21 8.39 5.20 5.80 5.27 5.54 6.86 6.14 3.76 5.77 5.65 4.63 3.52 4.52 5.65 5.87 7.67 4.15 5.51 1.02 5.72 4.18 6.19 6.10 5.13 3.88 5.33 2.98 5.16 
3.02 0.81 3.39 3.95 9.30 1.32 1.95 1.36 4.49 6.43 6.76 5.13 8.05 8.12 9.48 10.16 4.58 8.60 3.72 1.29 5.31 6.29 10.52 8.49 2.36 2.98 9.19 9.55 3.07 1.61 7.57 6.59 1.56 7.19 4.30 6.99 4.75 4.87 3.60 9.02 4.54 9.25 6.41 8.03 9.75 1.46 7.55 4.21 6.69 8.54 
6.46 5.37 4.31 2.43 5.89 7.10 3.83 5.62 6.71 6.44 3.44 1.02 3.41 4.34 3.89 4.43 9.13 2.93 4.60 5.00 0.77 5.97 8.04 3.99 7.88 7.22 3.69 6.17 8.18 5.61 5.97 6.42 6.70 1.44 6.01 6.18 7.48 9.63 5.80 3.95 1.61 4.08 4.35 6.29 4.24 7.21 2.05 6.61 0.95 3.81 
10.44 8.89 7.00 6.41 4.16 10.75 7.54 8.96 8.86 7.42 3.73 4.97 2.00 3.17 0.43 1.40 11.91 3.01 8.54 8.43 4.19 6.93 6.47 2.13 11.27 10.14 0.30 4.34 11.34 9.52 5.96 7.28 10.04 3.04 8.16 6.69 9.66 12.46 8.28 1.07 4.91 0.82 4.99 6.01 0.33 10.79 1.95 10.55 3.05 1.76 
6.98 6.08 5.01 2.94 5.97 7.79 4.52 6.35 7.38 6.98 3.73 1.48 3.34 4.43 3.39 3.82 9.85 2.21 5.01 5.72 1.44 6.49 8.21 3.92 8.59 7.94 3.24 6.24 8.91 6.22 6.35 6.94 7.42 0.73 6.67 6.64 8.16 10.35 6.50 3.69 2.32 3.77 4.77 6.63 3.77 7.90 1.72 7.02 0.57 3.68 
10.81 7.53 4.96 7.91 2.23 9.24 7.23 7.15 4.98 2.51 3.06 7.19 4.15 2.84 6.37 7.39 8.23 8.11 9.89 7.05 5.86 2.31 2.20 3.86 8.95 7.12 6.01 2.27 8.50 9.39 0.77 2.30 7.93 7.00 4.58 1.59 5.56 8.79 5.16 4.92 5.60 5.20 2.26 0.32 6.25 9.07 5.71 11.58 6.31 4.25 
0.09 3.67 5.94 4.10 11.36 3.23 3.59 4.30 7.43 9.18 8.67 5.55 9.56 9.99 10.40 10.83 7.24 8.79 2.28 4.02 6.38 8.97 12.93 10.09 4.66 5.88 10.20 11.64 5.60 1.46 10.06 9.32 4.38 7.69 7.18 9.62 7.71 7.41 6.49 10.34 5.91 10.52 8.67 10.51 10.75 3.59 8.55 1.37 7.45 10.03 
9.80 8.91 7.47 5.79 5.88 10.67 7.40 9.11 9.62 8.58 4.84 4.36 3.37 4.69 1.42 1.07 12.42 1.36 7.73 8.51 4.09 8.08 8.23 3.71 11.40 10.55 1.65 6.09 11.63 9.11 7.36 8.47 10.20 2.19 8.90 7.97 10.43 12.95 8.89 2.78 4.96 2.60 6.13 7.48 1.79 10.77 2.15 9.70 2.66 3.32 
4.92 3.02 2.32 1.85 6.45 4.82 1.60 3.26 4.76 5.26 3.74 2.05 4.70 5.06 5.97 6.66 6.83 5.29 3.69 2.63 1.82 4.88 8.18 5.20 5.52 4.90 5.69 6.74 5.82 3.72 5.51 5.31 4.33 3.81 4.12 5.34 5.47 7.31 3.75 5.59 1.05 5.80 3.95 5.93 6.25 4.89 4.05 5.48 3.23 5.18 
0.78 3.99 5.99 3.55 11.12 3.91 3.53 4.64 7.72 9.28 8.40 4.98 9.16 9.69 9.83 10.21 7.85 8.09 1.50 4.25 5.94 9.03 12.80 9.70 5.34 6.36 9.65 11.40 6.24 1.78 10.00 9.40 4.90 7.07 7.40 9.64 8.08 8.06 6.73 9.88 5.57 10.03 8.54 10.44 10.19 4.26 8.02 0.88 6.90 9.62 
9.22 7.61 5.77 5.21 4.02 9.46 6.26 7.69 7.75 6.53 2.78 3.80 1.34 2.67 1.37 2.29 10.72 2.72 7.38 7.16 2.92 6.03 6.37 1.80 10.00 8.91 1.04 4.26 10.09 8.26 5.28 6.42 8.78 2.14 7.04 5.90 8.56 11.26 7.11 1.24 3.63 1.31 4.07 5.42 1.59 9.50 0.74 9.39 1.91 1.44 
8.66 7.06 5.30 4.66 4.19 8.91 5.70 7.16 7.35 6.28 2.56 3.26 1.47 2.74 1.89 2.72 10.25 2.67 6.84 6.62 2.36 5.78 6.52 2.02 9.47 8.43 1.59 4.45 9.59 7.70 5.17 6.18 8.25 1.78 6.63 5.71 8.16 10.80 6.67 1.72 3.07 1.84 3.84 5.35 2.14 8.96 0.30 8.85 1.41 1.73 
8.13 6.55 4.86 4.14 4.41 8.39 5.17 6.66 6.98 6.07 2.45 2.77 1.75 2.89 2.40 3.18 9.82 2.74 6.33 6.11 1.82 5.57 6.70 2.33 8.97 7.98 2.11 4.68 9.11 7.16 5.11 5.99 7.75 1.58 6.27 5.57 7.79 10.36 6.26 2.21 2.55 2.35 3.67 5.33 2.67 8.44 0.50 8.34 1.02 2.10 
6.32 2.94 3.41 6.58 8.80 3.22 4.37 2.33 2.18 4.69 6.89 7.30 8.57 8.10 10.55 11.43 1.58 10.48 7.00 2.97 6.86 4.82 9.26 8.82 2.16 0.41 10.20 8.99 1.40 4.98 6.42 4.90 1.88 8.96 2.59 5.56 1.88 2.10 2.17 9.65 5.97 9.94 5.97 6.83 10.71 2.88 8.77 7.56 8.28 9.01 
11.44 8.41 5.83 8.16 0.90 10.21 7.86 8.11 6.26 3.88 2.98 7.22 3.43 2.13 5.42 6.40 9.55 7.48 10.26 7.91 5.87 3.60 1.69 2.99 10.06 8.31 5.10 0.86 9.69 10.08 2.00 3.67 8.98 6.59 5.79 2.94 6.90 10.12 6.30 3.96 5.84 4.20 2.80 1.68 5.23 10.08 5.17 12.08 5.99 3.38 
9.92 7.17 4.69 6.45 1.44 9.04 6.39 6.97 5.77 3.83 1.28 5.45 1.87 0.59 4.12 5.15 9.04 5.86 8.60 6.67 4.11 3.39 3.47 1.63 9.11 7.54 3.75 1.72 8.89 8.62 2.21 3.67 7.95 4.86 5.16 3.01 6.51 9.61 5.52 2.70 4.16 2.99 1.72 2.26 4.03 8.96 3.49 10.48 4.23 2.00 
9.86 9.26 7.97 5.94 6.64 10.96 7.70 9.50 10.20 9.25 5.53 4.55 4.11 5.44 2.14 1.53 12.91 1.14 7.74 8.88 4.49 8.75 8.98 4.47 11.77 11.02 2.40 6.85 12.05 9.28 8.08 9.16 10.58 2.45 9.48 8.67 11.00 13.43 9.42 3.53 5.39 3.34 6.81 8.22 2.48 11.08 2.78 9.66 3.06 4.08 
11.98 9.17 6.63 8.46 0.63 11.01 8.45 8.92 7.31 4.99 3.34 7.37 3.16 2.10 4.78 5.69 10.61 7.09 10.63 8.67 6.06 4.68 2.13 2.61 10.97 9.29 4.49 0.39 10.66 10.68 3.10 4.79 9.85 6.40 6.79 4.05 7.97 11.18 7.26 3.37 6.19 3.55 3.56 2.82 4.52 10.91 4.93 12.53 5.90 2.95 
6.61 3.87 4.93 7.69 10.35 3.30 5.46 3.40 3.65 6.14 8.46 8.57 10.13 9.67 12.07 12.93 0.82 11.87 7.72 4.07 8.28 6.32 10.71 10.39 1.87 1.79 11.73 10.53 0.95 5.49 7.93 6.36 2.49 10.36 4.13 7.04 3.14 0.88 3.75 11.21 7.38 11.50 7.54 8.32 12.25 2.94 10.26 7.89 9.71 10.58 
10.20 7.85 5.54 6.44 1.89 9.75 6.83 7.75 6.95 5.17 1.87 5.22 0.87 0.77 2.82 3.83 10.17 4.85 8.65 7.36 3.99 4.71 4.25 0.34 9.98 8.56 2.47 2.14 9.87 9.03 3.56 5.01 8.79 4.11 6.29 4.36 7.72 10.74 6.57 1.36 4.32 1.65 2.88 3.58 2.69 9.71 2.63 10.61 3.63 0.72 
9.83 7.16 4.71 6.30 1.56 9.04 6.33 6.99 5.90 4.04 1.18 5.27 1.60 0.36 3.86 4.89 9.16 5.60 8.47 6.66 3.93 3.58 3.69 1.38 9.15 7.62 3.50 1.85 8.96 8.55 2.46 3.88 7.98 4.61 5.27 3.23 6.65 9.73 5.60 2.45 4.03 2.75 1.83 2.52 3.78 8.97 3.23 10.36 3.99 1.75 
1.47 3.43 5.17 2.60 10.16 3.81 2.68 4.09 7.06 8.47 7.44 4.05 8.19 8.72 8.90 9.31 7.56 7.26 0.87 3.60 4.97 8.19 11.87 8.73 5.19 5.93 8.72 10.44 6.01 1.50 9.10 8.58 4.54 6.17 6.68 8.78 7.50 7.83 6.04 8.92 4.60 9.08 7.61 9.54 9.26 4.12 7.08 1.77 5.96 8.65 
1.64 4.17 5.85 2.87 10.64 4.46 3.36 4.83 7.79 9.14 7.92 4.26 8.55 9.17 9.08 9.42 8.28 7.26 0.68 4.34 5.32 8.85 12.42 9.11 5.86 6.66 8.92 10.92 6.71 2.17 9.70 9.24 5.27 6.29 7.40 9.42 8.23 8.53 6.77 9.21 5.05 9.35 8.18 10.13 9.46 4.79 7.32 1.33 6.18 9.00 
10.13 8.66 6.84 6.09 4.35 10.51 7.29 8.75 8.77 7.42 3.69 4.65 2.02 3.26 0.32 1.33 11.77 2.67 8.21 8.21 3.92 6.93 6.68 2.24 11.06 9.98 0.09 4.55 11.16 9.24 6.03 7.29 9.84 2.69 8.06 6.72 9.57 12.32 8.16 1.24 4.67 1.04 4.97 6.10 0.57 10.56 1.66 10.22 2.73 1.85 
9.92 7.49 5.15 6.22 1.85 9.39 6.51 7.38 6.54 4.78 1.48 5.06 0.92 0.44 3.10 4.13 9.76 4.97 8.42 7.00 3.78 4.32 4.16 0.61 9.60 8.16 2.74 2.12 9.47 8.72 3.23 4.63 8.41 4.11 5.89 3.99 7.31 10.33 6.17 1.68 4.05 1.98 2.48 3.28 3.01 9.34 2.66 10.36 3.57 0.98 
5.84 4.05 2.82 2.22 5.67 5.87 2.65 4.22 5.23 5.23 2.97 1.63 3.70 4.20 4.92 5.63 7.64 4.42 4.36 3.63 0.81 4.78 7.57 4.22 6.51 5.73 4.63 5.95 6.74 4.73 5.10 5.24 5.31 2.90 4.54 5.12 6.00 8.14 4.31 4.55 0.13 4.76 3.47 5.49 5.19 5.93 2.99 6.27 2.25 4.18 
4.98 5.00 4.92 1.19 7.76 6.40 3.38 5.44 7.36 7.69 5.20 0.96 5.32 6.21 5.53 5.84 9.20 3.75 2.90 4.77 2.31 7.26 9.85 5.90 7.46 7.28 5.39 8.05 7.98 4.47 7.56 7.71 6.40 2.71 6.73 7.61 8.06 9.63 6.34 5.81 2.62 5.91 5.91 7.92 5.91 6.59 3.86 4.89 2.69 5.72 
6.77 3.24 3.20 6.69 8.31 3.77 4.52 2.59 1.60 4.11 6.52 7.29 8.23 7.69 10.28 11.19 1.82 10.36 7.29 3.17 6.74 4.27 8.69 8.45 2.78 0.87 9.92 8.49 2.03 5.38 5.88 4.33 2.36 8.84 2.10 5.00 1.25 2.39 1.81 9.32 5.85 9.61 5.53 6.27 10.42 3.44 8.54 7.98 8.13 8.66 
7.01 6.06 4.94 2.97 5.86 7.77 4.51 6.31 7.30 6.88 3.61 1.51 3.24 4.32 3.34 3.80 9.80 2.26 5.06 5.68 1.37 6.39 8.10 3.82 8.56 7.88 3.18 6.14 8.86 6.23 6.24 6.84 7.38 0.76 6.59 6.54 8.09 10.30 6.43 3.61 2.26 3.69 4.66 6.52 3.71 7.88 1.64 7.07 0.48 3.59 
8.42 6.88 5.18 4.41 4.39 8.72 5.50 7.00 7.28 6.30 2.62 3.01 1.68 2.91 2.06 2.85 10.15 2.57 6.59 6.44 2.13 5.80 6.71 2.24 9.31 8.31 1.79 4.66 9.45 7.47 5.26 6.21 8.09 1.57 6.57 5.76 8.09 10.68 6.57 1.98 2.88 2.09 3.88 5.46 2.35 8.78 0.19 8.60 1.16 1.97 
8.54 4.83 3.01 7.09 5.93 6.08 5.39 4.24 1.21 1.46 4.79 7.13 6.53 5.66 8.79 9.79 4.27 9.54 8.40 4.49 6.15 1.77 5.99 6.58 5.40 3.44 8.41 6.06 4.75 7.05 3.34 1.68 4.63 8.08 1.33 2.40 1.60 4.82 2.01 7.59 5.40 7.89 3.55 3.68 8.84 5.82 7.35 9.60 7.31 6.88 
8.56 4.86 3.07 7.15 6.01 6.08 5.43 4.26 1.20 1.53 4.88 7.21 6.62 5.75 8.88 9.88 4.21 9.62 8.45 4.52 6.23 1.86 6.05 6.67 5.38 3.42 8.50 6.14 4.72 7.07 3.42 1.75 4.63 8.17 1.37 2.48 1.54 4.76 2.03 7.68 5.48 7.98 3.64 3.76 8.93 5.82 7.44 9.63 7.40 6.97 
1.01 3.00 5.44 4.30 11.10 2.32 3.29 3.58 6.71 8.61 8.44 5.74 9.48 9.79 10.51 11.03 6.34 9.11 2.85 3.41 6.40 8.43 12.53 9.98 3.75 5.04 10.29 11.37 4.70 1.07 9.61 8.76 3.53 7.90 6.52 9.11 6.94 6.49 5.82 10.33 5.81 10.53 8.32 10.07 10.85 2.68 8.62 2.29 7.58 9.96 
9.45 5.85 3.56 7.40 4.60 7.31 6.05 5.33 2.61 0.29 3.99 7.15 5.63 4.58 7.95 8.97 5.75 9.06 9.01 5.43 5.98 0.77 4.51 5.57 6.77 4.84 7.57 4.70 6.19 7.97 1.97 0.35 5.90 7.70 2.42 1.03 3.08 6.29 3.11 6.63 5.38 6.93 2.70 2.26 7.93 7.08 6.74 10.42 6.93 5.91 
1.58 4.08 5.78 2.85 10.59 4.37 3.28 4.73 7.70 9.07 7.87 4.25 8.52 9.13 9.08 9.42 8.18 7.28 0.68 4.25 5.29 8.77 12.37 9.07 5.77 6.56 8.91 10.87 6.61 2.07 9.63 9.17 5.17 6.29 7.31 9.35 8.14 8.44 6.68 9.19 5.00 9.33 8.12 10.07 9.45 4.69 7.30 1.36 6.16 8.97 
8.69 5.63 3.06 5.69 2.95 7.45 5.10 5.35 4.02 2.38 1.37 5.05 3.06 2.22 5.36 6.37 7.29 6.49 7.67 5.13 3.74 1.89 4.24 3.10 7.41 5.79 4.98 3.19 7.15 7.31 1.59 2.27 6.28 5.19 3.40 1.83 4.78 7.86 3.76 4.10 3.40 4.41 0.08 1.97 5.37 7.34 4.13 9.41 4.44 3.39 
10.48 7.01 4.53 7.96 3.40 8.60 6.95 6.55 4.05 1.53 3.63 7.45 5.01 3.78 7.31 8.33 7.21 8.81 9.78 6.56 6.16 1.53 3.05 4.82 8.16 6.25 6.94 3.45 7.62 9.01 1.00 1.33 7.22 7.58 3.76 0.84 4.54 7.75 4.41 5.89 5.74 6.18 2.50 1.00 7.22 8.39 6.41 11.35 6.85 5.19 
1.54 2.65 4.55 2.68 9.81 3.08 2.10 3.31 6.33 7.84 7.11 4.12 8.01 8.43 8.92 9.41 6.77 7.49 1.57 2.85 4.85 7.59 11.42 8.53 4.43 5.13 8.71 10.09 5.23 0.79 8.58 7.96 3.75 6.28 5.97 8.21 6.73 7.05 5.32 8.81 4.35 8.99 7.16 9.03 9.26 3.38 7.04 2.32 5.98 8.48 
9.38 5.80 3.46 7.25 4.43 7.30 5.95 5.30 2.67 0.18 3.78 6.98 5.43 4.38 7.74 8.76 5.85 8.86 8.90 5.38 5.80 0.58 4.43 5.37 6.80 4.88 7.36 4.54 6.24 7.90 1.81 0.15 5.90 7.51 2.42 0.86 3.18 6.40 3.10 6.43 5.22 6.73 2.49 2.11 7.73 7.08 6.54 10.33 6.74 5.71 
2.54 4.45 5.74 2.22 10.08 5.06 3.32 5.08 7.86 8.97 7.39 3.50 7.87 8.58 8.26 8.56 8.70 6.36 0.42 4.51 4.66 8.64 11.97 8.44 6.41 6.98 8.12 10.37 7.19 2.75 9.35 9.05 5.68 5.45 7.39 9.15 8.38 9.01 6.81 8.48 4.52 8.60 7.78 9.77 8.65 5.36 6.55 2.17 5.39 8.30 
8.26 6.89 5.30 4.23 4.75 8.70 5.45 7.03 7.46 6.57 2.93 2.80 2.03 3.27 2.12 2.79 10.26 2.25 6.38 6.46 2.07 6.07 7.07 2.59 9.34 8.40 1.89 5.01 9.51 7.37 5.59 6.49 8.12 1.22 6.75 6.06 8.27 10.79 6.72 2.25 2.88 2.33 4.17 5.80 2.44 8.77 0.28 8.40 0.90 2.30 
5.87 4.60 3.62 1.93 6.01 6.34 3.07 4.85 6.05 6.00 3.39 0.89 3.74 4.48 4.56 5.16 8.38 3.71 4.15 4.22 0.53 5.55 8.05 4.31 7.10 6.46 4.32 6.30 7.41 4.92 5.74 6.00 5.92 2.22 5.36 5.84 6.81 8.87 5.11 4.44 0.95 4.61 4.10 6.10 4.88 6.43 2.66 6.13 1.68 4.19 
3.27 1.64 4.14 4.98 10.14 0.27 3.01 1.87 4.73 6.93 7.67 6.19 9.04 9.03 10.52 11.21 4.05 9.66 4.48 2.13 6.37 6.86 11.21 9.45 1.53 2.81 10.23 10.38 2.42 2.17 8.24 7.10 1.33 8.26 4.70 7.58 4.82 4.24 4.01 10.02 5.57 10.26 7.21 8.70 10.79 0.46 8.60 4.55 7.75 9.52 
6.76 6.30 5.52 2.80 6.73 7.90 4.69 6.63 7.93 7.68 4.50 1.47 4.07 5.20 3.81 4.06 10.25 2.03 4.68 5.98 2.02 7.20 8.99 4.65 8.82 8.32 3.73 7.01 9.20 6.15 7.11 7.65 7.67 0.99 7.24 7.38 8.70 10.73 7.01 4.32 2.83 4.37 5.52 7.40 4.22 8.05 2.38 6.67 1.32 4.39 
8.60 6.60 4.59 4.74 3.44 8.48 5.38 6.61 6.48 5.29 1.56 3.49 0.94 1.91 2.60 3.56 9.49 3.65 6.95 6.12 2.29 4.79 5.71 1.51 8.91 7.72 2.24 3.72 8.94 7.51 4.18 5.19 7.69 2.57 5.78 4.71 7.29 10.05 5.87 1.81 2.76 2.05 2.84 4.37 2.74 8.49 1.25 8.93 1.97 1.40 
7.11 5.89 4.60 3.07 5.43 7.66 4.39 6.10 6.93 6.42 3.14 1.66 2.85 3.89 3.25 3.83 9.51 2.57 5.24 5.49 1.08 5.94 7.65 3.44 8.38 7.61 3.04 5.71 8.63 6.23 5.76 6.38 7.18 1.06 6.21 6.07 7.72 10.02 6.08 3.33 1.97 3.45 4.19 6.05 3.59 7.75 1.41 7.25 0.36 3.23 
1.20 4.28 6.17 3.43 11.13 4.31 3.68 4.94 7.98 9.46 8.41 4.84 9.09 9.68 9.66 10.01 8.23 7.85 1.27 4.51 5.86 9.19 12.87 9.64 5.74 6.70 9.50 11.41 6.63 2.12 10.10 9.57 5.26 6.88 7.63 9.78 8.37 8.45 6.98 9.77 5.55 9.92 8.61 10.54 10.04 4.65 7.89 0.79 6.75 9.54 
8.18 4.50 2.55 6.62 5.71 5.85 4.97 3.93 1.12 1.39 4.40 6.66 6.15 5.33 8.39 9.38 4.38 9.08 7.98 4.13 5.68 1.57 5.96 6.23 5.27 3.34 8.01 5.86 4.69 6.69 3.18 1.60 4.42 7.62 0.98 2.28 1.73 4.94 1.68 7.22 4.92 7.52 3.19 3.56 8.45 5.61 6.91 9.22 6.85 6.51 
7.87 5.88 3.97 4.05 3.94 7.76 4.64 5.92 6.01 5.08 1.57 2.88 1.66 2.39 3.18 4.06 8.92 3.72 6.26 5.41 1.60 4.58 6.10 2.20 8.22 7.11 2.84 4.22 8.29 6.76 4.22 5.00 7.00 2.41 5.29 4.61 6.82 9.46 5.32 2.54 2.02 2.77 2.71 4.48 3.37 7.78 1.47 8.23 1.69 2.14 
3.66 1.66 4.04 5.21 10.04 0.45 3.16 1.75 4.44 6.70 7.63 6.37 9.05 8.98 10.60 11.32 3.66 9.83 4.83 2.13 6.47 6.65 11.05 9.44 1.16 2.45 10.30 10.28 2.03 2.54 8.08 6.89 1.01 8.41 4.46 7.39 4.49 3.85 3.78 10.05 5.66 10.30 7.11 8.53 10.86 0.24 8.68 4.94 7.88 9.53 
11.94 8.61 6.05 9.06 2.58 10.27 8.36 8.19 5.80 3.29 4.12 8.31 4.98 3.65 7.08 8.07 8.95 9.01 11.04 8.13 6.97 3.22 1.32 4.60 9.89 8.00 6.74 2.48 9.37 10.51 1.88 3.08 8.92 8.00 5.49 2.48 6.29 9.49 6.12 5.61 6.75 5.86 3.41 1.43 6.90 10.08 6.65 12.73 7.34 4.99 
6.71 3.99 1.80 3.69 4.67 5.88 3.15 3.90 3.91 3.58 2.06 3.27 3.49 3.42 5.36 6.25 6.73 5.59 5.63 3.49 2.16 3.14 6.27 3.85 6.16 4.94 5.01 4.94 6.15 5.38 3.58 3.59 4.95 4.11 3.19 3.50 4.71 7.28 3.15 4.54 1.51 4.81 2.01 4.00 5.53 5.84 3.61 7.37 3.35 3.96 
10.53 7.18 4.63 7.77 2.67 8.86 6.96 6.77 4.51 2.03 3.12 7.13 4.38 3.11 6.65 7.67 7.75 8.26 9.69 6.71 5.82 1.86 2.61 4.14 8.52 6.67 6.28 2.73 8.05 9.09 0.51 1.81 7.52 7.09 4.14 1.12 5.08 8.30 4.74 5.21 5.49 5.50 2.15 0.28 6.55 8.68 5.86 11.34 6.38 4.52 
7.01 3.30 2.31 6.20 7.10 4.37 4.20 2.66 0.52 2.98 5.37 6.59 7.10 6.50 9.20 10.13 3.00 9.46 7.16 3.05 5.88 3.09 7.54 7.29 3.68 1.74 8.84 7.28 3.10 5.54 4.69 3.19 2.92 7.95 0.89 3.83 0.91 3.57 0.82 8.18 5.01 8.48 4.34 5.10 9.32 4.10 7.53 8.14 7.22 7.52 
12.58 9.34 6.76 9.50 2.28 11.05 8.99 8.95 6.68 4.17 4.40 8.64 4.94 3.64 6.85 7.80 9.85 8.98 11.55 8.86 7.29 4.06 0.41 4.48 10.72 8.86 6.54 2.10 10.23 11.17 2.58 3.95 9.73 8.10 6.34 3.31 7.19 10.39 6.94 5.40 7.17 5.62 3.93 2.12 6.63 10.87 6.68 13.31 7.49 4.86 
12.03 8.94 6.35 8.80 1.37 10.71 8.45 8.61 6.59 4.14 3.64 7.87 4.04 2.76 5.95 6.90 9.85 8.08 10.90 8.45 6.52 3.92 1.04 3.57 10.50 8.70 5.63 1.20 10.09 10.66 2.32 3.92 9.45 7.23 6.17 3.21 7.18 10.41 6.72 4.49 6.48 4.71 3.37 1.92 5.72 10.56 5.79 12.70 6.64 3.95 
4.34 4.56 4.78 0.74 8.13 5.86 2.97 5.05 7.18 7.72 5.51 1.38 5.78 6.60 6.13 6.47 8.82 4.39 2.28 4.38 2.65 7.31 10.16 6.37 6.97 6.93 5.98 8.42 7.54 3.86 7.74 7.76 5.95 3.33 6.58 7.71 7.84 9.23 6.14 6.34 2.76 6.46 6.11 8.13 6.51 6.07 4.41 4.28 3.24 6.20 
12.82 9.60 7.02 9.71 2.34 11.31 9.23 9.22 6.95 4.44 4.58 8.82 5.04 3.76 6.89 7.83 10.12 9.08 11.77 9.12 7.48 4.33 0.14 4.56 11.00 9.13 6.59 2.13 10.51 11.42 2.84 4.22 9.99 8.22 6.61 3.58 7.46 10.66 7.22 5.45 7.38 5.66 4.16 2.39 6.65 11.14 6.79 13.54 7.63 4.94 
7.89 4.70 2.12 5.19 3.92 6.50 4.31 4.40 3.19 2.12 1.99 4.78 3.74 3.11 5.95 6.93 6.39 6.74 7.04 4.20 3.58 1.65 5.06 3.89 6.44 4.84 5.58 4.15 6.20 6.47 2.18 2.10 5.31 5.33 2.52 1.97 3.98 6.96 2.82 4.82 3.03 5.12 0.99 2.63 6.02 6.38 4.50 8.68 4.56 4.13 
7.06 4.20 1.83 4.10 4.37 6.09 3.48 4.05 3.73 3.21 1.86 3.66 3.42 3.21 5.41 6.34 6.68 5.83 6.03 3.70 2.50 2.75 5.89 3.73 6.27 4.94 5.05 4.64 6.20 5.70 3.17 3.20 5.07 4.37 3.01 3.09 4.54 7.23 3.06 4.49 1.91 4.78 1.63 3.59 5.55 6.02 3.74 7.75 3.60 3.88 
2.63 1.53 3.34 2.60 8.83 2.62 1.01 2.17 5.10 6.62 6.16 3.86 7.24 7.51 8.43 9.03 5.83 7.34 2.53 1.64 4.26 6.38 10.31 7.73 3.74 4.07 8.17 9.10 4.39 1.23 7.44 6.74 2.82 5.99 4.73 7.01 5.54 6.17 4.09 8.13 3.59 8.34 6.07 7.89 8.73 2.81 6.51 3.56 5.55 7.73 
9.34 6.01 3.45 6.67 3.15 7.72 5.78 5.62 3.62 1.43 2.48 6.14 4.05 2.98 6.37 7.39 6.92 7.64 8.54 5.53 4.86 1.01 3.72 3.97 7.46 5.67 5.99 3.31 7.05 7.90 0.75 1.26 6.42 6.36 3.14 0.67 4.29 7.49 3.68 5.03 4.44 5.34 1.24 1.21 6.34 7.55 5.27 10.16 5.61 4.31 
3.62 1.94 2.62 1.92 7.74 3.55 0.31 2.39 4.77 5.90 5.05 2.92 6.09 6.39 7.32 7.95 6.16 6.38 2.85 1.72 3.14 5.60 9.32 6.58 4.44 4.27 7.05 8.01 4.91 2.34 6.51 6.00 3.34 4.97 4.27 6.18 5.35 6.58 3.72 6.98 2.44 7.20 5.06 6.95 7.61 3.67 5.39 4.35 4.48 6.58 
3.03 4.64 5.70 1.93 9.78 5.41 3.37 5.25 7.91 8.88 7.11 3.10 7.50 8.26 7.81 8.08 8.93 5.86 0.85 4.65 4.32 8.53 11.72 8.08 6.72 7.16 7.68 10.07 7.46 3.12 9.16 8.95 5.92 4.98 7.41 9.02 8.46 9.26 6.86 8.07 4.26 8.18 7.56 9.57 8.20 5.69 6.13 2.66 4.96 7.92 
5.29 1.90 0.69 3.78 6.66 3.73 1.93 1.66 2.69 3.92 4.24 4.22 5.74 5.59 7.52 8.35 4.73 7.32 4.95 1.41 3.71 3.70 7.83 6.09 3.91 2.83 7.19 6.90 3.94 3.82 4.88 4.05 2.70 5.81 2.16 4.36 3.34 5.24 1.64 6.79 2.81 7.05 3.74 5.34 7.73 3.65 5.68 6.25 5.13 6.22 
6.36 3.05 0.46 4.25 5.54 4.85 2.85 2.76 2.49 2.96 3.25 4.30 4.87 4.55 6.84 7.74 5.25 7.02 5.78 2.56 3.45 2.66 6.69 5.16 4.88 3.48 6.48 5.78 4.76 4.91 3.74 3.05 3.71 5.51 1.79 3.28 3.28 5.79 1.66 5.94 2.62 6.23 2.61 4.20 6.99 4.74 5.10 7.24 4.77 5.33 
2.99 3.27 4.20 1.07 8.68 4.37 1.87 3.84 6.41 7.42 5.97 2.52 6.63 7.22 7.36 7.81 7.59 5.86 1.38 3.21 3.41 7.08 10.49 7.18 5.56 5.76 7.16 8.97 6.20 2.34 7.82 7.50 4.62 4.67 5.90 7.60 6.97 7.96 5.35 7.35 3.10 7.51 6.26 8.24 7.71 4.61 5.52 3.25 4.42 7.09 
9.79 7.59 5.37 5.96 2.44 9.49 6.49 7.53 6.96 5.35 1.78 4.71 0.31 1.12 2.44 3.47 10.12 4.31 8.18 7.10 3.51 4.87 4.79 0.28 9.80 8.45 2.07 2.69 9.74 8.65 3.87 5.21 8.59 3.55 6.28 4.60 7.75 10.69 6.50 1.08 3.92 1.39 2.96 3.94 2.38 9.47 2.07 10.15 3.08 0.37 
0.78 3.31 5.36 3.28 10.62 3.32 2.92 3.96 7.04 8.64 7.91 4.73 8.76 9.22 9.57 10.01 7.22 7.99 1.57 3.57 5.57 8.40 12.24 9.29 4.74 5.69 9.37 10.90 5.62 1.11 9.41 8.76 4.24 6.87 6.73 9.02 7.40 7.44 6.06 9.53 5.12 9.70 7.98 9.86 9.93 3.66 7.72 1.55 6.63 9.23 
4.51 2.79 2.48 1.61 6.86 4.53 1.27 3.10 4.88 5.54 4.15 2.10 5.09 5.46 6.29 6.95 6.76 5.47 3.32 2.44 2.11 5.18 8.58 5.59 5.31 4.83 6.02 7.14 5.67 3.33 5.88 5.61 4.14 4.02 4.27 5.67 5.55 7.22 3.84 5.96 1.42 6.17 4.33 6.30 6.58 4.62 4.36 5.07 3.48 5.57 
6.39 5.34 4.33 2.35 5.98 7.06 3.79 5.60 6.73 6.50 3.52 0.93 3.50 4.43 3.96 4.49 9.13 2.95 4.51 4.97 0.81 6.03 8.13 4.09 7.85 7.21 3.77 6.26 8.16 5.54 6.04 6.48 6.67 1.47 6.03 6.24 7.50 9.62 5.82 4.04 1.63 4.17 4.42 6.36 4.31 7.17 2.13 6.52 1.02 3.91 
10.80 7.95 5.41 7.37 0.59 9.80 7.25 7.71 6.20 4.01 2.20 6.37 2.51 1.20 4.56 5.56 9.51 6.56 9.52 7.45 5.03 3.64 2.60 2.09 9.78 8.12 4.22 0.84 9.49 9.48 2.17 3.82 8.64 5.67 5.65 3.09 6.90 10.08 6.09 3.09 5.07 3.35 2.35 2.03 4.39 9.69 4.24 11.38 5.08 2.48 
8.68 7.24 5.56 4.65 4.50 9.07 5.83 7.36 7.65 6.63 2.92 3.22 1.77 3.07 1.72 2.47 10.52 2.32 6.81 6.80 2.45 6.13 6.84 2.30 9.67 8.68 1.48 4.75 9.82 7.77 5.53 6.53 8.45 1.54 6.93 6.06 8.46 11.06 6.95 1.85 3.23 1.92 4.19 5.71 2.03 9.12 0.20 8.82 1.32 1.98 
10.91 8.53 6.17 7.13 1.62 10.42 7.53 8.41 7.45 5.52 2.51 5.89 1.49 1.22 2.96 3.91 10.71 5.24 9.34 8.03 4.68 5.09 3.94 0.90 10.62 9.15 2.66 1.80 10.48 9.73 3.79 5.35 9.43 4.66 6.82 4.66 8.21 11.28 7.14 1.52 5.02 1.72 3.38 3.72 2.73 10.38 3.18 11.31 4.24 1.15 
7.71 6.09 4.44 3.75 4.54 7.93 4.72 6.21 6.61 5.82 2.33 2.43 1.99 2.99 2.86 3.62 9.40 2.98 5.96 5.65 1.38 5.32 6.77 2.58 8.52 7.55 2.57 4.82 8.67 6.72 4.99 5.75 7.30 1.64 5.89 5.38 7.42 9.93 5.86 2.60 2.09 2.76 3.48 5.24 3.13 7.98 0.95 7.96 0.93 2.40 
9.84 7.76 5.60 5.96 2.71 9.65 6.60 7.73 7.26 5.69 2.08 4.66 0.36 1.46 2.09 3.12 10.40 4.03 8.17 7.28 3.52 5.21 5.07 0.49 10.01 8.71 1.72 2.95 9.97 8.74 4.23 5.55 8.79 3.35 6.57 4.95 8.05 10.96 6.77 0.75 4.00 1.06 3.29 4.30 2.04 9.65 1.87 10.16 2.94 0.17 
4.16 4.97 5.45 1.36 8.84 6.09 3.45 5.51 7.81 8.44 6.24 2.04 6.43 7.30 6.60 6.85 9.28 4.64 1.97 4.85 3.36 8.04 10.89 7.02 7.29 7.42 6.48 9.13 7.92 3.94 8.48 8.48 6.34 3.77 7.24 8.45 8.45 9.66 6.77 6.93 3.50 7.03 6.85 8.87 6.99 6.33 4.97 3.89 3.80 6.84 
12.45 9.34 6.75 9.22 1.68 11.10 8.87 9.00 6.92 4.44 4.05 8.28 4.39 3.14 6.22 7.15 10.15 8.42 11.32 8.85 6.94 4.25 0.68 3.90 10.87 9.05 5.91 1.46 10.43 11.08 2.68 4.22 9.82 7.60 6.52 3.52 7.48 10.71 7.08 4.77 6.90 4.98 3.78 2.25 5.97 10.95 6.15 13.13 7.02 4.27 
7.46 4.51 2.03 4.52 4.03 6.37 3.87 4.31 3.66 2.88 1.65 4.03 3.32 2.95 5.42 6.38 6.73 6.03 6.45 4.00 2.82 2.40 5.48 3.57 6.49 5.05 5.05 4.29 6.35 6.09 2.75 2.86 5.30 4.60 2.96 2.69 4.47 7.29 3.10 4.41 2.30 4.70 1.22 3.17 5.53 6.29 3.85 8.17 3.83 3.76 
11.58 8.52 5.93 8.32 1.06 10.31 7.99 8.20 6.29 3.88 3.16 7.39 3.63 2.32 5.60 6.58 9.58 7.67 10.42 8.02 6.05 3.62 1.51 3.18 10.14 8.37 5.28 0.97 9.75 10.21 2.02 3.67 9.06 6.78 5.84 2.94 6.91 10.14 6.37 4.14 6.00 4.38 2.92 1.66 5.40 10.17 5.36 12.23 6.18 3.57 
7.64 4.98 2.66 4.36 3.72 6.87 4.11 4.85 4.44 3.50 1.07 3.64 2.60 2.43 4.65 5.60 7.47 5.31 6.42 4.47 2.33 3.01 5.45 2.90 7.09 5.75 4.29 3.99 7.02 6.34 2.99 3.45 5.89 3.92 3.73 3.16 5.24 8.03 3.84 3.68 2.04 3.96 1.35 3.35 4.77 6.82 3.09 8.24 3.15 3.06 
2.71 1.05 3.33 3.28 9.07 1.95 1.41 1.71 4.79 6.52 6.46 4.50 7.65 7.83 8.96 9.60 5.22 7.98 3.09 1.34 4.78 6.33 10.43 8.12 3.06 3.52 8.69 9.34 3.74 1.22 7.51 6.67 2.19 6.60 4.51 7.00 5.14 5.53 3.83 8.58 4.06 8.81 6.24 7.96 9.25 2.13 7.04 3.80 6.13 8.14 
6.12 2.42 1.30 5.08 6.84 3.86 3.11 1.86 1.44 3.27 4.77 5.49 6.43 6.02 8.41 9.31 3.67 8.48 6.10 2.08 4.86 3.21 7.63 6.69 3.54 1.93 8.06 7.05 3.26 4.63 4.67 3.45 2.50 6.96 1.10 3.95 2.03 4.22 0.41 7.51 3.98 7.80 3.93 5.12 8.57 3.66 6.66 7.20 6.24 6.88 
5.96 2.56 3.17 6.22 8.72 2.91 4.00 1.95 2.25 4.74 6.73 6.96 8.38 7.97 10.32 11.19 1.89 10.18 6.62 2.60 6.57 4.83 9.29 8.65 1.96 0.04 9.98 8.92 1.36 4.61 6.40 4.94 1.52 8.67 2.56 5.57 2.08 2.38 2.06 9.46 5.68 9.75 5.86 6.82 10.50 2.58 8.52 7.19 7.99 8.84 
2.19 4.02 5.43 2.19 10.00 4.61 2.97 4.66 7.50 8.69 7.29 3.56 7.86 8.52 8.38 8.73 8.26 6.59 0.04 4.11 4.64 8.37 11.83 8.43 5.96 6.55 8.22 10.28 6.74 2.30 9.15 8.78 5.23 5.59 7.05 8.91 7.99 8.56 6.45 8.52 4.41 8.66 7.60 9.58 8.76 4.91 6.62 2.03 5.47 8.31 
6.72 3.30 3.53 6.88 8.70 3.62 4.68 2.68 1.99 4.50 6.90 7.54 8.61 8.08 10.64 11.53 1.45 10.66 7.37 3.30 7.04 4.67 9.07 8.83 2.52 0.79 10.28 8.88 1.70 5.38 6.27 4.71 2.28 9.14 2.49 5.39 1.57 2.01 2.18 9.69 6.15 9.99 5.92 6.67 10.78 3.28 8.88 7.96 8.44 9.04 
3.81 2.55 2.91 1.34 7.57 4.12 0.92 2.99 5.20 6.11 4.86 2.32 5.75 6.17 6.84 7.44 6.75 5.80 2.66 2.32 2.67 5.77 9.28 6.27 5.05 4.85 6.59 7.85 5.52 2.68 6.54 6.19 3.95 4.41 4.65 6.30 5.82 7.17 4.15 6.59 2.09 6.79 5.02 6.98 7.15 4.26 4.92 4.37 3.96 6.23 
6.85 3.95 1.58 4.00 4.62 5.83 3.26 3.79 3.55 3.21 2.12 3.65 3.67 3.47 5.63 6.54 6.45 5.96 5.87 3.44 2.55 2.77 6.09 3.99 6.01 4.69 5.28 4.88 5.95 5.48 3.32 3.22 4.81 4.48 2.83 3.17 4.36 7.00 2.84 4.74 1.88 5.02 1.83 3.75 5.78 5.76 3.93 7.56 3.72 4.13 
7.40 3.69 2.18 6.23 6.47 4.94 4.37 3.09 0.33 2.32 4.85 6.47 6.60 5.93 8.75 9.71 3.60 9.18 7.38 3.37 5.64 2.43 6.87 6.75 4.32 2.40 8.38 6.64 3.77 5.92 4.03 2.52 3.49 7.68 0.40 3.16 1.14 4.17 0.89 7.68 4.81 7.98 3.76 4.43 8.85 4.68 7.14 8.49 6.93 7.00 
6.05 5.22 4.41 2.00 6.38 6.88 3.63 5.52 6.84 6.75 3.90 0.55 3.91 4.84 4.30 4.76 9.12 3.05 4.13 4.87 1.07 6.29 8.52 4.50 7.73 7.19 4.12 6.67 8.09 5.27 6.38 6.74 6.57 1.66 6.16 6.54 7.60 9.60 5.90 4.44 1.74 4.56 4.75 6.71 4.66 7.01 2.51 6.15 1.37 4.32 
5.83 3.22 4.61 7.05 10.28 2.52 4.84 2.82 3.74 6.25 8.24 8.01 9.86 9.50 11.71 12.54 1.54 11.36 6.98 3.48 7.81 6.37 10.82 10.15 1.09 1.58 11.38 10.48 0.25 4.72 7.95 6.46 1.82 9.87 4.11 7.11 3.38 1.66 3.61 10.92 6.92 11.20 7.40 8.37 11.91 2.16 9.86 7.11 9.24 10.32 
11.51 8.25 5.68 8.52 2.04 9.96 7.92 7.87 5.66 3.16 3.52 7.74 4.37 3.03 6.48 7.48 8.88 8.40 10.53 7.77 6.39 3.01 1.48 4.00 9.66 7.82 6.14 1.99 9.19 10.09 1.49 2.95 8.65 7.38 5.28 2.27 6.21 9.43 5.88 5.01 6.20 5.27 2.89 1.04 6.31 9.79 6.03 12.26 6.73 4.39 
7.34 4.83 2.66 3.97 4.02 6.73 3.86 4.77 4.63 3.87 1.31 3.22 2.61 2.65 4.51 5.43 7.57 4.99 6.06 4.34 1.92 3.38 5.83 2.98 7.04 5.80 4.16 4.30 7.03 6.08 3.41 3.83 5.83 3.57 3.91 3.56 5.44 8.12 3.96 3.65 1.64 3.93 1.77 3.77 4.67 6.70 2.85 7.91 2.80 3.08 
4.00 1.36 1.98 2.70 7.54 3.18 0.57 1.66 3.98 5.27 4.93 3.53 6.16 6.29 7.61 8.32 5.40 6.92 3.58 1.00 3.48 5.02 8.96 6.61 3.86 3.49 7.32 7.80 4.23 2.57 6.06 5.39 2.69 5.46 3.52 5.64 4.53 5.83 2.93 7.12 2.66 7.36 4.73 6.52 7.88 3.23 5.69 4.89 4.89 6.65 
1.55 2.50 4.47 2.79 9.81 2.90 2.05 3.16 6.20 7.76 7.11 4.22 8.04 8.44 9.00 9.51 6.60 7.61 1.75 2.72 4.91 7.51 11.38 8.56 4.25 4.97 8.78 10.08 5.05 0.62 8.53 7.88 3.58 6.38 5.86 8.14 6.59 6.87 5.20 8.86 4.38 9.05 7.12 8.98 9.34 3.20 7.12 2.42 6.07 8.52 
3.55 1.47 2.47 2.39 7.89 3.11 0.16 1.93 4.46 5.77 5.24 3.39 6.38 6.60 7.70 8.36 5.70 6.84 3.08 1.26 3.53 5.50 9.38 6.85 3.97 3.82 7.42 8.16 4.44 2.16 6.51 5.88 2.86 5.41 4.01 6.12 4.99 6.11 3.42 7.30 2.78 7.53 5.13 6.96 7.98 3.22 5.77 4.40 4.90 6.87 
10.29 8.77 6.91 6.25 4.23 10.62 7.41 8.85 8.80 7.40 3.69 4.81 1.98 3.19 0.35 1.38 11.83 2.86 8.38 8.32 4.05 6.91 6.55 2.16 11.16 10.05 0.14 4.42 11.24 9.38 5.97 7.27 9.94 2.88 8.09 6.68 9.60 12.38 8.21 1.12 4.79 0.89 4.96 6.03 0.43 10.67 1.80 10.40 2.90 1.77 
6.62 2.91 1.93 5.77 7.03 4.10 3.77 2.29 0.85 3.10 5.16 6.17 6.87 6.34 8.92 9.84 3.19 9.10 6.73 2.64 5.50 3.14 7.60 7.08 3.54 1.68 8.56 7.22 3.07 5.15 4.70 3.30 2.66 7.59 0.86 3.89 1.35 3.75 0.45 7.95 4.63 8.25 4.20 5.13 9.06 3.85 7.21 7.74 6.86 7.30 
8.64 8.22 7.16 4.76 6.81 9.86 6.63 8.51 9.49 8.82 5.22 3.42 4.11 5.44 2.74 2.52 12.03 0.10 6.51 7.87 3.60 8.32 9.17 4.59 10.73 10.12 2.85 7.05 11.07 8.11 7.87 8.75 9.57 1.50 8.77 8.34 10.28 12.53 8.64 3.85 4.49 3.75 6.44 8.07 3.15 10.00 2.45 8.43 2.25 4.23 
2.50 2.01 4.59 4.73 10.52 0.81 3.02 2.43 5.44 7.55 7.97 6.04 9.24 9.34 10.57 11.21 4.82 9.52 3.92 2.50 6.39 7.44 11.72 9.68 2.25 3.60 10.30 10.78 3.19 1.59 8.76 7.71 2.10 8.17 5.36 8.15 5.58 4.99 4.66 10.18 5.66 10.41 7.63 9.22 10.86 1.17 8.65 3.78 7.73 9.72 
5.41 4.42 3.78 1.41 6.55 6.09 2.83 4.74 6.23 6.37 3.92 0.52 4.27 5.02 4.97 5.50 8.38 3.84 3.62 4.09 1.07 5.93 8.57 4.84 6.94 6.45 4.75 6.83 7.31 4.53 6.22 6.38 5.79 2.44 5.56 6.26 6.96 8.85 5.25 4.94 1.28 5.09 4.57 6.58 5.31 6.21 3.10 5.62 2.03 4.72 
11.55 8.16 5.63 8.76 2.76 9.80 7.98 7.74 5.30 2.79 3.95 8.08 4.97 3.64 7.14 8.15 8.45 8.97 10.70 7.70 6.74 2.75 1.81 4.64 9.40 7.51 6.79 2.72 8.87 10.10 1.51 2.58 8.45 7.89 5.01 2.01 5.79 8.99 5.64 5.68 6.47 5.94 3.12 1.10 6.99 9.61 6.58 12.36 7.20 5.03 
2.25 2.74 4.20 1.90 9.17 3.59 1.71 3.36 6.19 7.48 6.46 3.34 7.28 7.76 8.15 8.64 7.02 6.72 1.36 2.80 4.10 7.19 10.86 7.81 4.84 5.27 7.94 9.45 5.56 1.47 8.08 7.59 4.01 5.50 5.76 7.77 6.68 7.35 5.15 8.06 3.65 8.23 6.60 8.52 8.49 3.85 6.28 2.78 5.21 7.75 
6.18 2.94 0.42 4.02 5.62 4.77 2.64 2.69 2.68 3.18 3.25 4.09 4.83 4.58 6.75 7.63 5.35 6.85 5.56 2.44 3.27 2.87 6.83 5.14 4.87 3.55 6.40 5.86 4.79 4.73 3.90 3.27 3.68 5.34 2.00 3.47 3.46 5.89 1.80 5.89 2.43 6.18 2.70 4.36 6.92 4.68 4.98 7.04 4.61 5.29 
10.63 8.36 6.07 6.80 2.02 10.26 7.30 8.27 7.48 5.66 2.41 5.53 1.12 1.27 2.55 3.53 10.71 4.80 9.01 7.87 4.35 5.21 4.36 0.57 10.51 9.10 2.24 2.22 10.41 9.48 4.01 5.50 9.31 4.23 6.83 4.84 8.25 11.28 7.11 1.10 4.75 1.32 3.41 3.98 2.36 10.23 2.75 10.99 3.83 0.73 
10.15 7.08 4.49 7.02 1.71 8.87 6.57 6.77 5.04 2.82 2.01 6.21 3.10 1.82 5.36 6.38 8.35 7.03 9.07 6.58 4.87 2.45 2.80 2.86 8.75 7.02 4.99 1.88 8.40 8.78 1.01 2.63 7.65 5.93 4.52 1.91 5.72 8.92 5.00 3.93 4.70 4.22 1.48 1.02 5.26 8.74 4.63 10.84 5.25 3.24 
9.18 5.55 3.32 7.22 4.84 6.99 5.81 5.02 2.28 0.34 4.06 7.03 5.74 4.74 8.05 9.06 5.43 9.07 8.78 5.14 5.90 0.81 4.84 5.71 6.43 4.50 7.67 4.96 5.85 7.69 2.23 0.54 5.57 7.68 2.10 1.28 2.76 5.98 2.79 6.76 5.27 7.06 2.77 2.54 8.05 6.76 6.77 10.16 6.91 6.04 
9.85 6.76 4.18 6.76 1.99 8.55 6.26 6.45 4.77 2.61 1.84 5.99 3.09 1.88 5.39 6.41 8.07 6.95 8.79 6.26 4.65 2.21 3.09 2.91 8.43 6.72 5.01 2.17 8.10 8.47 0.93 2.43 7.33 5.80 4.23 1.74 5.46 8.64 4.70 3.98 4.44 4.28 1.18 1.08 5.31 8.43 4.55 10.55 5.10 3.28 
8.38 5.54 3.06 5.17 3.02 7.40 4.82 5.34 4.42 3.04 0.77 4.43 2.52 1.94 4.76 5.76 7.61 5.79 7.22 5.03 3.10 2.54 4.64 2.66 7.50 6.01 4.39 3.28 7.33 7.05 2.22 2.94 6.33 4.49 3.75 2.53 5.21 8.18 4.01 3.59 2.85 3.90 0.63 2.56 4.81 7.32 3.45 9.02 3.74 2.90 
3.21 0.54 3.10 3.82 9.01 1.55 1.74 1.14 4.27 6.17 6.48 4.95 7.79 7.84 9.24 9.93 4.55 8.41 3.75 1.01 5.08 6.02 10.24 8.22 2.46 2.87 8.95 9.27 3.09 1.76 7.29 6.32 1.53 6.99 4.06 6.72 4.57 4.87 3.36 8.76 4.29 8.99 6.12 7.74 9.51 1.64 7.31 4.37 6.47 8.27 
4.65 2.09 3.97 5.89 9.89 1.38 3.71 1.84 3.82 6.22 7.64 6.93 9.17 8.96 10.88 11.66 2.66 10.34 5.74 2.43 6.85 6.24 10.69 9.51 0.48 1.64 10.56 10.12 1.05 3.49 7.75 6.42 0.74 8.87 3.97 6.99 3.72 2.88 3.35 10.21 5.99 10.47 6.96 8.19 11.11 1.02 8.99 5.93 8.28 9.64 
9.56 6.53 3.95 6.44 2.10 8.34 5.98 6.24 4.70 2.68 1.53 5.66 2.87 1.73 5.18 6.21 8.00 6.66 8.48 6.03 4.32 2.24 3.39 2.74 8.27 6.60 4.80 2.31 7.97 8.19 1.17 2.51 7.15 5.49 4.13 1.86 5.42 8.57 4.57 3.80 4.12 4.11 0.90 1.39 5.13 8.22 4.26 10.25 4.79 3.09 
10.64 9.31 7.54 6.59 4.84 11.14 7.91 9.42 9.47 8.10 4.39 5.14 2.69 3.88 0.39 0.70 12.47 2.68 8.67 8.87 4.53 7.61 7.13 2.84 11.73 10.67 0.76 5.02 11.85 9.81 6.67 7.97 10.51 3.07 8.77 7.39 10.28 13.02 8.86 1.78 5.31 1.51 5.66 6.72 0.49 11.20 2.28 10.67 3.25 2.46 
3.16 1.79 2.95 2.07 8.21 3.21 0.46 2.33 4.97 6.25 5.52 3.23 6.56 6.87 7.74 8.36 6.09 6.71 2.58 1.69 3.56 5.97 9.77 7.05 4.21 4.25 7.48 8.48 4.76 1.87 6.93 6.36 3.18 5.33 4.52 6.57 5.49 6.48 3.92 7.44 2.90 7.65 5.51 7.38 8.04 3.37 5.82 3.94 4.88 7.04 
3.94 5.13 5.81 1.75 9.33 6.12 3.69 5.70 8.14 8.85 6.72 2.53 6.92 7.79 7.04 7.25 9.46 4.99 1.74 5.06 3.84 8.46 11.37 7.51 7.37 7.62 6.93 9.62 8.05 3.89 8.94 8.90 6.48 4.21 7.58 8.89 8.75 9.82 7.08 7.41 3.96 7.50 7.32 9.33 7.44 6.38 5.44 3.54 4.28 7.32 
4.16 1.58 1.88 2.59 7.34 3.41 0.61 1.84 3.99 5.17 4.71 3.35 5.94 6.08 7.38 8.10 5.54 6.72 3.62 1.19 3.26 4.90 8.78 6.38 4.07 3.62 7.09 7.60 4.41 2.75 5.91 5.28 2.89 5.25 3.49 5.51 4.57 5.99 2.94 6.89 2.44 7.13 4.55 6.36 7.65 3.46 5.46 5.00 4.68 6.43 
5.43 2.27 0.62 3.48 6.27 4.15 1.91 2.14 3.00 3.89 3.78 3.78 5.24 5.14 7.00 7.82 5.25 6.81 4.86 1.77 3.20 3.60 7.56 5.61 4.41 3.35 6.67 6.52 4.47 3.98 4.65 3.99 3.20 5.30 2.40 4.22 3.71 5.76 1.99 6.27 2.30 6.54 3.38 5.10 7.20 4.09 5.15 6.30 4.61 5.72 
7.10 6.65 5.80 3.16 6.70 8.26 5.04 6.97 8.20 7.86 4.57 1.83 4.00 5.18 3.56 3.74 10.57 1.67 5.01 6.32 2.26 7.38 8.98 4.57 9.16 8.64 3.49 6.97 9.54 6.51 7.21 7.82 8.02 0.79 7.50 7.52 8.98 11.05 7.29 4.17 3.10 4.19 5.65 7.49 3.96 8.41 2.26 6.98 1.32 4.28 
6.98 5.18 3.56 3.16 4.77 7.03 3.84 5.28 5.81 5.27 2.21 2.05 2.55 3.24 3.77 4.54 8.51 3.69 5.37 4.73 0.72 4.78 6.85 3.10 7.59 6.64 3.47 5.06 7.75 5.91 4.71 5.23 6.38 2.21 5.09 4.95 6.61 9.04 5.00 3.36 1.20 3.57 3.10 5.03 4.03 7.07 1.87 7.33 1.45 3.02 
7.97 4.97 2.44 5.00 3.57 6.82 4.38 4.73 3.78 2.62 1.40 4.43 3.15 2.60 5.35 6.33 6.95 6.18 6.95 4.47 3.17 2.13 4.97 3.32 6.86 5.34 4.97 3.82 6.67 6.59 2.26 2.57 5.70 4.80 3.10 2.30 4.57 7.51 3.34 4.23 2.74 4.53 0.70 2.67 5.42 6.72 3.91 8.68 4.04 3.55 
5.41 2.12 3.19 5.88 8.94 2.35 3.65 1.57 2.69 5.12 6.83 6.72 8.44 8.11 10.29 11.13 2.21 10.01 6.15 2.24 6.43 5.17 9.63 8.74 1.51 0.55 9.96 9.16 1.18 4.08 6.71 5.32 0.97 8.51 2.89 5.91 2.61 2.62 2.30 9.50 5.54 9.78 6.04 7.14 10.49 2.03 8.45 6.65 7.86 8.90 
8.83 6.81 4.76 4.97 3.28 8.70 5.61 6.81 6.61 5.34 1.59 3.71 0.71 1.77 2.47 3.45 9.65 3.70 7.18 6.33 2.52 4.84 5.57 1.29 9.11 7.90 2.10 3.55 9.13 7.73 4.15 5.23 7.89 2.70 5.91 4.72 7.42 10.21 6.03 1.59 2.99 1.85 2.88 4.33 2.58 8.70 1.31 9.16 2.14 1.17 
8.39 5.19 2.60 5.62 3.50 6.97 4.80 4.87 3.42 1.94 1.88 5.13 3.61 2.82 5.88 6.89 6.69 6.86 7.51 4.69 3.88 1.44 4.56 3.68 6.87 5.21 5.50 3.71 6.58 6.97 1.69 1.87 5.76 5.50 2.80 1.59 4.19 7.26 3.18 4.67 3.40 4.98 0.66 2.13 5.92 6.84 4.55 9.16 4.74 3.97 
8.91 5.69 3.10 6.10 3.10 7.45 5.32 5.35 3.68 1.83 1.94 5.54 3.59 2.63 5.90 6.92 6.98 7.07 8.01 5.20 4.26 1.34 4.05 3.58 7.30 5.59 5.52 3.30 6.97 7.49 1.18 1.71 6.21 5.76 3.12 1.25 4.41 7.55 3.57 4.61 3.85 4.92 0.66 1.62 5.90 7.31 4.71 9.68 5.01 3.89 
5.27 2.27 0.87 3.22 6.32 4.16 1.71 2.21 3.27 4.11 3.77 3.53 5.17 5.14 6.86 7.67 5.45 6.61 4.63 1.77 2.99 3.81 7.68 5.56 4.51 3.54 6.54 6.57 4.62 3.85 4.79 4.20 3.29 5.09 2.66 4.40 3.97 5.96 2.25 6.19 2.10 6.45 3.47 5.24 7.08 4.13 5.00 6.11 4.42 5.65 
11.90 8.89 6.31 8.58 0.97 10.69 8.33 8.59 6.71 4.30 3.40 7.60 3.67 2.42 5.53 6.48 9.99 7.70 10.70 8.40 6.26 4.04 1.40 3.18 10.54 8.78 5.22 0.77 10.16 10.55 2.43 4.09 9.46 6.88 6.25 3.36 7.33 10.56 6.78 4.08 6.27 4.29 3.28 2.08 5.30 10.56 5.43 12.54 6.31 3.56 
3.84 2.49 2.83 1.42 7.53 4.08 0.86 2.92 5.11 6.03 4.82 2.37 5.73 6.13 6.85 7.46 6.67 5.84 2.73 2.24 2.68 5.69 9.22 6.25 4.99 4.77 6.59 7.81 5.46 2.69 6.48 6.11 3.89 4.44 4.57 6.23 5.73 7.10 4.06 6.58 2.07 6.78 4.96 6.91 7.15 4.22 4.93 4.42 3.98 6.22 
9.47 6.03 3.52 6.98 3.56 7.66 5.94 5.59 3.32 0.95 3.01 6.54 4.59 3.50 6.91 7.93 6.59 8.16 8.78 5.57 5.29 0.65 3.82 4.51 7.31 5.46 6.53 3.69 6.83 8.01 0.97 0.75 6.32 6.85 2.92 0.18 3.93 7.15 3.53 5.57 4.81 5.87 1.75 1.35 6.88 7.48 5.80 10.34 6.10 4.85 
12.84 9.73 7.14 9.59 1.94 11.49 9.25 9.38 7.27 4.78 4.41 8.63 4.66 3.44 6.40 7.31 10.50 8.66 11.69 9.24 7.29 4.61 0.55 4.15 11.24 9.42 6.11 1.69 10.80 11.46 3.05 4.57 10.21 7.89 6.89 3.88 7.83 11.05 7.46 4.98 7.27 5.17 4.17 2.62 6.14 11.33 6.43 13.51 7.33 4.51 
5.48 1.77 1.61 4.83 7.45 3.14 2.71 1.17 2.00 3.99 5.26 5.43 6.86 6.55 8.73 9.59 3.47 8.58 5.62 1.49 4.97 3.92 8.32 7.16 2.91 1.57 8.39 7.67 2.76 4.00 5.36 4.17 1.81 7.07 1.79 4.66 2.41 3.98 1.09 7.92 4.08 8.20 4.52 5.81 8.92 2.95 6.91 6.59 6.39 7.32 
12.08 8.91 6.33 8.93 1.72 10.66 8.49 8.56 6.43 3.94 3.80 8.05 4.34 3.03 6.29 7.25 9.66 8.38 11.00 8.42 6.70 3.77 0.86 3.89 10.40 8.57 5.97 1.56 9.95 10.69 2.20 3.73 9.37 7.49 6.04 3.04 6.99 10.21 6.61 4.82 6.61 5.05 3.41 1.77 6.07 10.50 6.07 12.78 6.88 4.27 
10.76 7.41 4.86 7.99 2.63 9.08 7.19 7.00 4.70 2.21 3.28 7.34 4.48 3.18 6.72 7.74 7.92 8.39 9.91 6.94 6.01 2.07 2.40 4.21 8.73 6.87 6.36 2.67 8.25 9.32 0.73 1.99 7.74 7.25 4.35 1.32 5.25 8.48 4.96 5.28 5.70 5.56 2.35 0.37 6.61 8.90 5.99 11.57 6.54 4.60 
9.29 7.70 5.87 5.28 4.05 9.55 6.35 7.78 7.84 6.61 2.86 3.86 1.38 2.72 1.28 2.20 10.81 2.69 7.44 7.24 3.00 6.11 6.40 1.82 10.09 9.01 0.95 4.29 10.19 8.34 5.35 6.50 8.87 2.16 7.13 5.97 8.65 11.35 7.20 1.22 3.71 1.26 4.15 5.48 1.50 9.59 0.80 9.46 1.96 1.46 
3.16 0.69 3.27 3.99 9.20 1.34 1.94 1.21 4.34 6.29 6.68 5.14 7.99 8.04 9.44 10.13 4.47 8.61 3.83 1.18 5.29 6.16 10.41 8.42 2.30 2.84 9.16 9.46 2.97 1.75 7.45 6.45 1.44 7.19 4.16 6.86 4.60 4.77 3.46 8.96 4.50 9.20 6.31 7.90 9.71 1.45 7.52 4.36 6.67 8.48 
9.98 7.29 4.83 6.47 1.40 9.17 6.48 7.11 5.96 4.04 1.33 5.43 1.71 0.39 3.94 4.96 9.23 5.73 8.63 6.79 4.10 3.59 3.53 1.43 9.26 7.71 3.57 1.68 9.06 8.71 2.41 3.87 8.09 4.76 5.34 3.21 6.70 9.80 5.69 2.51 4.19 2.80 1.90 2.44 3.84 9.09 3.37 10.52 4.15 1.81 
9.38 5.75 3.51 7.40 4.79 7.18 6.01 5.22 2.44 0.38 4.12 7.19 5.78 4.75 8.10 9.12 5.56 9.17 8.98 5.35 6.05 0.88 4.70 5.74 6.61 4.68 7.72 4.90 6.02 7.89 2.17 0.51 5.76 7.80 2.29 1.22 2.89 6.10 2.98 6.79 5.43 7.10 2.83 2.46 8.09 6.95 6.86 10.36 7.03 6.07 
4.77 2.38 4.26 6.17 10.17 1.46 4.00 2.14 4.00 6.44 7.93 7.22 9.47 9.25 11.19 11.96 2.56 10.64 5.95 2.73 7.16 6.47 10.93 9.81 0.20 1.79 10.87 10.39 0.92 3.67 8.00 6.64 1.05 9.17 4.20 7.22 3.85 2.72 3.59 10.51 6.29 10.77 7.24 8.43 11.41 1.10 9.30 6.05 8.59 9.94 
8.19 7.16 5.80 4.14 5.47 8.92 5.65 7.37 8.05 7.29 3.69 2.69 2.74 4.02 2.21 2.61 10.74 1.51 6.20 6.76 2.34 6.79 7.80 3.28 9.65 8.85 2.11 5.73 9.90 7.41 6.35 7.21 8.45 0.63 7.33 6.80 8.85 11.26 7.26 2.77 3.23 2.78 4.90 6.56 2.61 9.01 0.98 8.20 0.91 2.96 
5.27 2.75 1.51 2.64 6.11 4.63 1.71 2.82 3.96 4.49 3.46 2.80 4.68 4.82 6.23 7.00 6.20 5.86 4.32 2.28 2.26 4.13 7.68 5.12 5.13 4.28 5.92 6.38 5.31 3.94 4.89 4.56 3.91 4.35 3.32 4.64 4.68 6.70 2.97 5.65 1.36 5.90 3.41 5.33 6.47 4.64 4.33 5.97 3.69 5.17 
9.07 6.61 4.30 5.44 2.45 8.51 5.63 6.50 5.83 4.31 0.66 4.36 1.12 0.93 3.42 4.44 9.00 4.83 7.62 6.11 3.04 3.82 4.60 1.27 8.74 7.35 3.04 2.73 8.65 7.84 3.02 4.18 7.54 3.75 5.16 3.63 6.62 9.57 5.38 2.18 3.21 2.49 1.87 3.19 3.43 8.46 2.43 9.54 3.10 1.49 
7.57 4.83 2.48 4.37 3.80 6.72 4.01 4.69 4.23 3.35 1.21 3.71 2.79 2.57 4.85 5.80 7.27 5.49 6.40 4.33 2.43 2.86 5.46 3.08 6.92 5.56 4.49 4.08 6.84 6.25 2.93 3.30 5.72 4.08 3.52 3.04 5.04 7.83 3.64 3.87 2.06 4.16 1.29 3.31 4.97 6.66 3.28 8.20 3.31 3.24 
11.05 7.63 5.11 8.36 2.96 9.26 7.49 7.20 4.75 2.24 3.72 7.74 4.91 3.61 7.15 8.16 7.91 8.83 10.26 7.17 6.43 2.19 2.35 4.63 8.85 6.95 6.79 2.96 8.32 9.60 1.11 2.03 7.89 7.69 4.45 1.46 5.24 8.45 5.09 5.69 6.09 5.97 2.76 0.81 7.02 9.06 6.43 11.88 6.98 5.02 
4.06 1.64 2.01 2.45 7.40 3.44 0.49 1.94 4.14 5.31 4.76 3.25 5.94 6.12 7.35 8.05 5.67 6.64 3.47 1.28 3.21 5.02 8.87 6.40 4.15 3.75 7.06 7.66 4.51 2.67 6.01 5.41 2.98 5.17 3.64 5.63 4.72 6.11 3.09 6.89 2.40 7.12 4.63 6.46 7.62 3.50 5.43 4.88 4.61 6.43 
3.39 0.56 2.65 3.29 8.47 2.19 1.13 1.17 4.15 5.84 5.89 4.35 7.17 7.26 8.60 9.29 4.88 7.80 3.54 0.67 4.45 5.65 9.77 7.61 3.01 3.08 8.31 8.72 3.53 1.90 6.84 5.98 1.94 6.37 3.83 6.32 4.55 5.26 3.16 8.13 3.66 8.37 5.60 7.29 8.87 2.27 6.68 4.45 5.84 7.66 
4.23 0.61 2.49 4.38 8.49 1.91 2.15 0.19 3.26 5.29 6.09 5.30 7.55 7.44 9.21 9.98 3.73 8.68 4.68 0.77 5.17 5.19 9.53 7.93 2.15 1.92 8.90 8.73 2.46 2.79 6.56 5.46 0.94 7.20 3.11 5.92 3.54 4.12 2.41 8.57 4.31 8.83 5.56 7.02 9.44 1.80 7.31 5.40 6.60 8.03 
7.61 3.99 3.37 7.18 7.85 4.68 5.11 3.33 1.15 3.48 6.32 7.63 8.07 7.38 10.21 11.16 2.24 10.52 7.99 3.84 6.94 3.72 8.03 8.22 3.68 1.78 9.84 8.01 2.88 6.19 5.32 3.69 3.25 9.01 1.83 4.40 0.43 2.80 1.88 9.15 6.07 9.45 5.22 5.69 10.32 4.36 8.57 8.80 8.28 8.47 
11.81 8.68 6.09 8.63 1.45 10.44 8.22 8.33 6.29 3.83 3.49 7.73 4.03 2.72 6.01 6.98 9.55 8.08 10.71 8.18 6.39 3.62 1.17 3.59 10.21 8.41 5.68 1.33 9.79 10.42 2.03 3.61 9.16 7.17 5.87 2.90 6.88 10.10 6.43 4.54 6.30 4.78 3.14 1.62 5.80 10.29 5.76 12.50 6.56 3.97 
7.64 4.43 1.84 5.03 4.20 6.22 4.06 4.12 3.00 2.17 2.19 4.69 3.93 3.35 6.10 7.07 6.17 6.78 6.83 3.93 3.53 1.72 5.33 4.10 6.17 4.59 5.73 4.43 5.94 6.22 2.42 2.17 5.03 5.35 2.31 2.14 3.80 6.73 2.58 5.01 2.93 5.31 1.26 2.87 6.19 6.10 4.59 8.45 4.58 4.33 
7.48 4.53 5.17 8.30 10.23 4.17 6.07 3.99 3.48 5.87 8.54 9.07 10.25 9.68 12.29 13.19 0.22 12.27 8.49 4.65 8.66 6.11 10.40 10.46 2.76 2.15 11.94 10.40 1.80 6.31 7.72 6.09 3.22 10.76 4.08 6.80 2.82 0.41 3.83 11.34 7.76 11.63 7.52 8.09 12.44 3.81 10.54 8.76 10.07 10.68 
0.45 4.16 6.35 4.20 11.66 3.75 3.95 4.79 7.91 9.62 8.95 5.65 9.77 10.26 10.50 10.89 7.76 8.78 2.19 4.48 6.56 9.39 13.28 10.31 5.18 6.39 10.31 11.94 6.12 1.92 10.43 9.75 4.90 7.74 7.65 10.03 8.22 7.92 6.97 10.51 6.15 10.68 9.02 10.88 10.86 4.11 8.68 0.87 7.56 10.23 
9.60 6.03 3.66 7.38 4.22 7.55 6.14 5.54 2.94 0.43 3.72 7.06 5.33 4.24 7.65 8.67 6.11 8.85 9.07 5.60 5.86 0.66 4.16 5.25 7.06 5.15 7.27 4.32 6.51 8.11 1.60 0.25 6.15 7.51 2.68 0.67 3.44 6.66 3.35 6.31 5.30 6.61 2.44 1.87 7.62 7.34 6.50 10.53 6.75 5.59 
8.26 7.74 6.68 4.33 6.56 9.39 6.15 8.03 9.01 8.39 4.83 2.96 3.84 5.14 2.74 2.70 11.54 0.52 6.14 7.39 3.11 7.89 8.91 4.34 10.25 9.63 2.79 6.81 10.59 7.67 7.49 8.32 9.09 1.02 8.30 7.93 9.80 12.04 8.16 3.69 4.00 3.63 6.03 7.71 3.16 9.53 2.11 8.09 1.77 4.00 
3.61 0.30 2.52 3.54 8.42 2.10 1.33 0.88 3.89 5.65 5.88 4.55 7.21 7.25 8.70 9.42 4.61 7.98 3.82 0.45 4.58 5.48 9.66 7.63 2.80 2.79 8.41 8.67 3.28 2.12 6.71 5.80 1.70 6.53 3.61 6.17 4.28 4.99 2.93 8.19 3.76 8.43 5.53 7.17 8.96 2.14 6.78 4.70 5.98 7.69 
3.54 0.86 3.35 4.50 9.34 1.05 2.38 1.09 4.09 6.19 6.88 5.61 8.27 8.24 9.80 10.52 3.95 9.06 4.35 1.35 5.68 6.10 10.43 8.67 1.78 2.40 9.51 9.58 2.44 2.20 7.46 6.36 0.94 7.62 4.00 6.82 4.28 4.24 3.30 9.26 4.86 9.51 6.41 7.92 10.06 1.04 7.89 4.77 7.08 8.75 
9.72 6.97 4.48 6.28 1.63 8.84 6.19 6.77 5.59 3.71 1.10 5.30 1.88 0.69 4.17 5.19 8.86 5.82 8.42 6.46 3.96 3.26 3.60 1.70 8.91 7.35 3.80 1.91 8.70 8.42 2.15 3.55 7.75 4.78 4.97 2.90 6.34 9.43 5.33 2.77 3.98 3.07 1.53 2.24 4.10 8.76 3.43 10.29 4.13 2.06 
