8.10 6.40 4.63 4.15 4.21 8.25 5.06 6.48 6.72 5.79 2.17 2.82 1.61 2.68 2.56 3.39 9.59 3.03 6.36 5.95 1.76 5.28 6.47 2.20 8.80 7.76 2.25 4.49 8.91 7.09 4.83 5.70 7.58 1.83 6.01 5.28 7.53 10.13 6.02 2.20 2.42 2.38 3.39 5.06 2.80 8.29 0.75 8.36 1.21 2.01 
6.35 3.57 4.67 7.39 10.17 3.04 5.16 3.10 3.51 6.02 8.24 8.28 9.89 9.46 11.82 12.67 1.00 11.58 7.43 3.77 8.00 6.18 10.59 10.16 1.63 1.54 11.47 10.36 0.67 5.21 7.78 6.23 2.19 10.08 3.96 6.90 3.06 1.17 3.54 10.97 7.10 11.25 7.34 8.18 12.00 2.68 9.99 7.63 9.43 10.34 
5.94 4.65 3.64 2.00 5.95 6.39 3.12 4.89 6.06 5.99 3.34 0.92 3.68 4.42 4.49 5.10 8.41 3.66 4.21 4.27 0.46 5.53 8.00 4.25 7.15 6.49 4.26 6.24 7.45 4.99 5.71 5.99 5.97 2.17 5.38 5.82 6.83 8.91 5.14 4.37 0.96 4.54 4.07 6.06 4.82 6.49 2.59 6.20 1.62 4.13 
7.67 4.81 2.37 4.59 3.75 6.69 4.09 4.63 3.99 3.04 1.30 3.98 2.97 2.62 5.09 6.05 7.08 5.79 6.58 4.31 2.72 2.55 5.30 3.22 6.83 5.40 4.72 4.02 6.70 6.32 2.68 3.00 5.64 4.39 3.29 2.75 4.80 7.64 3.45 4.06 2.30 4.35 1.07 3.08 5.19 6.61 3.56 8.34 3.62 3.41 
1.72 4.06 5.69 2.69 10.45 4.42 3.20 4.71 7.65 8.98 7.73 4.08 8.36 8.98 8.91 9.26 8.20 7.11 0.52 4.21 5.13 8.68 12.24 8.92 5.81 6.56 8.75 10.73 6.64 2.12 9.52 9.08 5.18 6.12 7.25 9.24 8.11 8.47 6.63 9.03 4.86 9.17 7.99 9.95 9.28 4.74 7.14 1.52 6.00 8.81 
9.01 8.09 6.70 4.99 5.70 9.84 6.57 8.30 8.91 8.00 4.31 3.54 3.03 4.37 1.68 1.78 11.65 1.05 6.96 7.70 3.28 7.50 8.06 3.48 10.58 9.77 1.74 5.93 10.83 8.29 6.91 7.91 9.39 1.38 8.19 7.45 9.72 12.17 8.14 2.71 4.16 2.62 5.57 7.08 2.10 9.94 1.52 8.94 1.84 3.11 
5.45 4.22 3.44 1.56 6.32 5.93 2.66 4.50 5.89 6.02 3.66 0.87 4.13 4.81 4.99 5.58 8.09 4.05 3.77 3.86 0.91 5.58 8.30 4.69 6.73 6.16 4.76 6.61 7.07 4.49 5.90 6.04 5.56 2.60 5.22 5.93 6.63 8.57 4.92 4.86 0.94 5.03 4.26 6.27 5.32 6.04 3.09 5.74 2.10 4.59 
7.85 6.30 4.68 3.86 4.60 8.14 4.91 6.43 6.85 6.04 2.50 2.49 1.98 3.07 2.65 3.39 9.64 2.76 6.05 5.87 1.54 5.54 6.86 2.57 8.74 7.78 2.38 4.87 8.90 6.89 5.16 5.97 7.52 1.47 6.13 5.58 7.66 10.17 6.10 2.49 2.30 2.64 3.67 5.41 2.94 8.19 0.73 8.06 0.82 2.36 
1.35 4.26 6.08 3.25 10.98 4.37 3.59 4.92 7.94 9.37 8.26 4.65 8.92 9.52 9.48 9.81 8.27 7.65 1.08 4.47 5.69 9.09 12.74 9.48 5.80 6.71 9.32 11.26 6.67 2.14 9.99 9.48 5.28 6.68 7.57 9.68 8.35 8.50 6.93 9.60 5.40 9.74 8.48 10.42 9.85 4.71 7.71 0.95 6.57 9.37 
5.34 3.65 2.72 1.84 6.13 5.44 2.19 3.87 5.17 5.40 3.41 1.58 4.20 4.67 5.36 6.04 7.40 4.69 3.91 3.25 1.19 4.98 7.98 4.72 6.14 5.48 5.09 6.41 6.42 4.23 5.43 5.43 4.95 3.20 4.50 5.37 5.91 7.89 4.20 5.04 0.55 5.24 3.81 5.83 5.65 5.51 3.44 5.79 2.60 4.67 
3.76 0.33 2.37 3.55 8.28 2.21 1.33 0.80 3.76 5.50 5.75 4.52 7.10 7.12 8.62 9.34 4.56 7.94 3.92 0.30 4.50 5.33 9.51 7.51 2.84 2.72 8.32 8.53 3.27 2.26 6.56 5.65 1.70 6.48 3.46 6.01 4.15 4.95 2.78 8.08 3.67 8.33 5.39 7.02 8.88 2.22 6.70 4.83 5.92 7.58 
6.03 2.43 0.74 4.64 6.45 4.06 2.80 1.97 1.82 3.20 4.27 4.97 5.91 5.55 7.86 8.75 4.23 7.92 5.81 2.00 4.31 3.06 7.38 6.19 3.92 2.45 7.51 6.67 3.73 4.54 4.41 3.35 2.79 6.40 1.28 3.77 2.51 4.77 0.79 6.98 3.43 7.27 3.52 4.86 8.02 3.90 6.09 7.04 5.68 6.36 
7.16 3.76 1.21 4.96 5.00 5.49 3.65 3.39 2.26 2.17 2.99 4.86 4.71 4.18 6.83 7.77 5.36 7.30 6.56 3.28 3.86 1.86 5.96 4.91 5.37 3.76 6.46 5.22 5.11 5.69 3.00 2.26 4.25 5.82 1.55 2.48 3.07 5.92 1.75 5.79 3.12 6.09 2.08 3.46 6.94 5.35 5.22 8.05 5.06 5.13 
8.91 8.10 6.79 4.91 5.94 9.83 6.56 8.33 9.02 8.17 4.49 3.48 3.26 4.60 1.90 1.91 11.72 0.81 6.85 7.72 3.31 7.67 8.30 3.72 10.60 9.83 1.98 6.17 10.87 8.24 7.11 8.09 9.41 1.32 8.31 7.64 9.83 12.24 8.24 2.96 4.20 2.86 5.75 7.29 2.32 9.94 1.69 8.82 1.88 3.35 
6.60 5.27 4.04 2.61 5.52 7.05 3.78 5.48 6.40 6.06 3.04 1.31 3.11 3.98 3.81 4.43 8.91 3.14 4.82 4.88 0.47 5.59 7.66 3.69 7.76 7.01 3.58 5.81 8.02 5.67 5.57 6.04 6.57 1.63 5.70 5.78 7.19 9.42 5.53 3.73 1.37 3.88 3.95 5.89 4.14 7.14 1.91 6.82 0.98 3.53 
9.91 6.64 4.06 7.05 2.53 8.37 6.32 6.27 4.28 1.97 2.43 6.40 3.80 2.60 6.11 7.13 7.58 7.60 9.00 6.16 5.09 1.63 3.08 3.64 8.14 6.35 5.73 2.67 7.73 8.48 0.24 1.77 7.09 6.39 3.82 1.05 4.93 8.14 4.36 4.71 4.77 5.01 1.42 0.62 6.04 8.22 5.20 10.68 5.67 4.00 
5.68 4.57 3.76 1.70 6.28 6.27 3.01 4.86 6.20 6.23 3.67 0.63 3.99 4.75 4.71 5.26 8.45 3.69 3.91 4.22 0.79 5.78 8.32 4.56 7.09 6.52 4.48 6.56 7.43 4.78 6.01 6.24 5.92 2.24 5.52 6.09 6.95 8.93 5.25 4.65 1.15 4.81 4.37 6.37 5.04 6.39 2.82 5.90 1.79 4.43 
5.95 6.16 5.90 2.36 7.90 7.56 4.54 6.60 8.35 8.44 5.55 1.62 5.28 6.36 4.99 5.12 10.33 2.84 3.78 5.92 2.78 7.98 10.12 5.86 8.63 8.41 4.93 8.18 9.14 5.58 8.08 8.44 7.56 2.20 7.69 8.25 9.08 10.77 7.36 5.56 3.37 5.60 6.45 8.40 5.40 7.76 3.61 5.69 2.51 5.61 
4.13 1.02 1.83 3.15 7.62 2.91 0.97 1.22 3.62 5.08 5.07 3.97 6.39 6.43 7.93 8.67 4.94 7.33 3.92 0.58 3.84 4.86 8.93 6.81 3.47 3.03 7.63 7.88 3.80 2.66 6.01 5.21 2.28 5.86 3.20 5.52 4.14 5.38 2.58 7.38 3.00 7.63 4.76 6.46 8.18 2.92 6.02 5.10 5.27 6.88 
7.48 4.24 4.53 7.89 9.42 4.25 5.68 3.64 2.68 5.05 7.79 8.57 9.51 8.91 11.59 12.50 0.69 11.68 8.29 4.29 8.06 5.30 9.58 9.70 2.94 1.72 11.23 9.58 1.96 6.21 6.90 5.27 3.07 10.16 3.30 5.98 2.00 1.22 3.12 10.60 7.17 10.90 6.74 7.27 11.72 3.89 9.87 8.74 9.46 9.93 
9.64 6.87 4.38 6.22 1.72 8.74 6.10 6.67 5.49 3.62 1.03 5.26 1.93 0.78 4.22 5.25 8.76 5.84 8.35 6.37 3.91 3.17 3.64 1.77 8.81 7.25 3.85 1.99 8.59 8.34 2.09 3.47 7.64 4.77 4.87 2.83 6.24 9.33 5.22 2.84 3.91 3.14 1.43 2.20 4.16 8.65 3.45 10.21 4.12 2.12 
7.63 4.19 4.06 7.66 8.73 4.50 5.50 3.55 2.02 4.34 7.18 8.23 8.92 8.26 11.03 11.96 1.40 11.24 8.25 4.14 7.63 4.60 8.86 9.08 3.31 1.70 10.67 8.89 2.39 6.28 6.20 4.56 3.18 9.73 2.68 5.27 1.30 1.94 2.60 10.00 6.75 10.30 6.09 6.56 11.15 4.15 9.35 8.87 9.00 9.33 
10.10 8.25 6.21 6.13 3.29 10.13 7.00 8.26 7.96 6.45 2.80 4.75 1.05 2.20 1.35 2.37 11.06 3.54 8.32 7.78 3.76 5.96 5.63 1.16 10.56 9.33 0.99 3.50 10.58 9.08 4.98 6.31 9.34 3.14 7.27 5.71 8.76 11.62 7.43 0.24 4.36 0.40 4.03 5.03 1.28 10.15 1.73 10.33 2.90 0.78 
7.39 3.68 2.52 6.49 6.94 4.76 4.54 3.05 0.19 2.70 5.34 6.81 7.08 6.42 9.23 10.18 3.12 9.60 7.51 3.42 6.04 2.86 7.27 7.24 4.03 2.07 8.86 7.11 3.40 5.92 4.47 2.91 3.30 8.10 0.85 3.58 0.69 3.69 1.07 8.17 5.19 8.47 4.25 4.86 9.34 4.48 7.60 8.52 7.35 7.49 
4.95 1.23 1.85 4.54 7.82 2.66 2.35 0.62 2.53 4.51 5.52 5.27 7.06 6.84 8.84 9.66 3.59 8.53 5.17 1.02 4.94 4.42 8.78 7.40 2.60 1.66 8.51 8.05 2.63 3.47 5.81 4.68 1.42 7.02 2.33 5.14 2.89 4.05 1.63 8.11 4.05 8.38 4.88 6.27 9.05 2.49 6.98 6.07 6.38 7.53 
7.40 3.74 1.75 5.84 5.82 5.20 4.15 3.21 1.04 1.92 4.14 5.94 5.88 5.22 8.05 9.01 4.28 8.53 7.17 3.35 5.04 1.91 6.37 6.04 4.76 2.93 7.68 6.00 4.31 5.91 3.46 2.11 3.81 7.04 0.40 2.65 1.84 4.85 1.00 6.97 4.24 7.27 3.06 3.88 8.14 4.99 6.46 8.42 6.28 6.28 
4.52 0.85 1.80 3.99 7.80 2.59 1.79 0.53 2.99 4.78 5.38 4.77 6.84 6.73 8.53 9.31 4.11 8.09 4.62 0.48 4.53 4.64 8.90 7.22 2.83 2.20 8.21 8.04 3.03 3.03 5.94 4.93 1.61 6.59 2.70 5.34 3.42 4.56 2.02 7.87 3.66 8.13 4.87 6.40 8.75 2.50 6.64 5.60 5.97 7.32 
6.35 5.00 3.83 2.39 5.65 6.77 3.51 5.22 6.21 5.97 3.10 1.16 3.30 4.11 4.09 4.71 8.67 3.38 4.60 4.61 0.28 5.50 7.74 3.87 7.49 6.76 3.85 5.93 7.76 5.40 5.56 5.95 6.30 1.87 5.51 5.73 6.99 9.18 5.32 3.97 1.13 4.13 3.93 5.90 4.41 6.86 2.18 6.59 1.25 3.74 
5.92 2.34 0.65 4.50 6.46 4.01 2.66 1.91 1.96 3.30 4.24 4.85 5.86 5.53 7.79 8.67 4.31 7.81 5.68 1.90 4.20 3.14 7.43 6.15 3.92 2.50 7.44 6.69 3.76 4.43 4.46 3.45 2.77 6.29 1.42 3.84 2.64 4.85 0.93 6.93 3.32 7.22 3.52 4.92 7.96 3.86 6.01 6.92 5.58 6.32 
3.21 2.10 3.08 1.75 8.14 3.51 0.64 2.63 5.18 6.36 5.44 2.94 6.40 6.77 7.51 8.11 6.40 6.42 2.40 1.98 3.35 6.06 9.76 6.91 4.53 4.54 7.26 8.41 5.08 2.01 6.96 6.46 3.49 5.06 4.71 6.64 5.73 6.79 4.13 7.26 2.73 7.46 5.50 7.40 7.82 3.68 5.60 3.90 4.63 6.89 
7.79 6.04 4.30 3.86 4.32 7.90 4.71 6.13 6.43 5.59 2.08 2.58 1.83 2.77 2.92 3.73 9.26 3.21 6.08 5.59 1.44 5.09 6.53 2.41 8.44 7.42 2.61 4.60 8.57 6.76 4.74 5.52 7.22 1.90 5.71 5.13 7.24 9.80 5.70 2.52 2.07 2.71 3.23 4.99 3.16 7.94 1.06 8.07 1.18 2.26 
7.62 4.86 2.50 4.43 3.76 6.75 4.06 4.72 4.22 3.30 1.19 3.77 2.79 2.54 4.86 5.82 7.27 5.53 6.46 4.36 2.49 2.81 5.41 3.07 6.94 5.57 4.50 4.03 6.85 6.29 2.87 3.26 5.74 4.13 3.51 2.99 5.03 7.83 3.64 3.87 2.12 4.16 1.23 3.25 4.98 6.69 3.31 8.25 3.36 3.23 
7.04 5.97 4.79 2.99 5.68 7.71 4.44 6.20 7.13 6.68 3.42 1.54 3.08 4.14 3.31 3.82 9.66 2.40 5.12 5.59 1.22 6.20 7.92 3.67 8.47 7.75 3.13 5.96 8.75 6.21 6.04 6.64 7.28 0.88 6.42 6.34 7.92 10.17 6.27 3.49 2.12 3.59 4.46 6.32 3.67 7.81 1.54 7.13 0.38 3.44 
2.05 3.60 5.06 2.08 9.78 4.22 2.58 4.24 7.09 8.33 7.06 3.51 7.72 8.32 8.36 8.75 7.84 6.68 0.47 3.69 4.50 8.02 11.56 8.28 5.56 6.13 8.18 10.06 6.33 1.93 8.85 8.43 4.81 5.60 6.65 8.58 7.57 8.14 6.05 8.42 4.20 8.57 7.32 9.28 8.72 4.52 6.56 2.15 5.43 8.18 
11.71 8.74 6.17 8.36 0.73 10.55 8.14 8.45 6.65 4.27 3.18 7.37 3.43 2.18 5.30 6.26 9.94 7.46 10.49 8.24 6.03 3.99 1.64 2.94 10.43 8.69 4.99 0.57 10.07 10.37 2.38 4.06 9.33 6.63 6.17 3.32 7.28 10.50 6.67 3.85 6.05 4.07 3.11 2.06 5.08 10.42 5.19 12.33 6.06 3.32 
10.94 8.11 5.57 7.50 0.43 9.95 7.40 7.86 6.35 4.14 2.33 6.48 2.56 1.28 4.56 5.55 9.65 6.60 9.65 7.60 5.15 3.77 2.53 2.11 9.93 8.27 4.22 0.69 9.64 9.63 2.28 3.94 8.80 5.74 5.80 3.21 7.04 10.22 6.24 3.09 5.21 3.34 2.50 2.11 4.38 9.85 4.30 11.52 5.16 2.50 
8.26 5.50 3.08 4.97 3.11 7.38 4.71 5.33 4.57 3.28 0.62 4.19 2.35 1.92 4.57 5.56 7.72 5.54 7.05 5.00 2.86 2.78 4.82 2.55 7.53 6.08 4.19 3.38 7.39 6.94 2.47 3.19 6.34 4.23 3.89 2.78 5.37 8.29 4.11 3.44 2.65 3.74 0.88 2.80 4.63 7.31 3.21 8.87 3.48 2.76 
3.98 2.49 2.69 1.50 7.38 4.13 0.87 2.88 5.00 5.88 4.67 2.35 5.61 5.99 6.76 7.38 6.63 5.80 2.89 2.21 2.58 5.54 9.06 6.12 5.00 4.71 6.50 7.66 5.44 2.81 6.32 5.96 3.88 4.39 4.44 6.07 5.63 7.06 3.95 6.47 1.94 6.67 4.81 6.75 7.06 4.25 4.84 4.58 3.91 6.09 
3.93 2.35 2.62 1.62 7.43 3.99 0.73 2.74 4.90 5.84 4.72 2.50 5.70 6.05 6.88 7.51 6.49 5.95 2.91 2.07 2.70 5.51 9.08 6.20 4.86 4.58 6.62 7.71 5.29 2.72 6.32 5.92 3.73 4.53 4.36 6.05 5.52 6.92 3.85 6.57 2.03 6.78 4.82 6.76 7.18 4.11 4.96 4.56 4.04 6.18 
4.06 4.23 4.56 0.47 8.17 5.52 2.65 4.73 6.93 7.56 5.51 1.52 5.89 6.65 6.34 6.72 8.51 4.69 2.06 4.06 2.70 7.17 10.15 6.47 6.63 6.62 6.18 8.46 7.21 3.53 7.66 7.61 5.62 3.58 6.35 7.60 7.58 8.91 5.89 6.49 2.70 6.62 6.04 8.06 6.72 5.73 4.58 4.08 3.43 6.32 
1.41 2.66 4.63 2.84 9.94 2.99 2.20 3.31 6.36 7.92 7.24 4.28 8.15 8.56 9.08 9.57 6.73 7.64 1.66 2.88 5.00 7.67 11.53 8.67 4.35 5.11 8.86 10.22 5.17 0.68 8.69 8.04 3.71 6.44 6.02 8.29 6.75 6.99 5.36 8.96 4.49 9.14 7.27 9.14 9.42 3.29 7.20 2.26 6.14 8.63 
10.47 9.43 7.83 6.44 5.62 11.22 7.95 9.59 9.89 8.68 4.93 4.99 3.31 4.57 1.05 0.34 12.79 2.08 8.42 9.01 4.59 8.18 7.93 3.55 11.89 10.95 1.40 5.81 12.07 9.73 7.33 8.56 10.68 2.84 9.18 8.01 10.70 13.33 9.22 2.52 5.44 2.28 6.22 7.41 1.31 11.30 2.47 10.40 3.21 3.16 
7.38 3.75 1.66 5.74 5.69 5.25 4.09 3.23 1.19 1.89 3.99 5.82 5.73 5.08 7.89 8.85 4.42 8.38 7.10 3.34 4.90 1.84 6.28 5.89 4.84 3.03 7.52 5.88 4.42 5.89 3.36 2.06 3.87 6.90 0.53 2.58 2.00 4.99 1.06 6.81 4.11 7.11 2.91 3.79 7.99 5.04 6.30 8.39 6.14 6.13 
0.46 3.30 5.60 4.01 11.11 2.86 3.30 3.92 7.05 8.83 8.42 5.46 9.37 9.75 10.28 10.75 6.86 8.76 2.36 3.65 6.22 8.63 12.63 9.88 4.30 5.49 10.07 11.38 5.23 1.12 9.74 8.97 3.99 7.61 6.81 9.29 7.33 7.03 6.12 10.18 5.70 10.36 8.38 10.20 10.62 3.22 8.41 1.74 7.34 9.84 
4.91 5.34 5.44 1.51 8.29 6.62 3.74 5.82 7.87 8.26 5.76 1.52 5.80 6.74 5.84 6.07 9.59 3.85 2.75 5.15 2.86 7.83 10.41 6.39 7.75 7.69 5.73 8.57 8.32 4.57 8.13 8.28 6.73 3.00 7.25 8.18 8.55 10.01 6.84 6.23 3.19 6.31 6.49 8.49 6.23 6.84 4.26 4.68 3.10 6.18 
5.26 1.57 2.03 4.96 7.90 2.75 2.78 0.92 2.24 4.38 5.69 5.67 7.28 6.99 9.12 9.96 3.19 8.89 5.57 1.43 5.29 4.34 8.75 7.59 2.46 1.26 8.79 8.13 2.35 3.80 5.80 4.56 1.37 7.38 2.15 5.08 2.52 3.67 1.46 8.34 4.40 8.62 4.97 6.24 9.32 2.53 7.29 6.41 6.72 7.74 
2.65 4.26 5.46 1.92 9.78 4.98 3.06 4.88 7.61 8.68 7.09 3.22 7.57 8.28 8.01 8.32 8.54 6.15 0.45 4.29 4.36 8.34 11.67 8.15 6.30 6.79 7.86 10.07 7.05 2.69 9.05 8.76 5.52 5.20 7.13 8.86 8.14 8.86 6.56 8.19 4.21 8.32 7.47 9.46 8.39 5.27 6.27 2.41 5.12 8.01 
8.82 6.00 3.51 5.53 2.56 7.86 5.26 5.79 4.76 3.17 0.62 4.70 2.26 1.52 4.56 5.58 7.99 5.80 7.62 5.49 3.36 2.68 4.26 2.32 7.95 6.42 4.18 2.83 7.76 7.50 2.06 3.05 6.78 4.57 4.11 2.53 5.54 8.56 4.41 3.31 3.21 3.62 0.73 2.34 4.58 7.78 3.41 9.44 3.85 2.60 
6.60 2.90 1.51 5.46 6.61 4.28 3.55 2.33 1.01 2.85 4.69 5.79 6.39 5.88 8.45 9.37 3.66 8.66 6.56 2.56 5.07 2.83 7.28 6.61 3.85 2.09 8.09 6.81 3.46 5.11 4.34 3.03 2.88 7.14 0.63 3.57 1.69 4.22 0.08 7.48 4.20 7.77 3.75 4.78 8.58 4.06 6.74 7.68 6.41 6.82 
8.88 7.59 5.99 4.84 4.82 9.40 6.15 7.74 8.11 7.09 3.37 3.38 2.11 3.44 1.47 2.08 10.95 1.93 6.95 7.17 2.77 6.59 7.17 2.60 10.04 9.10 1.30 5.06 10.22 8.03 5.97 6.99 8.83 1.46 7.39 6.52 8.92 11.49 7.39 1.97 3.59 1.96 4.65 6.13 1.83 9.47 0.64 8.96 1.48 2.24 
2.37 2.10 4.69 4.71 10.60 0.94 3.05 2.54 5.57 7.66 8.04 6.04 9.29 9.41 10.60 11.22 4.95 9.51 3.84 2.59 6.42 7.55 11.82 9.74 2.37 3.73 10.33 10.86 3.31 1.52 8.86 7.83 2.23 8.17 5.48 8.26 5.71 5.11 4.78 10.22 5.70 10.45 7.71 9.32 10.89 1.30 8.67 3.66 7.74 9.77 
7.20 3.51 1.78 5.85 6.19 4.89 4.06 2.95 0.75 2.25 4.47 6.05 6.21 5.58 8.35 9.29 3.91 8.74 7.07 3.15 5.21 2.27 6.73 6.38 4.40 2.55 7.98 6.38 3.93 5.71 3.83 2.44 3.48 7.24 0.03 3.02 1.56 4.48 0.69 7.29 4.38 7.59 3.42 4.25 8.45 4.66 6.72 8.26 6.49 6.62 
9.36 6.61 4.14 5.94 2.00 8.48 5.83 6.42 5.33 3.57 0.76 5.00 1.89 0.91 4.20 5.23 8.58 5.70 8.07 6.10 3.65 3.09 3.89 1.82 8.57 7.04 3.83 2.27 8.38 8.06 2.16 3.42 7.40 4.59 4.70 2.82 6.10 9.15 5.02 2.86 3.63 3.17 1.26 2.32 4.17 8.40 3.30 9.93 3.92 2.14 
0.18 3.89 6.13 4.17 11.52 3.45 3.77 4.52 7.65 9.39 8.82 5.63 9.68 10.13 10.47 10.89 7.46 8.82 2.26 4.23 6.49 9.17 13.10 10.21 4.88 6.10 10.28 11.80 5.82 1.67 10.24 9.52 4.60 7.75 7.39 9.82 7.94 7.62 6.71 10.45 6.04 10.62 8.85 10.69 10.83 3.81 8.64 1.16 7.53 10.15 
11.60 8.44 5.85 8.48 1.57 10.19 8.01 8.09 6.02 3.55 3.37 7.62 4.03 2.70 6.08 7.06 9.27 8.08 10.54 7.95 6.27 3.35 1.33 3.62 9.95 8.14 5.74 1.49 9.52 10.21 1.76 3.34 8.91 7.13 5.60 2.63 6.60 9.83 6.17 4.61 6.15 4.85 2.93 1.34 5.89 10.04 5.74 12.31 6.50 4.01 
8.67 4.98 3.03 7.09 5.66 6.28 5.45 4.40 1.45 1.18 4.59 7.08 6.32 5.42 8.59 9.59 4.54 9.40 8.47 4.62 6.06 1.51 5.72 6.36 5.63 3.68 8.22 5.79 5.01 7.17 3.07 1.40 4.84 7.96 1.45 2.13 1.87 5.10 2.15 7.37 5.33 7.68 3.33 3.41 8.63 6.03 7.19 9.71 7.19 6.66 
