2.93 0.86 3.41 3.87 9.31 1.38 1.89 1.43 4.56 6.48 6.76 5.06 8.03 8.12 9.43 10.10 4.69 8.53 3.62 1.32 5.27 6.34 10.55 8.47 2.46 3.08 9.15 9.56 3.17 1.51 7.60 6.64 1.66 7.13 4.37 7.03 4.84 4.98 3.67 8.99 4.50 9.22 6.43 8.06 9.71 1.54 7.51 4.12 6.64 8.52 
11.82 8.73 6.15 8.58 1.24 10.51 8.23 8.41 6.43 3.99 3.42 7.66 3.87 2.57 5.81 6.77 9.70 7.91 10.68 8.24 6.31 3.76 1.25 3.41 10.32 8.53 5.49 1.10 9.91 10.45 2.15 3.78 9.25 7.03 5.99 3.06 7.03 10.26 6.54 4.34 6.26 4.58 3.15 1.77 5.60 10.37 5.61 12.48 6.44 3.79 
5.24 3.12 2.08 2.19 6.12 4.97 1.82 3.28 4.53 4.92 3.41 2.22 4.44 4.74 5.82 6.56 6.76 5.31 4.06 2.70 1.74 4.53 7.82 4.92 5.58 4.84 5.53 6.40 5.82 4.01 5.14 4.97 4.37 3.81 3.88 4.98 5.26 7.25 3.55 5.36 0.88 5.59 3.58 5.56 6.09 5.01 3.91 5.83 3.18 4.93 
7.44 4.38 4.91 8.11 9.92 4.15 5.89 3.82 3.17 5.56 8.25 8.86 9.96 9.38 12.01 12.91 0.20 12.03 8.38 4.48 8.41 5.80 10.09 10.17 2.77 1.93 11.65 10.09 1.79 6.23 7.41 5.78 3.11 10.51 3.77 6.49 2.51 0.71 3.55 11.05 7.51 11.34 7.22 7.78 12.15 3.79 10.26 8.71 9.82 10.39 
4.54 4.31 4.31 0.54 7.64 5.74 2.68 4.75 6.73 7.20 4.99 0.99 5.34 6.11 5.83 6.24 8.51 4.29 2.60 4.08 2.15 6.79 9.64 5.91 6.77 6.60 5.65 7.92 7.28 3.88 7.21 7.23 5.71 3.09 6.12 7.18 7.41 8.94 5.70 5.95 2.22 6.08 5.57 7.59 6.19 5.92 4.04 4.61 2.90 5.77 
9.22 7.10 4.96 5.38 2.89 8.99 5.95 7.07 6.69 5.27 1.55 4.13 0.32 1.41 2.46 3.47 9.80 3.98 7.59 6.61 2.93 4.78 5.20 0.87 9.35 8.08 2.08 3.16 9.33 8.10 3.96 5.15 8.14 3.07 6.00 4.60 7.49 10.35 6.16 1.35 3.35 1.64 2.82 4.09 2.50 8.98 1.63 9.57 2.54 0.80 
7.49 6.23 4.85 3.45 5.22 8.02 4.75 6.42 7.12 6.49 3.07 2.02 2.58 3.69 2.87 3.46 9.78 2.37 5.61 5.83 1.40 6.00 7.48 3.17 8.71 7.89 2.66 5.50 8.94 6.61 5.72 6.44 7.51 0.93 6.41 6.08 7.92 10.30 6.31 2.98 2.27 3.09 4.19 5.98 3.21 8.10 1.03 7.62 0.20 2.93 
4.93 1.72 1.03 3.37 6.83 3.60 1.50 1.64 3.12 4.31 4.33 3.88 5.74 5.69 7.42 8.22 5.00 7.08 4.51 1.21 3.48 4.07 8.11 6.13 3.94 3.08 7.10 7.08 4.08 3.47 5.18 4.43 2.72 5.57 2.60 4.71 3.75 5.49 2.07 6.76 2.59 7.02 3.94 5.64 7.64 3.56 5.54 5.85 4.91 6.22 
5.81 3.70 2.30 2.48 5.57 5.56 2.43 3.81 4.71 4.77 2.86 2.12 3.83 4.16 5.25 6.01 7.15 4.91 4.51 3.25 1.29 4.34 7.36 4.31 6.12 5.25 4.95 5.85 6.30 4.60 4.78 4.79 4.90 3.39 4.02 4.72 5.47 7.66 3.79 4.75 0.40 4.98 3.17 5.18 5.50 5.59 3.35 6.34 2.71 4.32 
3.74 3.98 4.48 0.49 8.34 5.21 2.44 4.50 6.82 7.55 5.67 1.81 6.12 6.84 6.65 7.04 8.28 5.02 1.78 3.84 2.91 7.18 10.28 6.69 6.35 6.41 6.48 8.63 6.95 3.20 7.74 7.61 5.37 3.90 6.25 7.63 7.44 8.67 5.77 6.76 2.81 6.90 6.13 8.14 7.02 5.43 4.86 3.79 3.72 6.56 
6.31 4.12 2.45 2.88 5.09 6.00 2.92 4.19 4.78 4.58 2.37 2.29 3.35 3.67 4.86 5.66 7.39 4.73 4.96 3.66 1.18 4.12 6.92 3.82 6.50 5.52 4.54 5.37 6.63 5.10 4.42 4.58 5.28 3.22 4.07 4.44 5.56 7.92 3.92 4.29 0.56 4.53 2.79 4.80 5.09 6.02 2.98 6.82 2.49 3.83 
12.59 9.50 6.91 9.32 1.67 11.27 9.00 9.17 7.11 4.63 4.14 8.36 4.40 3.17 6.17 7.09 10.35 8.41 11.43 9.01 7.02 4.44 0.73 3.89 11.05 9.24 5.88 1.43 10.62 11.22 2.86 4.42 10.00 7.62 6.70 3.72 7.68 10.90 7.27 4.74 7.00 4.94 3.93 2.44 5.92 11.12 6.17 13.25 7.06 4.26 
7.12 5.99 4.74 3.08 5.55 7.74 4.47 6.21 7.07 6.58 3.29 1.64 2.94 4.00 3.23 3.76 9.64 2.43 5.22 5.59 1.20 6.09 7.78 3.53 8.48 7.73 3.03 5.82 8.75 6.28 5.91 6.54 7.29 0.92 6.36 6.23 7.87 10.15 6.22 3.37 2.09 3.48 4.34 6.19 3.58 7.84 1.42 7.24 0.29 3.31 
5.88 3.08 1.16 3.26 5.56 4.97 2.30 3.01 3.56 3.85 2.97 3.22 4.36 4.34 6.10 6.94 6.08 6.02 4.98 2.58 2.42 3.48 7.05 4.75 5.31 4.22 5.77 5.83 5.36 4.51 4.24 3.91 4.09 4.50 2.87 3.98 4.32 6.61 2.64 5.38 1.55 5.65 2.79 4.68 6.30 4.94 4.27 6.62 3.79 4.84 
9.32 8.28 6.79 5.29 5.41 10.06 6.79 8.47 8.94 7.92 4.19 3.84 2.80 4.13 1.28 1.46 11.75 1.41 7.30 7.87 3.45 7.42 7.77 3.20 10.76 9.88 1.35 5.64 10.97 8.57 6.75 7.82 9.56 1.70 8.22 7.33 9.74 12.28 8.20 2.37 4.31 2.25 5.47 6.89 1.70 10.15 1.47 9.29 2.05 2.82 
4.93 2.49 1.64 2.45 6.45 4.36 1.37 2.62 4.05 4.75 3.79 2.78 4.98 5.15 6.46 7.21 6.12 5.97 4.02 2.04 2.40 4.40 8.01 5.43 4.92 4.19 6.16 6.72 5.16 3.60 5.21 4.82 3.71 4.47 3.44 4.94 4.75 6.61 3.03 5.94 1.53 6.18 3.75 5.65 6.71 4.39 4.55 5.64 3.84 5.46 
3.47 1.37 2.52 2.47 8.00 2.99 0.28 1.85 4.46 5.82 5.35 3.50 6.50 6.71 7.82 8.49 5.63 6.95 3.08 1.19 3.65 5.56 9.47 6.97 3.86 3.76 7.55 8.27 4.35 2.07 6.59 5.93 2.77 5.53 4.03 6.18 4.98 6.03 3.42 7.43 2.90 7.65 5.23 7.04 8.11 3.10 5.90 4.35 5.02 6.99 
7.74 4.16 3.63 7.42 8.07 4.75 5.32 3.50 1.40 3.67 6.58 7.88 8.32 7.63 10.47 11.42 2.07 10.79 8.18 4.03 7.20 3.93 8.19 8.47 3.69 1.85 10.10 8.23 2.85 6.34 5.53 3.88 3.35 9.27 2.09 4.60 0.63 2.61 2.14 9.41 6.33 9.71 5.46 5.89 10.58 4.42 8.83 8.94 8.54 8.72 
9.00 7.77 6.18 4.96 4.93 9.57 6.31 7.92 8.30 7.28 3.56 3.50 2.25 3.58 1.36 1.91 11.14 1.81 7.05 7.34 2.94 6.78 7.29 2.71 10.22 9.29 1.24 5.17 10.40 8.17 6.14 7.18 9.01 1.50 7.59 6.70 9.11 11.68 7.59 2.02 3.77 1.98 4.84 6.30 1.74 9.65 0.83 9.05 1.61 2.35 
9.37 7.83 6.02 5.34 4.17 9.68 6.46 7.92 8.00 6.78 3.03 3.92 1.53 2.87 1.13 2.03 10.97 2.58 7.50 7.38 3.10 6.28 6.53 1.95 10.23 9.16 0.82 4.40 10.34 8.44 5.52 6.67 9.01 2.14 7.29 6.14 8.81 11.51 7.36 1.26 3.84 1.26 4.32 5.64 1.38 9.72 0.87 9.51 2.01 1.57 
5.39 5.06 4.69 1.41 7.22 6.57 3.43 5.45 7.14 7.32 4.69 0.47 4.77 5.68 5.03 5.39 9.16 3.41 3.38 4.78 1.80 6.87 9.34 5.35 7.55 7.23 4.88 7.51 8.01 4.76 7.09 7.32 6.45 2.24 6.49 7.19 7.87 9.61 6.15 5.27 2.22 5.37 5.45 7.45 5.40 6.74 3.32 5.38 2.15 5.17 
10.08 7.40 4.93 6.56 1.31 9.27 6.58 7.21 6.04 4.10 1.43 5.52 1.72 0.39 3.92 4.94 9.32 5.75 8.73 6.90 4.19 3.66 3.47 1.41 9.36 7.81 3.56 1.59 9.16 8.81 2.44 3.93 8.20 4.81 5.43 3.26 6.79 9.89 5.79 2.48 4.29 2.77 1.99 2.46 3.81 9.20 3.40 10.62 4.21 1.80 
7.30 3.61 2.73 6.61 7.32 4.55 4.59 2.96 0.57 3.06 5.70 7.01 7.43 6.79 9.56 10.51 2.74 9.87 7.53 3.40 6.29 3.24 7.64 7.60 3.73 1.77 9.20 7.49 3.06 5.85 4.85 3.28 3.09 8.36 1.20 3.95 0.51 3.31 1.24 8.52 5.43 8.82 4.62 5.24 9.68 4.26 7.91 8.46 7.62 7.84 
4.91 1.21 2.04 4.67 8.00 2.51 2.46 0.56 2.57 4.63 5.71 5.43 7.25 7.03 9.03 9.85 3.44 8.70 5.22 1.08 5.12 4.56 8.94 7.59 2.41 1.52 8.70 8.23 2.44 3.45 5.97 4.81 1.23 7.20 2.43 5.29 2.88 3.90 1.73 8.30 4.23 8.57 5.07 6.42 9.24 2.33 7.17 6.06 6.56 7.72 
3.49 1.78 2.66 2.06 7.89 3.36 0.20 2.26 4.74 5.95 5.21 3.10 6.27 6.56 7.51 8.15 6.03 6.57 2.83 1.59 3.33 5.66 9.44 6.76 4.27 4.15 7.24 8.16 4.76 2.17 6.61 6.05 3.18 5.16 4.27 6.26 5.30 6.44 3.69 7.17 2.63 7.38 5.18 7.06 7.80 3.49 5.58 4.26 4.67 6.76 
8.74 5.06 3.04 7.07 5.48 6.40 5.49 4.49 1.60 1.00 4.45 7.03 6.17 5.26 8.45 9.46 4.72 9.30 8.49 4.69 5.98 1.34 5.55 6.20 5.78 3.83 8.08 5.61 5.17 7.25 2.89 1.22 4.96 7.86 1.54 1.95 2.05 5.27 2.24 7.22 5.27 7.53 3.19 3.23 8.49 6.15 7.07 9.77 7.09 6.51 
2.47 1.73 4.32 4.44 10.23 0.92 2.70 2.20 5.27 7.32 7.67 5.74 8.92 9.03 10.25 10.89 4.85 9.21 3.72 2.22 6.07 7.19 11.45 9.37 2.33 3.51 9.98 10.48 3.23 1.39 8.49 7.48 2.00 7.86 5.15 7.90 5.44 5.05 4.45 9.86 5.34 10.09 7.34 8.95 10.54 1.25 8.33 3.74 7.41 9.41 
6.95 4.66 2.72 3.46 4.45 6.55 3.54 4.66 4.87 4.33 1.74 2.69 2.76 3.02 4.44 5.30 7.68 4.65 5.58 4.18 1.40 3.85 6.33 3.21 6.96 5.85 4.11 4.74 7.03 5.73 3.94 4.30 5.74 3.18 4.15 4.07 5.67 8.22 4.11 3.75 1.14 4.00 2.30 4.30 4.64 6.55 2.65 7.46 2.41 3.25 
6.02 4.96 4.05 2.00 6.14 6.66 3.40 5.23 6.47 6.37 3.59 0.67 3.75 4.59 4.34 4.88 8.79 3.32 4.19 4.60 0.72 5.91 8.24 4.33 7.47 6.87 4.13 6.42 7.80 5.15 6.03 6.37 6.30 1.86 5.78 6.18 7.23 9.28 5.54 4.36 1.37 4.50 4.40 6.38 4.69 6.78 2.49 6.19 1.41 4.18 
6.82 3.36 3.46 6.88 8.57 3.75 4.70 2.72 1.85 4.34 6.80 7.51 8.51 7.96 10.55 11.45 1.55 10.61 7.42 3.33 6.99 4.52 8.92 8.72 2.68 0.88 10.19 8.75 1.86 5.46 6.12 4.56 2.39 9.09 2.36 5.24 1.41 2.11 2.09 9.59 6.10 9.89 5.80 6.52 10.69 3.41 8.81 8.05 8.39 8.94 
2.71 2.93 4.07 1.41 8.80 3.98 1.64 3.52 6.19 7.33 6.09 2.85 6.84 7.37 7.66 8.15 7.25 6.23 1.41 2.91 3.64 7.01 10.55 7.38 5.17 5.44 7.46 9.09 5.84 1.95 7.82 7.42 4.26 5.01 5.72 7.56 6.73 7.61 5.14 7.60 3.24 7.77 6.30 8.26 8.01 4.21 5.80 3.11 4.72 7.31 
9.10 6.58 4.23 5.52 2.35 8.47 5.64 6.46 5.70 4.14 0.56 4.48 1.28 0.87 3.59 4.61 8.89 5.01 7.69 6.08 3.14 3.65 4.46 1.38 8.68 7.25 3.21 2.64 8.56 7.86 2.84 4.01 7.48 3.92 5.03 3.45 6.49 9.45 5.28 2.33 3.26 2.64 1.71 3.01 3.59 8.42 2.61 9.60 3.26 1.63 
10.60 8.62 6.47 6.66 2.89 10.51 7.43 8.59 8.09 6.41 2.91 5.30 1.23 2.04 1.69 2.65 11.25 4.08 8.86 8.14 4.26 5.95 5.20 1.04 10.88 9.57 1.40 3.07 10.84 9.54 4.83 6.26 9.66 3.72 7.41 5.62 8.87 11.82 7.63 0.34 4.80 0.46 4.07 4.83 1.48 10.51 2.31 10.86 3.47 0.77 
9.69 8.07 6.19 5.67 3.93 9.93 6.73 8.13 8.10 6.77 3.03 4.25 1.41 2.71 0.99 1.98 11.11 2.85 7.84 7.61 3.40 6.28 6.28 1.73 10.44 9.33 0.62 4.15 10.52 8.74 5.42 6.65 9.22 2.50 7.39 6.09 8.90 11.66 7.49 0.92 4.10 0.91 4.32 5.52 1.14 9.96 1.20 9.85 2.35 1.34 
10.45 8.40 6.23 6.54 2.69 10.30 7.24 8.37 7.82 6.14 2.65 5.20 1.00 1.77 1.89 2.88 10.99 4.18 8.75 7.92 4.12 5.67 5.02 0.76 10.64 9.32 1.57 2.88 10.60 9.37 4.56 5.99 9.43 3.72 7.15 5.35 8.60 11.56 7.37 0.43 4.63 0.67 3.80 4.57 1.71 10.29 2.27 10.74 3.41 0.52 
1.99 2.15 4.70 4.40 10.55 1.33 2.88 2.67 5.76 7.77 7.95 5.75 9.14 9.32 10.38 10.97 5.32 9.21 3.43 2.61 6.20 7.63 11.84 9.61 2.76 4.02 10.12 10.81 3.69 1.13 8.89 7.93 2.51 7.90 5.62 8.33 5.95 5.50 4.92 10.05 5.51 10.27 7.69 9.35 10.68 1.68 8.45 3.27 7.49 9.63 
8.83 7.07 5.18 4.87 3.78 8.94 5.77 7.12 7.14 5.96 2.22 3.52 1.06 2.32 1.97 2.90 10.11 3.08 7.07 6.61 2.49 5.46 6.11 1.62 9.43 8.32 1.62 4.04 9.51 7.82 4.79 5.86 8.21 2.19 6.43 5.36 7.95 10.66 6.50 1.47 3.12 1.65 3.51 4.96 2.16 8.97 0.72 9.08 1.75 1.36 
0.95 2.83 5.00 3.38 10.44 2.79 2.65 3.48 6.58 8.27 7.75 4.83 8.69 9.08 9.63 10.12 6.68 8.17 1.97 3.13 5.55 8.04 11.98 9.21 4.20 5.17 9.41 10.71 5.08 0.59 9.11 8.40 3.71 6.98 6.30 8.69 6.92 6.91 5.62 9.50 5.03 9.69 7.73 9.57 9.97 3.12 7.75 2.02 6.69 9.17 
0.84 2.88 5.19 3.78 10.73 2.57 2.92 3.51 6.64 8.42 8.05 5.22 9.04 9.39 10.02 10.52 6.53 8.58 2.34 3.23 5.92 8.22 12.23 9.55 4.00 5.11 9.79 11.00 4.91 0.70 9.34 8.56 3.62 7.38 6.39 8.87 6.93 6.73 5.71 9.87 5.37 10.06 7.99 9.79 10.35 2.92 8.13 2.07 7.08 9.52 
8.29 5.98 3.81 4.64 3.24 7.88 4.91 5.93 5.61 4.43 0.79 3.58 1.44 1.73 3.47 4.44 8.66 4.42 6.82 5.49 2.25 3.93 5.34 1.84 8.20 6.93 3.10 3.53 8.18 7.10 3.45 4.34 6.99 3.18 4.91 3.89 6.42 9.22 5.04 2.50 2.42 2.78 2.00 3.70 3.58 7.86 2.06 8.75 2.47 1.92 
7.16 4.18 1.72 4.32 4.36 6.05 3.57 3.98 3.47 2.93 1.95 3.93 3.59 3.27 5.63 6.57 6.48 6.11 6.20 3.68 2.78 2.48 5.77 3.86 6.17 4.77 5.27 4.62 6.06 5.78 2.99 2.93 4.98 4.65 2.76 2.85 4.28 7.04 2.85 4.67 2.17 4.96 1.52 3.42 5.76 5.97 4.00 7.89 3.88 4.04 
4.57 2.12 4.06 5.90 10.00 1.28 3.74 1.90 3.94 6.34 7.73 6.95 9.25 9.05 10.95 11.72 2.74 10.38 5.70 2.48 6.90 6.36 10.81 9.60 0.41 1.77 10.63 10.22 1.11 3.44 7.87 6.54 0.82 8.91 4.10 7.11 3.85 2.94 3.47 10.28 6.05 10.55 7.07 8.31 11.18 0.92 9.05 5.85 8.33 9.72 
2.97 1.83 4.38 4.94 10.36 0.35 3.07 2.14 5.06 7.23 7.86 6.20 9.19 9.23 10.62 11.28 4.35 9.68 4.30 2.33 6.45 7.15 11.48 9.62 1.78 3.15 10.33 10.61 2.71 1.97 8.51 7.40 1.66 8.29 5.01 7.87 5.15 4.52 4.32 10.16 5.68 10.40 7.45 8.97 10.89 0.70 8.69 4.25 7.81 9.68 
0.75 3.61 5.63 3.34 10.81 3.60 3.17 4.27 7.34 8.91 8.10 4.79 8.90 9.40 9.64 10.06 7.52 7.98 1.46 3.87 5.69 8.66 12.47 9.44 5.03 6.00 9.46 11.09 5.91 1.42 9.65 9.03 4.55 6.91 7.02 9.28 7.71 7.74 6.36 9.65 5.28 9.81 8.20 10.10 10.00 3.94 7.81 1.25 6.70 9.37 
10.37 8.05 5.73 6.59 1.89 9.95 7.02 7.95 7.13 5.33 2.07 5.36 0.96 0.93 2.74 3.75 10.36 4.86 8.80 7.55 4.14 4.88 4.25 0.38 10.18 8.76 2.41 2.12 10.07 9.21 3.70 5.17 8.98 4.18 6.49 4.51 7.91 10.93 6.77 1.27 4.49 1.54 3.07 3.70 2.59 9.91 2.70 10.77 3.73 0.71 
3.80 3.01 3.36 0.84 7.70 4.49 1.40 3.47 5.68 6.50 4.98 1.97 5.73 6.25 6.65 7.19 7.24 5.44 2.38 2.80 2.55 6.14 9.49 6.27 5.48 5.34 6.42 7.98 5.99 2.84 6.83 6.57 4.41 4.11 5.12 6.64 6.31 7.66 4.63 6.51 2.12 6.69 5.26 7.25 6.98 4.66 4.76 4.22 3.73 6.20 
6.91 6.60 5.86 3.02 6.96 8.17 4.98 6.94 8.28 8.02 4.79 1.76 4.27 5.44 3.83 3.98 10.57 1.82 4.80 6.28 2.37 7.54 9.24 4.84 9.11 8.64 3.77 7.23 9.51 6.37 7.42 7.99 7.97 1.07 7.58 7.71 9.04 11.05 7.35 4.45 3.17 4.47 5.84 7.70 4.24 8.33 2.54 6.76 1.56 4.56 
8.10 4.52 2.20 6.12 4.95 6.08 4.69 4.04 1.81 1.11 3.53 6.01 5.28 4.48 7.52 8.51 5.11 8.27 7.66 4.10 4.95 0.99 5.44 5.36 5.69 3.85 7.14 5.12 5.23 6.61 2.53 1.26 4.71 6.83 1.31 1.74 2.53 5.68 1.91 6.34 4.25 6.65 2.33 2.96 7.58 5.88 6.07 9.06 6.06 5.64 
9.59 6.54 3.96 6.48 2.11 8.35 6.00 6.25 4.68 2.64 1.58 5.71 2.92 1.77 5.23 6.26 7.98 6.72 8.52 6.04 4.37 2.20 3.36 2.79 8.27 6.59 4.86 2.32 7.96 8.22 1.11 2.47 7.15 5.55 4.12 1.81 5.40 8.55 4.56 3.86 4.16 4.16 0.92 1.33 5.18 8.23 4.32 10.28 4.84 3.14 
3.99 2.10 4.37 5.70 10.35 0.68 3.64 2.09 4.52 6.86 7.99 6.85 9.44 9.34 11.04 11.77 3.35 10.31 5.28 2.54 6.93 6.85 11.27 9.83 0.76 2.40 10.74 10.59 1.71 2.96 8.31 7.05 1.15 8.88 4.61 7.59 4.47 3.50 3.95 10.46 6.10 10.71 7.42 8.76 11.29 0.34 9.13 5.27 8.34 9.93 
7.19 3.63 3.34 6.99 8.16 4.21 4.85 2.98 1.41 3.87 6.51 7.52 8.23 7.62 10.33 11.25 1.89 10.52 7.67 3.53 6.91 4.07 8.44 8.42 3.19 1.31 9.97 8.33 2.39 5.80 5.68 4.08 2.80 9.00 2.01 4.78 0.88 2.46 1.88 9.32 6.03 9.62 5.45 6.06 10.46 3.88 8.64 8.40 8.28 8.65 
6.31 2.61 1.43 5.27 6.81 3.99 3.31 2.03 1.24 3.13 4.80 5.67 6.48 6.03 8.50 9.40 3.59 8.61 6.30 2.28 5.00 3.10 7.53 6.73 3.61 1.91 8.14 7.01 3.27 4.83 4.59 3.32 2.60 7.10 0.92 3.84 1.84 4.14 0.22 7.56 4.13 7.86 3.92 5.03 8.65 3.78 6.76 7.39 6.37 6.92 
3.37 0.75 2.62 3.09 8.37 2.37 0.93 1.33 4.23 5.84 5.77 4.15 7.02 7.14 8.42 9.11 5.07 7.60 3.40 0.76 4.27 5.63 9.71 7.47 3.21 3.25 8.14 8.63 3.73 1.88 6.79 5.98 2.14 6.18 3.88 6.30 4.66 5.45 3.23 7.97 3.48 8.21 5.52 7.25 8.70 2.46 6.50 4.39 5.65 7.51 
4.28 2.31 2.23 1.92 7.07 4.07 0.84 2.61 4.55 5.42 4.38 2.58 5.44 5.72 6.73 7.41 6.30 5.96 3.33 1.96 2.56 5.09 8.69 5.92 4.82 4.38 6.45 7.35 5.19 3.01 5.91 5.50 3.66 4.50 3.99 5.63 5.19 6.76 3.50 6.34 1.81 6.56 4.43 6.35 7.01 4.15 4.80 4.96 3.96 5.92 
0.46 3.26 5.50 3.78 10.95 2.96 3.16 3.89 7.02 8.75 8.25 5.24 9.17 9.58 10.06 10.53 6.93 8.53 2.13 3.59 6.01 8.54 12.49 9.70 4.40 5.51 9.86 11.22 5.31 1.03 9.62 8.88 4.03 7.39 6.75 9.18 7.32 7.13 6.07 9.97 5.51 10.15 8.24 10.07 10.41 3.31 8.20 1.66 7.12 9.65 
8.50 4.94 2.58 6.44 4.69 6.48 5.08 4.45 2.09 0.71 3.49 6.25 5.22 4.34 7.50 8.50 5.38 8.38 8.03 4.50 5.14 0.61 5.07 5.26 6.07 4.20 7.12 4.85 5.58 7.02 2.20 0.85 5.11 6.96 1.68 1.35 2.75 5.95 2.30 6.27 4.49 6.58 2.23 2.60 7.53 6.28 6.12 9.45 6.19 5.56 
10.66 7.34 4.78 7.84 2.48 9.03 7.09 6.94 4.72 2.25 3.09 7.17 4.28 2.98 6.53 7.55 7.97 8.19 9.78 6.87 5.84 2.06 2.41 4.02 8.72 6.87 6.16 2.53 8.25 9.23 0.60 2.03 7.71 7.05 4.34 1.33 5.30 8.52 4.93 5.08 5.54 5.37 2.19 0.18 6.42 8.86 5.79 11.46 6.35 4.40 
10.63 8.23 5.87 6.87 1.61 10.13 7.24 8.11 7.18 5.29 2.21 5.65 1.28 0.94 2.98 3.96 10.43 5.16 9.08 7.73 4.42 4.85 3.96 0.69 10.33 8.86 2.65 1.83 10.18 9.44 3.59 5.12 9.14 4.50 6.55 4.44 7.94 11.00 6.85 1.51 4.75 1.75 3.10 3.55 2.79 10.08 3.01 11.04 4.04 1.01 
8.30 4.71 2.41 6.34 4.94 6.23 4.91 4.21 1.82 0.92 3.64 6.22 5.38 4.54 7.64 8.64 5.13 8.44 7.88 4.28 5.14 0.88 5.34 5.45 5.80 3.93 7.26 5.10 5.31 6.81 2.46 1.08 4.85 7.01 1.41 1.62 2.51 5.69 2.04 6.44 4.45 6.75 2.41 2.87 7.69 6.02 6.22 9.26 6.24 5.73 
7.62 4.03 3.48 7.27 7.98 4.66 5.17 3.37 1.27 3.59 6.45 7.73 8.19 7.51 10.34 11.28 2.13 10.64 8.04 3.89 7.05 3.84 8.14 8.35 3.64 1.76 9.97 8.13 2.82 6.21 5.45 3.81 3.25 9.13 1.96 4.52 0.55 2.68 1.99 9.28 6.18 9.58 5.35 5.81 10.44 4.34 8.69 8.83 8.39 8.60 
2.55 3.31 4.51 1.50 9.13 4.22 2.08 3.92 6.63 7.76 6.42 2.95 7.09 7.67 7.80 8.23 7.62 6.23 0.98 3.32 3.87 7.44 10.92 7.65 5.47 5.83 7.61 9.42 6.17 2.05 8.22 7.85 4.61 5.08 6.16 7.98 7.16 7.96 5.58 7.81 3.55 7.97 6.68 8.65 8.16 4.48 5.97 2.79 4.86 7.56 
6.52 6.40 5.85 2.71 7.33 7.91 4.77 6.78 8.29 8.17 5.08 1.61 4.67 5.80 4.30 4.44 10.46 2.21 4.38 6.12 2.48 7.70 9.58 5.25 8.90 8.53 4.24 7.61 9.35 6.04 7.67 8.15 7.79 1.52 7.61 7.91 9.04 10.93 7.33 4.89 3.20 4.92 6.06 7.97 4.70 8.09 2.96 6.32 1.92 4.98 
5.59 1.92 2.12 5.28 7.85 2.98 3.11 1.27 1.94 4.18 5.73 5.93 7.35 7.00 9.25 10.11 2.95 9.11 5.92 1.78 5.50 4.17 8.62 7.64 2.53 1.04 8.91 8.07 2.27 4.14 5.67 4.37 1.55 7.59 1.93 4.92 2.18 3.45 1.27 8.42 4.60 8.71 4.94 6.11 9.44 2.73 7.44 6.76 6.92 7.81 
9.50 6.02 3.54 7.08 3.72 7.63 5.98 5.57 3.22 0.79 3.18 6.67 4.77 3.68 7.09 8.12 6.47 8.33 8.85 5.57 5.43 0.57 3.89 4.69 7.24 5.37 6.71 3.84 6.75 8.03 1.11 0.58 6.27 7.02 2.85 0.18 3.80 7.03 3.47 5.75 4.93 6.05 1.92 1.46 7.07 7.44 5.97 10.38 6.26 5.03 
10.93 10.20 8.77 6.98 6.69 11.94 8.67 10.41 10.90 9.76 6.01 5.57 4.41 5.67 2.14 1.15 13.73 2.21 8.80 9.81 5.39 9.26 8.97 4.65 12.70 11.86 2.49 6.86 12.94 10.31 8.43 9.64 11.50 3.43 10.18 9.10 11.71 14.26 10.18 3.61 6.27 3.35 7.30 8.51 2.33 12.05 3.43 10.73 3.96 4.26 
7.23 3.56 1.71 5.80 6.06 4.97 4.04 3.00 0.88 2.15 4.33 5.96 6.07 5.44 8.21 9.16 4.06 8.63 7.06 3.18 5.11 2.15 6.61 6.24 4.52 2.68 7.84 6.24 4.06 5.74 3.70 2.34 3.57 7.13 0.17 2.90 1.69 4.63 0.77 7.15 4.29 7.45 3.28 4.13 8.32 4.75 6.59 8.27 6.38 6.48 
4.46 1.25 1.50 3.27 7.32 3.15 1.19 1.30 3.36 4.75 4.79 3.97 6.16 6.15 7.76 8.53 4.89 7.27 4.19 0.76 3.73 4.53 8.60 6.56 3.60 2.97 7.45 7.57 3.84 2.99 5.67 4.88 2.39 5.78 2.91 5.18 3.92 5.35 2.31 7.16 2.86 7.42 4.44 6.13 8.00 3.13 5.86 5.42 5.16 6.64 
10.91 9.08 7.00 6.92 3.38 10.96 7.84 9.08 8.66 7.01 3.49 5.52 1.76 2.63 1.32 2.18 11.81 3.90 9.10 8.60 4.58 6.54 5.64 1.63 11.37 10.11 1.14 3.54 11.37 9.91 5.42 6.86 10.15 3.77 7.98 6.22 9.45 12.37 8.18 0.69 5.19 0.44 4.66 5.41 1.01 10.97 2.47 11.11 3.63 1.34 
10.75 9.92 8.43 6.76 6.32 11.67 8.40 10.11 10.54 9.38 5.63 5.34 4.03 5.29 1.76 0.80 13.40 2.09 8.65 9.52 5.09 8.88 8.61 4.27 12.41 11.54 2.12 6.50 12.63 10.09 8.05 9.26 11.20 3.18 9.83 8.72 11.35 13.93 9.84 3.23 5.96 2.98 6.92 8.13 1.97 11.77 3.08 10.60 3.67 3.88 
10.07 9.05 7.49 6.05 5.56 10.83 7.56 9.22 9.59 8.44 4.69 4.60 3.13 4.43 1.03 0.71 12.45 1.77 8.03 8.63 4.21 7.94 7.90 3.43 11.52 10.60 1.31 5.76 11.71 9.34 7.15 8.32 10.31 2.44 8.87 7.79 10.40 12.99 8.89 2.45 5.06 2.24 5.98 7.25 1.38 10.92 2.13 10.01 2.82 3.04 
10.00 7.54 5.18 6.31 1.73 9.44 6.58 7.42 6.53 4.74 1.51 5.16 1.03 0.36 3.19 4.21 9.76 5.08 8.51 7.04 3.88 4.28 4.05 0.68 9.63 8.17 2.83 2.00 9.49 8.79 3.16 4.58 8.44 4.23 5.88 3.94 7.30 10.33 6.18 1.75 4.13 2.05 2.46 3.19 3.09 9.39 2.78 10.45 3.69 1.06 
7.01 3.39 2.99 6.66 7.89 4.11 4.55 2.73 1.16 3.66 6.17 7.17 7.90 7.31 9.98 10.91 2.19 10.16 7.41 3.26 6.55 3.83 8.23 8.09 3.19 1.24 9.62 8.06 2.48 5.59 5.44 3.87 2.67 8.65 1.70 4.55 0.84 2.76 1.53 8.98 5.68 9.28 5.15 5.83 10.11 3.80 8.28 8.20 7.92 8.32 
10.32 6.90 4.38 7.71 3.13 8.53 6.78 6.46 4.09 1.58 3.30 7.16 4.68 3.45 6.98 8.01 7.30 8.48 9.57 6.44 5.87 1.47 3.00 4.49 8.14 6.27 6.61 3.20 7.64 8.87 0.67 1.37 7.17 7.26 3.75 0.73 4.63 7.85 4.37 5.57 5.48 5.86 2.20 0.73 6.90 8.34 6.09 11.17 6.53 4.86 
6.21 4.86 3.73 2.26 5.73 6.63 3.36 5.09 6.13 5.94 3.16 1.09 3.42 4.20 4.23 4.85 8.56 3.50 4.47 4.47 0.27 5.48 7.81 3.99 7.36 6.65 3.99 6.02 7.63 5.25 5.58 5.93 6.16 1.99 5.43 5.73 6.90 9.06 5.23 4.10 1.03 4.27 3.95 5.93 4.55 6.72 2.32 6.46 1.39 3.87 
10.12 8.97 7.34 6.08 5.24 10.77 7.51 9.12 9.39 8.18 4.43 4.62 2.84 4.13 0.70 0.70 12.30 2.01 8.11 8.55 4.14 7.69 7.57 3.12 11.43 10.46 0.98 5.43 11.59 9.34 6.86 8.06 10.21 2.50 8.68 7.52 10.20 12.84 8.72 2.12 4.97 1.91 5.73 6.95 1.07 10.85 1.98 10.10 2.79 2.72 
9.39 8.05 6.37 5.35 4.66 9.88 6.63 8.18 8.42 7.27 3.52 3.90 2.05 3.39 0.96 1.66 11.32 2.11 7.46 7.62 3.25 6.77 7.02 2.45 10.49 9.49 0.81 4.89 10.64 8.53 6.03 7.16 9.27 1.93 7.70 6.64 9.23 11.86 7.74 1.66 4.05 1.58 4.81 6.16 1.32 9.94 1.03 9.47 1.99 2.07 
7.86 6.75 5.40 3.81 5.38 8.52 5.25 6.96 7.66 6.96 3.43 2.35 2.67 3.88 2.50 2.99 10.33 1.85 5.90 6.35 1.93 6.46 7.69 3.23 9.24 8.44 2.34 5.64 9.48 7.04 6.09 6.90 8.04 0.58 6.94 6.51 8.46 10.84 6.86 2.86 2.81 2.91 4.61 6.33 2.87 8.61 0.92 7.92 0.50 2.95 
2.40 4.55 5.93 2.48 10.34 5.07 3.49 5.19 8.02 9.18 7.65 3.76 8.13 8.84 8.51 8.80 8.77 6.58 0.49 4.64 4.92 8.85 12.22 8.70 6.44 7.08 8.37 10.63 7.24 2.76 9.59 9.26 5.75 5.69 7.57 9.38 8.52 9.06 6.98 8.73 4.77 8.86 8.02 10.01 8.90 5.38 6.81 1.94 5.65 8.56 
5.77 3.74 2.41 2.38 5.63 5.59 2.44 3.87 4.83 4.89 2.92 1.99 3.84 4.21 5.21 5.95 7.25 4.81 4.43 3.30 1.20 4.47 7.44 4.33 6.18 5.34 4.91 5.91 6.38 4.59 4.88 4.91 4.96 3.30 4.14 4.84 5.59 7.75 3.90 4.74 0.30 4.97 3.27 5.28 5.46 5.63 3.29 6.28 2.62 4.32 
6.76 3.06 1.61 5.60 6.55 4.41 3.71 2.48 0.87 2.72 4.69 5.90 6.40 5.86 8.48 9.41 3.65 8.74 6.71 2.72 5.15 2.72 7.18 6.61 3.95 2.15 8.12 6.75 3.53 5.27 4.25 2.91 3.00 7.22 0.48 3.47 1.58 4.22 0.23 7.49 4.30 7.78 3.72 4.68 8.61 4.19 6.80 7.84 6.49 6.83 
