1.61 7.65 9.07 8.53 8.55 5.77 8.39 3.31 8.22 8.59 7.13 8.15 7.74 8.88 8.38 4.94 6.43 1.10 3.36 7.37 5.99 6.65 4.47 7.47 4.09 3.77 8.12 8.50 2.22 7.93 
10.60 2.56 1.89 1.12 4.51 5.57 6.39 9.29 4.38 3.78 3.80 7.96 3.03 6.69 1.28 5.89 4.63 9.75 9.28 4.24 7.86 6.55 5.96 4.61 5.56 7.17 1.57 1.78 8.19 6.68 
7.43 7.40 8.49 7.06 9.66 2.34 3.05 8.29 4.06 4.71 7.87 2.33 4.84 3.41 6.93 2.45 3.21 6.77 8.32 8.45 9.61 9.35 2.84 8.81 4.78 7.15 6.47 7.82 6.52 2.47 
11.01 5.78 5.99 4.36 8.31 3.89 2.57 10.69 1.39 1.14 6.92 4.25 2.45 2.65 4.35 4.68 3.19 10.17 10.70 7.54 10.47 9.50 5.13 7.97 6.20 8.77 3.99 5.53 9.09 3.09 
4.76 6.95 8.29 7.22 8.72 3.15 5.38 5.82 5.62 6.13 6.97 5.00 5.65 5.84 7.07 2.47 4.03 4.11 5.86 7.44 7.63 7.70 2.28 7.71 3.42 5.09 6.69 7.62 4.11 4.88 
9.38 5.12 5.73 4.07 7.69 2.22 1.93 9.20 0.28 0.92 6.09 3.46 1.64 2.32 4.00 3.02 1.58 8.54 9.21 6.73 9.27 8.45 3.48 7.16 4.72 7.36 3.55 5.14 7.53 2.18 
10.79 3.15 2.71 1.51 5.30 5.20 5.70 9.65 3.71 3.07 4.42 7.32 2.56 5.97 1.63 5.63 4.24 9.92 9.65 4.91 8.45 7.19 5.78 5.31 5.67 7.54 1.68 2.49 8.43 6.04 
8.92 2.97 3.55 1.92 5.54 2.99 4.11 8.16 2.18 1.83 4.05 5.55 0.55 4.51 1.83 3.40 2.04 8.05 8.16 4.67 7.61 6.61 3.57 5.11 3.80 6.12 1.37 2.95 6.71 4.29 
3.25 5.22 6.64 6.23 6.14 4.56 7.42 2.80 6.71 6.93 4.67 7.69 5.86 7.95 6.08 3.77 4.91 2.39 2.82 4.93 4.27 4.52 3.21 5.06 1.92 1.73 5.87 6.09 1.06 7.09 
9.60 1.30 0.80 0.87 3.25 5.46 6.86 8.12 4.88 4.39 2.48 8.31 3.31 7.24 0.94 5.60 4.62 8.77 8.10 2.90 6.55 5.22 5.55 3.28 4.74 6.01 1.40 0.45 7.15 7.06 
7.93 2.53 3.49 2.12 5.04 2.67 4.51 7.13 2.80 2.66 3.38 5.74 1.34 4.97 1.98 2.83 1.88 7.06 7.13 4.02 6.69 5.77 2.87 4.45 2.80 5.10 1.56 2.82 5.69 4.56 
8.15 3.05 3.42 4.62 0.92 7.55 9.84 5.91 8.10 7.80 1.96 10.95 6.49 10.31 4.58 7.23 7.07 7.50 5.88 1.32 3.27 1.83 6.88 0.90 5.09 4.29 4.86 3.52 5.84 9.85 
9.69 6.08 6.70 5.04 8.64 2.45 0.96 9.74 1.05 1.69 7.01 2.57 2.61 1.36 4.97 3.29 2.16 8.89 9.76 7.66 10.04 9.30 3.82 8.08 5.33 8.01 4.52 6.11 8.03 1.31 
6.35 5.05 5.86 6.70 3.59 8.23 10.91 3.84 9.46 9.34 3.78 11.69 8.00 11.42 6.62 7.67 8.04 5.89 3.80 3.33 0.78 1.01 7.18 2.99 5.22 3.09 6.76 5.77 4.49 10.77 
9.10 5.42 6.11 4.48 7.96 1.87 1.58 9.06 0.79 1.46 6.32 3.00 2.03 2.04 4.39 2.70 1.44 8.28 9.07 6.96 9.31 8.57 3.20 7.38 4.62 7.30 3.93 5.50 7.36 1.72 
1.54 7.31 8.73 8.24 8.14 5.71 8.40 2.92 8.12 8.46 6.75 8.25 7.56 8.89 8.09 4.87 6.31 0.83 2.96 6.97 5.56 6.21 4.38 7.06 3.82 3.33 7.85 8.17 1.78 7.96 
9.85 8.39 9.19 7.57 10.87 3.59 1.76 10.56 3.70 4.35 9.14 0.12 5.12 1.72 7.48 4.18 4.01 9.16 10.59 9.77 11.55 11.07 4.71 10.17 6.63 9.21 7.02 8.56 8.78 1.38 
12.16 4.77 4.21 3.12 6.84 5.95 5.65 11.18 3.88 3.20 6.04 7.33 3.36 5.78 3.23 6.54 5.01 11.29 11.17 6.52 10.06 8.80 6.80 6.91 7.02 9.07 3.21 4.08 9.87 6.10 
9.87 7.49 8.21 6.56 10.02 3.04 0.64 10.32 2.62 3.26 8.33 1.05 4.11 0.73 6.48 3.77 3.23 9.13 10.34 8.97 11.02 10.42 4.32 9.38 6.14 8.79 6.03 7.60 8.55 0.45 
9.90 7.68 8.41 6.77 10.20 3.16 0.85 10.40 2.83 3.47 8.51 0.85 4.32 0.87 6.69 3.86 3.39 9.17 10.42 9.14 11.15 10.57 4.42 9.55 6.26 8.90 6.23 7.80 8.62 0.61 
6.23 3.07 4.14 4.69 2.60 6.25 8.84 4.14 7.34 7.21 1.86 9.72 5.87 9.35 4.59 5.77 5.98 5.54 4.11 1.66 2.25 1.24 5.34 1.57 3.41 2.33 4.69 3.89 3.87 8.74 
3.48 6.09 7.50 6.74 7.46 3.77 6.48 4.10 6.19 6.56 5.82 6.45 5.74 6.98 6.58 2.93 4.40 2.69 4.13 6.20 5.92 6.12 2.45 6.40 2.38 3.38 6.28 6.88 2.36 6.06 
8.41 0.71 1.45 2.27 1.86 5.72 7.70 6.67 5.85 5.50 0.85 8.95 4.23 8.14 2.22 5.60 5.07 7.62 6.65 1.21 4.87 3.53 5.39 1.61 4.03 4.62 2.50 1.24 5.94 7.77 
6.22 5.81 7.02 5.74 7.94 1.29 3.72 6.69 3.75 4.27 6.14 3.77 3.89 4.21 5.60 0.79 2.21 5.46 6.71 6.70 7.80 7.52 1.02 7.04 2.95 5.38 5.17 6.34 4.90 3.29 
9.07 8.01 8.91 7.33 10.44 3.04 1.95 9.83 3.65 4.33 8.68 0.69 4.91 2.12 7.22 3.54 3.61 8.39 9.85 9.30 10.90 10.49 4.04 9.69 5.99 8.53 6.76 8.26 8.04 1.41 
7.19 4.78 5.85 4.44 7.12 0.32 3.07 7.19 2.47 2.90 5.34 3.77 2.45 3.60 4.31 0.82 0.77 6.36 7.21 5.96 7.73 7.18 1.29 6.34 2.86 5.54 3.86 5.17 5.47 2.84 
4.37 4.32 5.74 5.17 5.63 3.59 6.46 3.81 5.61 5.80 3.98 6.89 4.72 6.99 5.02 2.86 3.82 3.50 3.83 4.36 4.63 4.52 2.31 4.58 0.77 2.20 4.78 5.15 2.18 6.18 
11.85 5.57 5.45 3.97 7.96 4.99 3.99 11.25 2.56 2.00 6.81 5.67 2.87 4.05 4.01 5.72 4.15 10.99 11.26 7.38 10.64 9.53 6.10 7.81 6.83 9.23 3.77 5.12 9.76 4.51 
3.00 5.48 6.89 6.49 6.35 4.73 7.58 2.66 6.92 7.15 4.91 7.80 6.10 8.11 6.34 3.92 5.11 2.14 2.68 5.15 4.33 4.66 3.37 5.27 2.16 1.81 6.13 6.35 0.88 7.24 
11.62 5.55 5.51 3.99 7.98 4.70 3.67 11.08 2.26 1.72 6.78 5.35 2.69 3.74 4.01 5.45 3.89 10.77 11.09 7.36 10.55 9.47 5.84 7.79 6.64 9.07 3.74 5.15 9.56 4.19 
7.22 6.19 7.27 5.84 8.49 1.12 2.74 7.71 3.14 3.74 6.70 2.77 3.68 3.22 5.71 1.35 2.02 6.47 7.73 7.29 8.71 8.33 1.84 7.66 3.80 6.34 5.26 6.60 5.93 2.27 
8.06 2.78 3.21 4.37 0.85 7.28 9.57 5.86 7.82 7.53 1.68 10.68 6.22 10.04 4.32 6.97 6.79 7.38 5.83 1.04 3.33 1.87 6.62 0.62 4.86 4.17 4.59 3.28 5.71 9.57 
9.56 4.99 5.53 3.87 7.56 2.46 2.14 9.31 0.15 0.61 6.00 3.73 1.48 2.50 3.80 3.24 1.74 8.72 9.32 6.64 9.28 8.42 3.68 7.07 4.82 7.44 3.36 4.96 7.67 2.44 
0.38 8.68 10.08 9.74 9.18 7.35 9.99 2.93 9.76 10.11 7.97 9.74 9.19 10.48 9.59 6.51 7.96 1.12 2.98 8.10 5.98 6.93 6.02 8.12 5.37 4.26 9.37 9.56 2.80 9.53 
4.57 4.79 6.19 5.37 6.39 2.86 5.71 4.51 5.10 5.39 4.67 6.02 4.46 6.24 5.22 2.06 3.28 3.72 4.53 5.12 5.58 5.46 1.50 5.38 1.11 3.12 4.91 5.55 2.75 5.38 
8.22 2.50 2.87 4.06 0.61 7.13 9.35 6.08 7.58 7.27 1.48 10.50 5.97 9.82 4.02 6.86 6.61 7.53 6.05 0.86 3.63 2.17 6.53 0.53 4.82 4.32 4.31 2.96 5.84 9.38 
11.53 5.38 5.33 3.80 7.80 4.66 3.75 10.96 2.25 1.67 6.60 5.43 2.57 3.83 3.83 5.39 3.82 10.67 10.96 7.19 10.39 9.30 5.77 7.61 6.52 8.94 3.57 4.96 9.45 4.25 
7.51 2.84 3.90 2.60 5.27 2.27 4.37 6.82 2.83 2.80 3.54 5.49 1.57 4.86 2.46 2.36 1.59 6.64 6.83 4.18 6.58 5.76 2.37 4.59 2.41 4.84 2.05 3.23 5.32 4.36 
0.75 7.98 9.35 9.17 8.25 7.32 10.09 1.82 9.64 9.91 7.17 10.03 8.89 10.60 9.02 6.49 7.82 0.98 1.86 7.23 4.88 5.90 5.96 7.21 4.95 3.37 8.85 8.88 2.10 9.68 
2.84 6.41 7.69 7.80 6.27 7.10 9.97 0.42 9.10 9.24 5.42 10.26 8.05 10.50 7.67 6.33 7.34 2.47 0.40 5.37 2.75 3.80 5.77 5.28 4.18 1.72 7.59 7.31 1.63 9.66 
5.16 4.78 5.85 6.37 4.02 7.17 9.94 2.75 8.65 8.60 3.58 10.61 7.29 10.46 6.26 6.55 7.10 4.64 2.72 3.33 0.82 1.43 6.04 3.14 4.10 1.77 6.31 5.61 3.18 9.76 
8.60 2.43 3.13 1.59 5.00 3.15 4.59 7.72 2.70 2.40 3.48 5.96 1.08 5.01 1.47 3.43 2.26 7.73 7.72 4.11 7.07 6.05 3.52 4.55 3.46 5.65 1.00 2.50 6.33 4.72 
10.37 6.27 6.74 5.07 8.84 3.12 1.26 10.34 1.14 1.56 7.29 2.95 2.75 1.40 5.02 3.96 2.71 9.55 10.36 7.92 10.50 9.68 4.48 8.35 5.89 8.56 4.60 6.20 8.65 1.78 
8.53 7.88 8.85 7.31 10.26 2.82 2.34 9.35 3.82 4.51 8.48 1.25 4.94 2.58 7.19 3.20 3.50 7.87 9.38 9.09 10.53 10.17 3.67 9.47 5.64 8.12 6.73 8.19 7.57 1.75 
11.67 4.80 4.52 3.16 7.09 5.17 4.71 10.86 2.98 2.32 6.07 6.40 2.70 4.85 3.22 5.82 4.25 10.80 10.86 6.61 10.00 8.82 6.12 7.02 6.56 8.79 3.07 4.25 9.46 5.17 
3.25 5.33 6.75 6.27 6.35 4.37 7.22 3.01 6.57 6.82 4.84 7.45 5.79 7.75 6.12 3.56 4.76 2.39 3.04 5.12 4.56 4.79 3.01 5.27 1.88 2.02 5.89 6.19 1.24 6.88 
8.78 6.09 6.91 5.30 8.59 1.65 1.22 9.00 1.72 2.40 6.88 2.19 2.87 1.75 5.21 2.45 1.76 7.99 9.02 7.51 9.56 8.95 3.00 7.92 4.71 7.39 4.74 6.27 7.25 1.03 
6.72 5.25 6.40 5.05 7.50 0.56 3.30 6.93 3.06 3.54 5.70 3.69 3.13 3.82 4.92 0.38 1.45 5.92 6.95 6.29 7.74 7.32 0.93 6.66 2.83 5.43 4.48 5.72 5.17 2.96 
3.27 5.60 7.02 6.42 6.77 4.10 6.92 3.41 6.40 6.69 5.20 7.05 5.74 7.43 6.27 3.27 4.58 2.42 3.44 5.53 5.08 5.30 2.73 5.70 1.98 2.55 6.01 6.43 1.63 6.54 
4.63 5.75 6.84 7.33 4.97 7.76 10.59 2.09 9.41 9.41 4.57 11.13 8.12 11.11 7.21 7.08 7.79 4.25 2.05 4.32 0.98 2.28 6.54 4.12 4.67 2.04 7.25 6.60 3.06 10.36 
13.31 5.44 4.54 3.94 7.11 7.37 7.06 12.14 5.33 4.65 6.66 8.75 4.74 7.16 4.07 7.92 6.41 12.45 12.13 7.05 10.72 9.38 8.15 7.40 8.19 10.02 4.20 4.63 10.95 7.53 
11.18 3.57 3.06 1.94 5.66 5.44 5.73 10.08 3.77 3.11 4.84 7.37 2.77 5.96 2.05 5.91 4.47 10.32 10.07 5.32 8.87 7.61 6.09 5.71 6.05 7.96 2.09 2.89 8.84 6.10 
9.63 1.54 1.29 0.40 3.72 5.11 6.39 8.26 4.40 3.90 2.80 7.86 2.85 6.76 0.51 5.30 4.23 8.78 8.25 3.28 6.85 5.57 5.29 3.67 4.65 6.14 0.97 0.88 7.20 6.60 
5.77 3.03 4.25 4.56 3.10 5.65 8.30 3.87 6.88 6.80 1.97 9.13 5.47 8.81 4.44 5.14 5.44 5.05 3.85 1.99 2.55 1.83 4.69 2.02 2.76 1.88 4.48 3.91 3.35 8.17 
10.79 6.64 7.06 5.39 9.21 3.54 1.36 10.78 1.54 1.87 7.68 2.98 3.13 1.33 5.35 4.38 3.15 9.98 10.80 8.32 10.93 10.11 4.91 8.75 6.33 9.00 4.94 6.53 9.09 1.94 
6.98 1.82 2.97 3.44 2.15 5.56 7.96 5.15 6.32 6.12 0.68 8.99 4.78 8.44 3.34 5.22 5.13 6.22 5.14 0.89 3.50 2.32 4.87 1.15 3.15 3.13 3.46 2.66 4.52 7.92 
10.01 1.68 0.28 1.89 2.62 6.43 7.88 8.31 5.90 5.39 2.48 9.33 4.33 8.26 1.96 6.51 5.61 9.20 8.29 2.68 6.38 4.97 6.41 2.97 5.39 6.25 2.42 0.96 7.54 8.08 
11.67 4.53 4.14 2.87 6.73 5.38 5.12 10.77 3.32 2.64 5.80 6.80 2.81 5.27 2.95 5.98 4.44 10.81 10.76 6.32 9.78 8.56 6.25 6.72 6.54 8.67 2.86 3.92 9.42 5.56 
10.39 2.05 1.00 1.29 3.62 6.02 7.15 8.88 5.14 4.59 3.16 8.68 3.67 7.49 1.42 6.23 5.13 9.55 8.86 3.51 7.20 5.83 6.22 3.84 5.51 6.77 1.87 1.16 7.93 7.40 
5.78 3.26 4.42 4.83 3.05 6.00 8.65 3.75 7.23 7.14 2.12 9.47 5.81 9.17 4.71 5.48 5.79 5.09 3.73 2.03 2.21 1.50 5.02 1.99 3.07 1.88 4.77 4.12 3.41 8.52 
5.95 5.72 6.96 5.73 7.79 1.46 3.99 6.40 3.95 4.44 5.99 4.05 3.98 4.49 5.59 0.80 2.33 5.18 6.43 6.54 7.55 7.30 0.86 6.88 2.73 5.11 5.17 6.28 4.62 3.57 
8.47 3.15 3.38 4.67 0.78 7.78 10.02 6.22 8.24 7.93 2.14 11.16 6.63 10.48 4.64 7.48 7.27 7.82 6.18 1.51 3.53 2.10 7.14 1.12 5.38 4.61 4.95 3.54 6.16 10.04 
7.41 1.95 3.16 2.16 4.33 3.15 5.30 6.41 3.66 3.52 2.60 6.44 2.19 5.78 2.00 3.10 2.54 6.55 6.41 3.23 5.82 4.90 2.97 3.65 2.30 4.34 1.73 2.48 5.08 5.30 
6.35 2.22 3.63 3.13 3.97 3.65 6.18 5.19 4.74 4.69 2.18 7.10 3.39 6.69 2.98 3.30 3.31 5.50 5.19 2.72 4.67 3.90 2.97 3.07 1.50 3.10 2.82 3.03 3.94 6.08 
4.32 5.89 7.26 6.34 7.53 2.95 5.62 4.89 5.41 5.82 5.81 5.60 5.10 6.13 6.18 2.13 3.65 3.55 4.92 6.25 6.45 6.48 1.69 6.50 2.25 3.92 5.84 6.61 3.12 5.20 
10.64 4.06 4.04 2.48 6.48 4.24 4.22 9.87 2.29 1.61 5.29 5.87 1.69 4.45 2.51 4.84 3.30 9.77 9.87 5.87 9.13 8.01 5.12 6.29 5.54 7.81 2.25 3.65 8.44 4.60 
6.81 2.80 3.72 4.45 2.02 6.48 8.98 4.69 7.39 7.20 1.53 9.94 5.86 9.47 4.37 6.07 6.13 6.12 4.67 1.18 2.55 1.25 5.66 1.01 3.79 2.91 4.52 3.55 4.45 8.91 
9.20 6.81 7.59 5.97 9.32 2.27 0.77 9.57 2.18 2.86 7.61 1.49 3.53 1.23 5.88 3.01 2.48 8.44 9.59 8.24 10.24 9.66 3.57 8.65 5.36 8.02 5.42 6.97 7.80 0.33 
9.94 1.78 0.65 2.31 2.18 6.73 8.29 8.14 6.32 5.83 2.32 9.71 4.73 8.68 2.37 6.76 5.94 9.15 8.12 2.41 6.08 4.65 6.62 2.65 5.48 6.12 2.82 1.26 7.47 8.47 
7.83 4.55 5.50 4.00 7.01 0.86 2.75 7.69 1.81 2.20 5.27 3.76 1.81 3.27 3.87 1.52 0.15 6.99 7.70 5.90 8.00 7.33 1.94 6.31 3.25 5.93 3.41 4.84 6.00 2.66 
5.27 3.89 5.27 4.46 5.62 2.68 5.53 4.81 4.60 4.80 3.85 6.09 3.74 6.06 4.31 2.03 2.83 4.41 4.82 4.35 5.34 4.99 1.54 4.64 0.43 3.08 4.01 4.63 3.17 5.28 
7.15 6.28 7.37 5.96 8.56 1.22 2.83 7.67 3.27 3.88 6.77 2.79 3.81 3.30 5.82 1.39 2.14 6.40 7.70 7.36 8.72 8.36 1.86 7.72 3.82 6.33 5.37 6.70 5.89 2.35 
5.52 3.06 4.48 3.96 4.56 3.52 6.25 4.53 5.04 5.10 2.83 6.99 3.87 6.77 3.80 2.99 3.42 4.67 4.53 3.29 4.49 3.98 2.55 3.57 0.73 2.53 3.61 3.89 3.15 6.08 
6.79 1.80 3.06 3.35 2.49 5.22 7.65 5.06 6.05 5.87 0.87 8.66 4.53 8.14 3.24 4.88 4.81 6.01 5.04 1.21 3.62 2.53 4.52 1.50 2.80 2.99 3.32 2.68 4.31 7.60 
2.85 6.02 7.33 7.37 6.06 6.58 9.45 0.85 8.58 8.72 5.08 9.76 7.54 9.98 7.23 5.81 6.82 2.33 0.86 5.08 2.84 3.71 5.25 5.03 3.66 1.30 7.14 6.92 1.18 9.14 
3.58 6.44 7.84 7.02 7.88 3.75 6.36 4.45 6.22 6.63 6.23 6.22 5.89 6.85 6.86 2.93 4.46 2.85 4.48 6.62 6.36 6.57 2.50 6.83 2.73 3.83 6.54 7.21 2.74 5.91 
8.93 3.55 4.16 2.52 6.12 2.56 3.50 8.34 1.59 1.34 4.58 4.94 0.10 3.90 2.44 3.09 1.60 8.07 8.35 5.21 8.00 7.07 3.35 5.64 3.90 6.36 1.98 3.56 6.82 3.68 
2.36 6.62 8.04 7.47 7.64 4.89 7.61 3.20 7.28 7.62 6.15 7.54 6.73 8.11 7.32 4.05 5.47 1.56 3.24 6.42 5.46 5.92 3.54 6.56 3.03 3.04 7.06 7.46 1.64 7.18 
6.33 4.67 5.88 4.64 6.84 1.01 3.88 6.34 3.31 3.68 5.04 4.39 3.01 4.41 4.50 0.39 1.51 5.50 6.36 5.62 7.04 6.61 0.45 5.97 2.12 4.76 4.09 5.20 4.61 3.60 
7.98 2.43 2.93 4.03 0.84 6.95 9.22 5.86 7.47 7.18 1.33 10.34 5.87 9.69 3.99 6.66 6.45 7.29 5.83 0.69 3.46 2.01 6.32 0.30 4.59 4.08 4.25 2.96 5.60 9.23 
1.39 8.19 9.61 9.08 9.04 6.25 8.81 3.51 8.71 9.10 7.65 8.50 8.27 9.29 8.93 5.43 6.93 1.21 3.55 7.87 6.33 7.06 4.97 7.96 4.64 4.21 8.67 9.05 2.65 8.34 
1.57 6.93 8.34 7.95 7.63 5.76 8.52 2.38 8.10 8.40 6.30 8.48 7.43 9.03 7.79 4.92 6.28 0.71 2.42 6.48 4.97 5.64 4.40 6.56 3.57 2.78 7.58 7.80 1.22 8.11 
3.71 5.13 6.42 6.53 5.14 6.23 9.08 1.69 8.05 8.13 4.16 9.54 6.90 9.61 6.40 5.51 6.35 3.10 1.68 4.15 2.29 2.89 4.96 4.11 3.17 0.50 6.34 6.03 1.57 8.82 
7.73 5.87 6.87 5.37 8.26 0.85 2.22 8.04 2.46 3.07 6.49 2.64 3.11 2.74 5.25 1.48 1.52 6.95 8.06 7.11 8.81 8.31 2.04 7.49 3.89 6.53 4.79 6.20 6.27 1.85 
2.21 6.56 7.90 7.85 6.69 6.70 9.56 0.72 8.82 9.00 5.67 9.76 7.87 10.09 7.71 5.90 7.03 1.75 0.75 5.69 3.43 4.35 5.34 5.66 3.93 1.86 7.59 7.46 1.10 9.22 
9.10 2.06 2.47 0.85 4.59 3.91 5.18 8.04 3.21 2.78 3.26 6.62 1.62 5.57 0.75 4.18 3.01 8.24 8.04 3.86 7.10 5.97 4.25 4.29 3.98 5.93 0.29 1.89 6.76 5.37 
9.82 5.35 5.86 4.19 7.92 2.64 1.87 9.62 0.23 0.76 6.37 3.51 1.84 2.19 4.13 3.45 2.01 8.98 9.63 7.01 9.64 8.79 3.92 7.44 5.14 7.77 3.70 5.30 7.97 2.23 
3.74 5.21 6.48 6.63 5.14 6.38 9.24 1.63 8.20 8.27 4.21 9.70 7.03 9.77 6.50 5.67 6.50 3.16 1.61 4.18 2.17 2.83 5.12 4.12 3.33 0.65 6.45 6.10 1.68 8.98 
8.77 1.88 1.97 3.29 0.71 6.85 8.87 6.77 7.02 6.65 1.32 10.12 5.39 9.31 3.27 6.68 6.22 8.03 6.74 1.01 4.49 3.05 6.41 1.09 4.88 4.87 3.61 2.14 6.33 8.94 
7.92 4.78 5.21 6.39 2.63 8.84 11.33 5.44 9.69 9.45 3.58 12.30 8.12 11.82 6.34 8.40 8.49 7.42 5.40 2.97 2.39 1.55 7.97 2.54 6.05 4.41 6.59 5.31 5.92 11.27 
8.33 2.37 2.70 3.91 0.51 7.07 9.26 6.21 7.47 7.15 1.41 10.43 5.86 9.72 3.88 6.82 6.53 7.62 6.18 0.82 3.79 2.34 6.50 0.57 4.82 4.42 4.17 2.80 5.93 9.29 
4.51 4.96 6.35 5.52 6.56 2.85 5.70 4.54 5.14 5.45 4.84 5.95 4.55 6.22 5.36 2.04 3.32 3.66 4.56 5.29 5.70 5.61 1.48 5.55 1.29 3.22 5.05 5.71 2.77 5.35 
7.85 1.54 2.31 3.17 1.38 6.09 8.30 5.94 6.54 6.25 0.43 9.45 4.93 8.76 3.11 5.85 5.55 7.10 5.92 0.28 3.95 2.59 5.55 0.70 3.94 3.97 3.35 2.18 5.40 8.32 
8.98 7.24 8.10 6.50 9.71 2.41 1.30 9.52 2.82 3.50 7.97 1.07 4.07 1.62 6.40 3.04 2.85 8.25 9.54 8.59 10.39 9.89 3.58 8.99 5.47 8.09 5.94 7.46 7.74 0.71 
5.27 3.25 4.57 4.64 3.71 5.14 7.87 3.58 6.56 6.53 2.37 8.61 5.24 8.39 4.51 4.58 5.01 4.51 3.57 2.53 2.88 2.43 4.11 2.63 2.15 1.48 4.47 4.14 2.81 7.70 
10.41 2.70 2.32 1.06 4.87 5.06 5.79 9.23 3.78 3.18 3.97 7.38 2.47 6.10 1.18 5.44 4.11 9.55 9.22 4.46 8.00 6.74 5.55 4.86 5.31 7.11 1.29 2.05 8.04 6.09 
11.72 3.50 2.44 2.27 4.99 6.66 7.21 10.32 5.23 4.58 4.65 8.84 4.06 7.46 2.43 7.03 5.71 10.87 10.30 4.98 8.68 7.30 7.12 5.31 6.71 8.20 2.74 2.63 9.29 7.56 
7.44 5.44 6.48 5.02 7.81 0.37 2.58 7.64 2.46 3.01 6.03 3.11 2.85 3.11 4.89 1.08 1.18 6.64 7.66 6.64 8.34 7.84 1.64 7.03 3.44 6.09 4.43 5.81 5.89 2.27 
6.99 2.22 3.22 3.87 1.92 6.04 8.46 5.01 6.83 6.63 0.96 9.48 5.29 8.95 3.78 5.67 5.63 6.26 4.99 0.78 3.10 1.84 5.30 0.84 3.50 3.09 3.93 3.00 4.56 8.42 
7.37 3.97 5.02 3.62 6.37 1.14 3.46 7.08 2.34 2.59 4.61 4.42 1.80 3.98 3.49 1.41 0.60 6.52 7.09 5.24 7.29 6.62 1.64 5.64 2.60 5.26 3.04 4.35 5.43 3.36 
7.98 2.32 3.27 1.93 4.83 2.88 4.71 7.11 2.97 2.79 3.19 5.96 1.45 5.17 1.79 3.03 2.10 7.11 7.11 3.83 6.57 5.62 3.04 4.26 2.84 5.05 1.38 2.60 5.71 4.77 
8.48 4.55 5.34 3.75 7.07 1.47 2.49 8.26 1.16 1.53 5.40 3.75 1.37 2.97 3.65 2.19 0.66 7.64 8.27 6.04 8.40 7.64 2.61 6.46 3.78 6.44 3.18 4.71 6.60 2.54 
7.46 2.13 3.30 2.20 4.54 2.96 5.09 6.53 3.45 3.33 2.81 6.23 2.01 5.57 2.04 2.94 2.33 6.59 6.53 3.45 6.01 5.11 2.85 3.86 2.33 4.47 1.72 2.62 5.15 5.09 
9.41 1.79 1.91 0.24 4.20 4.51 5.75 8.20 3.77 3.28 3.05 7.22 2.21 6.13 0.21 4.76 3.62 8.55 8.19 3.60 7.03 5.81 4.79 4.01 4.34 6.08 0.37 1.39 7.02 5.96 
9.00 3.48 4.06 2.42 6.05 2.68 3.59 8.38 1.66 1.37 4.53 5.05 0.03 3.99 2.34 3.20 1.72 8.14 8.39 5.16 8.00 7.04 3.45 5.59 3.95 6.38 1.88 3.47 6.87 3.78 
10.26 6.25 6.75 5.08 8.82 3.01 1.17 10.25 1.11 1.58 7.26 2.86 2.74 1.35 5.03 3.85 2.62 9.45 10.27 7.89 10.43 9.63 4.37 8.32 5.81 8.48 4.60 6.20 8.55 1.68 
7.47 3.17 3.79 4.81 1.54 7.28 9.70 5.22 8.04 7.80 1.94 10.73 6.47 10.19 4.74 6.90 6.88 6.83 5.19 1.35 2.64 1.18 6.51 0.95 4.65 3.63 4.97 3.78 5.18 9.67 
9.13 2.77 3.24 1.59 5.33 3.35 4.41 8.27 2.44 2.02 3.91 5.88 0.86 4.80 1.51 3.74 2.41 8.26 8.27 4.52 7.59 6.54 3.90 4.96 4.00 6.21 1.06 2.66 6.88 4.61 
4.66 4.92 6.07 6.46 4.41 6.91 9.71 2.30 8.50 8.50 3.78 10.31 7.21 10.24 6.34 6.25 6.90 4.12 2.26 3.61 1.22 1.91 5.73 3.46 3.82 1.32 6.36 5.78 2.66 9.50 
2.99 6.01 7.44 6.82 7.17 4.29 7.06 3.43 6.64 6.97 5.61 7.09 6.06 7.57 6.66 3.45 4.83 2.15 3.46 5.93 5.34 5.63 2.93 6.09 2.38 2.82 6.40 6.84 1.69 6.66 
8.58 0.22 1.21 1.64 2.47 5.29 7.13 6.98 5.25 4.88 1.33 8.43 3.63 7.56 1.58 5.25 4.57 7.76 6.97 1.82 5.39 4.09 5.08 2.23 3.93 4.89 1.86 0.74 6.10 7.23 
4.03 5.19 6.42 6.66 4.93 6.66 9.50 1.76 8.40 8.45 4.13 10.00 7.19 10.03 6.53 5.96 6.73 3.48 1.73 4.04 1.79 2.53 5.42 3.94 3.58 0.91 6.51 6.07 2.05 9.25 
2.43 5.97 7.36 7.15 6.44 5.76 8.61 1.63 7.90 8.10 5.21 8.82 7.00 9.14 7.01 4.95 6.10 1.69 1.66 5.34 3.74 4.38 4.40 5.38 3.05 1.54 6.85 6.87 0.15 8.27 
4.24 4.31 5.74 5.25 5.49 3.88 6.75 3.55 5.86 6.03 3.89 7.19 4.92 7.28 5.10 3.15 4.09 3.38 3.56 4.23 4.34 4.27 2.61 4.43 0.96 1.91 4.89 5.16 1.96 6.47 
4.72 3.67 5.08 4.80 4.66 4.29 7.10 3.55 5.99 6.07 3.11 7.71 4.86 7.63 4.65 3.65 4.32 3.89 3.55 3.41 3.72 3.48 3.14 3.59 1.20 1.56 4.50 4.55 2.28 6.88 
12.01 4.80 4.35 3.15 6.96 5.68 5.31 11.10 3.56 2.89 6.08 6.99 3.14 5.43 3.24 6.30 4.75 11.14 11.09 6.58 10.08 8.85 6.58 6.98 6.88 9.00 3.17 4.17 9.75 5.77 
2.31 6.14 7.51 7.34 6.52 6.00 8.85 1.41 8.14 8.34 5.34 9.05 7.23 9.38 7.20 5.19 6.34 1.62 1.43 5.44 3.67 4.38 4.63 5.46 3.27 1.60 7.05 7.03 0.39 8.51 
3.29 5.64 7.06 6.45 6.83 4.06 6.87 3.47 6.37 6.67 5.25 6.99 5.73 7.39 6.29 3.23 4.55 2.43 3.50 5.59 5.16 5.38 2.69 5.76 2.01 2.62 6.03 6.47 1.70 6.49 
4.87 4.71 6.08 5.20 6.42 2.54 5.40 4.82 4.78 5.08 4.67 5.74 4.18 5.93 5.04 1.75 2.97 4.02 4.84 5.14 5.80 5.61 1.19 5.42 1.13 3.37 4.71 5.43 3.07 5.08 
4.19 5.96 7.10 7.50 5.33 7.65 10.50 1.65 9.39 9.43 4.81 10.98 8.16 11.03 7.38 6.94 7.73 3.83 1.60 4.61 1.43 2.68 6.40 4.44 4.58 1.90 7.39 6.82 2.72 10.25 
9.61 2.58 2.75 1.09 5.05 4.04 4.97 8.61 2.96 2.44 3.81 6.49 1.50 5.32 1.07 4.42 3.10 8.74 8.60 4.38 7.68 6.53 4.55 4.81 4.47 6.50 0.76 2.25 7.30 5.21 
3.42 5.94 7.18 7.38 5.69 7.03 9.90 1.00 8.91 9.01 4.90 10.29 7.78 10.43 7.25 6.29 7.19 2.99 0.97 4.81 2.18 3.19 5.73 4.71 4.01 1.38 7.20 6.82 1.86 9.61 
12.52 4.92 4.23 3.32 6.85 6.44 6.15 11.46 4.39 3.71 6.18 7.84 3.82 6.28 3.44 7.01 5.49 11.66 11.46 6.63 10.23 8.93 7.25 7.00 7.39 9.35 3.48 4.18 10.21 6.61 
7.79 1.72 2.47 3.36 1.30 6.21 8.45 5.84 6.70 6.42 0.56 9.59 5.10 8.92 3.30 5.96 5.69 7.05 5.82 0.10 3.79 2.42 5.64 0.52 3.99 3.90 3.53 2.36 5.35 8.47 
3.24 5.57 6.88 6.93 5.63 6.34 9.20 1.27 8.26 8.38 4.63 9.58 7.18 9.73 6.80 5.58 6.53 2.65 1.26 4.63 2.60 3.34 5.03 4.59 3.35 0.86 6.71 6.47 1.24 8.91 
7.45 1.03 2.34 2.60 2.39 5.06 7.29 5.81 5.58 5.33 0.61 8.42 4.00 7.76 2.49 4.84 4.52 6.64 5.79 1.24 4.35 3.16 4.56 1.66 3.07 3.72 2.61 1.91 4.97 7.30 
3.39 5.35 6.78 6.22 6.49 4.11 6.95 3.31 6.35 6.62 4.93 7.15 5.62 7.47 6.06 3.29 4.53 2.52 3.33 5.25 4.85 5.03 2.74 5.42 1.79 2.30 5.82 6.19 1.53 6.59 
2.40 7.15 8.57 7.92 8.26 4.96 7.57 3.71 7.42 7.80 6.74 7.36 7.00 8.06 7.76 4.14 5.64 1.75 3.75 7.04 6.10 6.57 3.68 7.18 3.49 3.69 7.48 7.97 2.27 7.11 
10.97 4.24 4.12 2.63 6.62 4.56 4.41 10.17 2.53 1.85 5.49 6.08 2.02 4.61 2.67 5.17 3.62 10.10 10.17 6.05 9.37 8.23 5.46 6.47 5.86 8.10 2.46 3.77 8.76 4.82 
6.31 5.06 6.27 5.01 7.23 0.93 3.75 6.48 3.38 3.82 5.42 4.12 3.27 4.27 4.86 0.10 1.66 5.50 6.50 6.00 7.32 6.94 0.48 6.35 2.41 4.98 4.44 5.59 4.72 3.41 
7.17 7.45 8.57 7.17 9.67 2.43 3.34 8.09 4.29 4.94 7.86 2.62 5.00 3.71 7.04 2.44 3.35 6.52 8.12 8.44 9.48 9.26 2.78 8.79 4.69 7.00 6.58 7.90 6.32 2.77 
9.27 8.22 9.10 7.51 10.66 3.27 2.01 10.05 3.79 4.46 8.90 0.55 5.08 2.12 7.41 3.77 3.82 8.60 10.08 9.52 11.14 10.72 4.28 9.91 6.22 8.76 6.94 8.46 8.27 1.50 
8.22 2.98 3.82 2.32 5.52 2.42 4.02 7.54 2.28 2.15 3.89 5.31 0.86 4.48 2.19 2.73 1.54 7.35 7.54 4.53 7.19 6.29 2.87 4.96 3.13 5.54 1.74 3.17 6.05 4.10 
8.75 3.87 4.56 2.94 6.43 2.16 3.13 8.29 1.33 1.28 4.83 4.53 0.53 3.56 2.85 2.74 1.20 7.89 8.29 5.47 8.11 7.24 3.05 5.90 3.80 6.35 2.38 3.94 6.71 3.28 
3.05 6.08 7.50 6.85 7.28 4.20 6.95 3.58 6.58 6.92 5.71 6.96 6.03 7.46 6.70 3.36 4.77 2.23 3.62 6.04 5.50 5.78 2.85 6.21 2.42 2.98 6.42 6.90 1.85 6.55 
10.54 5.41 5.71 4.05 7.96 3.45 2.45 10.22 0.95 0.68 6.52 4.13 2.01 2.62 4.03 4.23 2.72 9.70 10.22 7.15 10.02 9.07 4.67 7.58 5.73 8.30 3.64 5.21 8.61 2.91 
6.62 5.37 6.53 5.20 7.60 0.71 3.37 6.88 3.20 3.69 5.80 3.68 3.29 3.89 5.06 0.39 1.61 5.82 6.91 6.38 7.76 7.37 0.91 6.74 2.85 5.42 4.63 5.85 5.12 3.01 
10.54 8.20 8.86 7.21 10.74 3.81 1.21 11.06 3.21 3.80 9.07 1.04 4.77 0.90 7.13 4.52 3.99 9.81 11.08 9.71 11.79 11.19 5.08 10.12 6.90 9.56 6.68 8.27 9.28 1.22 
9.11 7.15 7.98 6.38 9.64 2.42 1.08 9.60 2.64 3.32 7.91 1.12 3.94 1.43 6.28 3.08 2.78 8.37 9.62 8.54 10.40 9.87 3.63 8.94 5.50 8.13 5.82 7.35 7.82 0.49 
11.32 4.86 4.76 3.26 7.25 4.65 4.10 10.63 2.39 1.73 6.10 5.79 2.32 4.24 3.30 5.33 3.76 10.46 10.64 6.67 9.95 8.82 5.67 7.09 6.25 8.59 3.06 4.41 9.17 4.56 
10.81 7.14 7.63 5.96 9.71 3.62 0.98 10.95 2.01 2.44 8.15 2.44 3.63 0.75 5.91 4.44 3.39 10.02 10.97 8.78 11.26 10.50 4.99 9.21 6.56 9.24 5.49 7.08 9.22 1.56 
4.14 4.43 5.86 5.36 5.60 3.89 6.76 3.51 5.91 6.09 4.01 7.17 4.99 7.29 5.21 3.15 4.13 3.28 3.52 4.35 4.39 4.35 2.60 4.54 1.04 1.93 4.99 5.28 1.89 6.47 
6.70 5.02 5.76 6.68 3.40 8.41 11.05 4.19 9.56 9.42 3.75 11.88 8.08 11.56 6.60 7.87 8.19 6.24 4.15 3.26 1.12 1.01 7.39 2.90 5.43 3.40 6.77 5.71 4.82 10.93 
7.62 7.26 8.33 6.86 9.56 2.17 2.76 8.40 3.78 4.44 7.77 2.13 4.61 3.13 6.74 2.38 3.01 6.94 8.43 8.36 9.63 9.33 2.81 8.73 4.77 7.20 6.28 7.65 6.62 2.18 
7.98 5.68 6.13 7.30 3.53 9.57 12.12 5.44 10.53 10.31 4.46 13.04 8.98 12.62 7.25 9.08 9.27 7.56 5.39 3.87 2.40 2.11 8.63 3.44 6.68 4.76 7.49 6.22 6.18 12.04 
6.32 2.93 4.00 4.55 2.51 6.17 8.74 4.26 7.23 7.09 1.72 9.64 5.75 9.25 4.45 5.71 5.88 5.62 4.23 1.53 2.39 1.34 5.28 1.46 3.37 2.41 4.55 3.75 3.94 8.65 
9.07 5.68 6.41 4.78 8.22 1.82 1.34 9.11 1.07 1.75 6.55 2.69 2.33 1.83 4.69 2.66 1.57 8.26 9.13 7.19 9.46 8.76 3.19 7.61 4.71 7.40 4.23 5.80 7.39 1.42 
9.40 7.29 8.08 6.46 9.80 2.66 0.88 9.87 2.63 3.30 8.08 1.01 4.01 1.17 6.37 3.34 2.95 8.66 9.90 8.71 10.64 10.09 3.90 9.12 5.75 8.39 5.91 7.46 8.10 0.32 
7.32 1.92 2.86 3.58 1.67 6.03 8.38 5.38 6.70 6.46 0.65 9.45 5.13 8.86 3.50 5.72 5.58 6.58 5.35 0.44 3.43 2.12 5.37 0.65 3.65 3.43 3.68 2.67 4.88 8.36 
4.43 7.27 8.62 7.61 8.94 3.61 5.82 5.66 6.08 6.59 7.22 5.38 6.09 6.27 7.45 2.92 4.48 3.83 5.70 7.67 7.64 7.80 2.69 7.92 3.67 5.10 7.08 7.97 4.01 5.31 
