6.43 1.86 3.01 6.25 3.29 3.63 4.39 5.05 8.00 2.56 1.49 2.47 7.34 6.23 2.65 2.96 1.74 3.38 4.41 3.85 3.39 6.14 3.64 7.37 6.09 4.85 4.34 6.28 1.78 3.02 6.39 9.71 6.03 6.26 1.85 2.26 5.85 7.77 3.47 2.70 3.19 4.63 1.20 7.51 7.11 7.17 8.16 2.28 7.23 4.81 5.89 4.21 6.31 6.06 7.04 
7.87 11.00 6.27 5.35 10.02 7.02 8.30 6.09 1.51 10.73 8.72 8.76 1.94 5.68 7.60 9.01 8.26 6.76 7.96 7.11 12.66 5.14 5.65 2.00 9.47 6.39 6.58 9.98 10.76 8.50 7.82 0.66 6.91 4.53 10.51 10.88 7.09 3.70 5.82 7.87 6.15 4.66 10.44 4.29 3.98 2.28 3.29 7.54 4.06 8.48 8.12 9.96 5.28 8.24 4.62 
4.32 3.96 2.12 6.22 5.13 4.16 5.49 5.25 6.84 4.68 0.88 1.03 6.02 4.10 3.41 1.53 0.45 3.68 2.35 4.44 5.03 6.03 2.49 5.92 7.37 5.17 2.19 7.67 3.94 1.23 4.27 8.44 3.86 4.29 2.65 4.43 3.69 5.83 2.58 3.65 1.93 3.38 3.27 5.50 5.16 5.67 6.27 2.89 5.26 2.86 3.82 5.89 6.26 4.00 5.00 
6.83 4.21 1.52 3.44 3.28 1.09 2.61 2.29 5.52 3.79 3.25 4.04 5.06 5.68 0.73 4.58 3.01 0.62 5.15 1.38 6.10 3.31 1.98 5.23 4.50 2.15 4.24 4.87 3.91 4.30 6.77 7.28 6.06 5.16 4.58 3.95 5.99 6.42 1.57 1.07 2.01 2.68 3.77 6.38 5.84 5.12 6.68 0.62 6.00 5.76 6.48 3.60 3.49 6.67 6.03 
0.76 8.54 5.43 8.83 9.71 7.92 9.54 8.39 7.09 9.37 5.39 4.57 6.13 1.76 7.55 4.32 5.10 7.38 2.54 8.21 9.13 8.57 5.13 5.70 11.41 8.48 2.72 11.81 8.58 3.99 0.74 7.96 0.88 2.96 6.65 9.10 1.00 3.68 5.54 7.86 4.94 5.11 7.86 3.06 3.33 5.39 4.18 7.08 3.24 2.47 1.35 10.35 8.83 1.33 2.69 
6.89 1.93 5.05 8.48 4.76 5.84 6.39 7.27 10.05 3.48 2.58 2.99 9.32 7.37 4.85 3.16 3.04 5.61 4.94 6.04 1.66 8.37 5.62 9.28 7.90 7.06 5.48 7.99 2.28 3.54 6.86 11.73 6.81 7.72 0.84 2.91 6.59 9.26 5.53 4.85 5.10 6.60 1.67 8.89 8.59 9.05 9.71 4.51 8.68 5.08 6.27 5.78 8.54 6.39 8.38 
3.90 4.46 2.06 6.19 5.53 4.31 5.73 5.29 6.53 5.15 1.37 1.22 5.68 3.60 3.65 1.60 0.95 3.81 1.99 4.60 5.51 5.99 2.31 5.55 7.63 5.24 1.69 7.95 4.43 1.18 3.85 8.10 3.39 3.81 3.09 4.91 3.23 5.35 2.48 3.91 1.76 3.11 3.77 5.01 4.68 5.29 5.80 3.13 4.77 2.56 3.44 6.25 6.22 3.62 4.51 
6.11 2.05 3.03 6.47 3.68 3.90 4.74 5.29 8.04 2.91 1.16 2.11 7.35 6.01 2.93 2.59 1.46 3.61 4.08 4.13 3.37 6.35 3.64 7.35 6.46 5.11 4.10 6.66 2.04 2.67 6.07 9.74 5.75 6.10 1.56 2.57 5.56 7.63 3.51 3.01 3.15 4.63 1.36 7.34 6.96 7.14 8.04 2.52 7.07 4.46 5.56 4.60 6.53 5.72 6.86 
1.21 9.11 5.92 9.20 10.25 8.40 10.03 8.81 7.24 9.93 5.96 5.14 6.29 2.03 8.06 4.88 5.66 7.86 3.11 8.68 9.68 8.93 5.59 5.84 11.89 8.91 3.24 12.30 9.15 4.55 1.22 8.00 1.40 3.17 7.21 9.66 1.55 3.66 6.00 8.38 5.43 5.50 8.42 3.05 3.40 5.54 4.12 7.60 3.29 3.00 1.84 10.88 9.19 1.79 2.75 
4.12 4.74 1.42 5.53 5.40 3.82 5.33 4.68 5.83 5.22 1.86 1.94 5.00 3.40 3.28 2.33 1.40 3.29 2.41 4.11 5.99 5.31 1.59 4.90 7.23 4.66 1.62 7.59 4.65 1.88 4.06 7.42 3.45 3.39 3.66 5.06 3.33 4.91 1.79 3.58 1.06 2.39 4.06 4.63 4.25 4.64 5.33 2.79 4.36 3.03 3.74 6.03 5.56 3.93 4.16 
4.35 7.92 3.26 5.18 7.81 5.17 6.81 5.08 3.23 8.07 5.18 5.04 2.25 2.20 5.27 5.23 4.72 4.70 4.13 5.40 9.30 4.91 2.63 1.91 8.51 5.26 2.74 8.98 7.76 4.71 4.28 4.45 3.34 1.03 6.96 8.05 3.46 1.88 2.99 5.61 2.92 1.89 7.27 1.93 1.35 1.60 2.16 4.99 1.52 4.67 4.46 8.11 5.16 4.61 1.75 
6.20 7.03 2.40 2.90 6.16 3.23 4.76 2.83 2.64 6.76 5.04 5.34 2.09 4.29 3.66 5.73 4.61 2.87 5.30 3.40 8.75 2.63 1.87 2.29 6.33 3.04 3.90 6.81 6.77 5.26 6.13 4.37 5.21 3.27 6.77 6.89 5.26 4.02 1.91 3.95 2.43 1.06 6.49 4.20 3.61 2.22 4.12 3.56 3.78 5.94 6.13 6.25 2.89 6.31 4.05 
6.90 5.95 1.95 2.20 4.75 1.78 3.31 1.58 3.82 5.47 4.54 5.10 3.47 5.27 2.33 5.57 4.18 1.48 5.61 1.94 7.81 1.99 1.82 3.72 4.95 1.71 4.37 5.42 5.65 5.18 6.83 5.57 5.98 4.43 6.10 5.68 5.98 5.39 1.54 2.59 2.28 1.77 5.49 5.50 4.91 3.68 5.54 2.36 5.09 6.26 6.70 4.80 2.23 6.89 5.27 
6.76 2.18 5.13 8.63 5.00 6.01 6.60 7.44 10.13 3.73 2.60 2.93 9.38 7.31 5.03 3.05 3.06 5.77 4.84 6.22 1.77 8.52 5.69 9.33 8.13 7.23 5.44 8.22 2.53 3.46 6.74 11.79 6.72 7.70 0.81 3.16 6.49 9.24 5.62 5.04 5.16 6.67 1.90 8.86 8.57 9.09 9.70 4.67 8.66 4.95 6.14 6.02 8.69 6.25 8.35 
4.89 3.29 2.42 6.37 4.66 4.09 5.27 5.31 7.33 4.09 0.26 1.09 6.55 4.78 3.24 1.63 0.23 3.67 2.88 4.36 4.37 6.20 2.91 6.48 7.12 5.19 2.87 7.38 3.29 1.55 4.85 8.97 4.50 4.96 2.05 3.80 4.32 6.50 2.91 3.43 2.36 3.85 2.60 6.17 5.83 6.24 6.93 2.74 5.93 3.32 4.36 5.49 6.41 4.53 5.68 
9.27 5.22 3.92 2.70 2.77 1.42 0.57 1.68 6.25 4.06 5.50 6.39 6.16 7.95 2.09 6.94 5.35 1.95 7.62 1.13 7.25 2.79 4.23 6.50 2.10 1.37 6.67 2.55 4.82 6.72 9.21 7.91 8.46 7.24 6.44 4.52 8.40 8.28 3.81 1.93 4.40 4.57 5.08 8.36 7.78 6.50 8.42 2.60 7.96 8.22 8.94 2.31 2.78 9.13 8.10 
4.01 4.21 2.31 6.44 5.45 4.44 5.80 5.49 6.89 4.99 1.07 0.88 6.04 3.88 3.72 1.31 0.71 3.96 2.03 4.73 5.18 6.24 2.62 5.92 7.69 5.43 1.96 7.99 4.21 0.95 3.96 8.46 3.58 4.14 2.75 4.71 3.40 5.69 2.75 3.97 2.06 3.45 3.52 5.33 5.02 5.65 6.14 3.20 5.11 2.54 3.50 6.22 6.47 3.68 4.83 
3.63 4.89 4.53 8.66 6.99 6.57 7.79 7.69 8.83 6.14 2.38 1.46 7.92 4.68 5.75 0.92 2.50 6.11 1.96 6.85 4.96 8.46 4.79 7.71 9.62 7.61 3.14 9.87 5.07 1.31 3.62 10.28 3.79 5.42 2.65 5.70 3.55 6.87 4.96 5.95 4.25 5.52 4.29 6.37 6.25 7.42 7.38 5.24 6.28 1.83 2.99 7.89 8.69 3.08 5.85 
4.32 7.22 2.56 4.84 7.13 4.56 6.22 4.60 3.49 7.37 4.53 4.46 2.54 2.34 4.61 4.70 4.07 4.07 3.78 4.80 8.63 4.57 1.94 2.32 7.96 4.75 2.34 8.41 7.06 4.18 4.26 4.89 3.32 1.39 6.33 7.35 3.40 2.55 2.31 4.94 2.22 1.29 6.58 2.52 1.97 2.03 2.86 4.30 2.13 4.36 4.33 7.46 4.83 4.50 2.24 
8.73 10.74 6.18 4.33 9.40 6.40 7.49 5.27 1.25 10.26 8.80 9.00 2.21 6.52 7.12 9.32 8.35 6.25 8.51 6.44 12.52 4.17 5.63 2.56 8.45 5.58 7.08 8.96 10.45 8.82 8.67 1.13 7.73 5.32 10.55 10.49 7.88 4.81 5.70 7.36 6.18 4.69 10.23 5.37 4.95 2.87 4.48 7.17 5.07 9.08 8.89 9.20 4.25 9.03 5.60 
8.55 3.34 3.49 4.28 1.27 1.76 1.51 3.06 7.28 2.24 4.13 5.11 6.95 7.65 1.33 5.65 4.11 2.02 6.68 1.74 5.36 4.29 4.03 7.18 3.15 2.76 6.04 3.37 2.94 5.54 8.49 9.02 7.88 7.20 4.73 2.65 7.78 8.48 3.63 0.99 3.95 4.73 3.24 8.43 7.90 7.10 8.73 1.70 8.06 7.23 8.12 1.60 4.36 8.30 8.07 
8.68 10.17 5.71 3.62 8.73 5.75 6.79 4.58 1.16 9.64 8.37 8.63 2.11 6.50 6.51 8.99 7.93 5.63 8.30 5.78 11.99 3.46 5.20 2.56 7.73 4.90 6.86 8.24 9.87 8.50 8.62 1.82 7.67 5.28 10.09 9.88 7.80 4.99 5.22 6.73 5.76 4.30 9.68 5.50 5.03 2.86 4.72 6.58 5.17 8.89 8.79 8.51 3.54 8.95 5.67 
8.37 0.57 4.73 7.05 2.39 4.36 4.35 5.80 9.49 1.00 3.42 4.33 8.95 8.23 3.47 4.74 3.73 4.35 6.34 4.46 2.50 7.02 5.38 9.05 5.60 5.53 6.34 5.63 0.25 4.91 8.33 11.24 8.02 8.21 2.80 0.42 7.84 9.69 5.11 3.31 5.01 6.33 1.03 9.46 9.04 8.89 10.06 3.37 9.16 6.68 7.81 3.40 7.13 7.96 9.01 
7.92 8.36 4.08 2.05 6.90 3.91 5.02 2.80 1.83 7.79 6.76 7.15 2.09 5.87 4.67 7.56 6.35 3.78 7.15 3.94 10.21 1.83 3.66 2.58 6.14 3.11 5.74 6.66 8.04 7.10 7.85 3.43 6.91 4.73 8.42 8.04 6.99 4.99 3.59 4.88 4.22 2.92 7.90 5.36 4.79 2.75 4.91 4.76 4.96 7.78 7.90 6.72 1.99 8.08 5.36 
5.59 8.06 3.29 4.10 7.48 4.62 6.17 4.21 2.10 7.97 5.67 5.73 1.17 3.47 4.94 6.02 5.21 4.22 5.17 4.80 9.64 3.82 2.64 1.08 7.73 4.44 3.73 8.22 7.85 5.51 5.53 3.58 4.58 2.29 7.46 8.04 4.69 2.68 2.88 5.26 3.12 1.66 7.47 2.95 2.37 0.90 2.73 4.77 2.54 5.75 5.66 7.63 4.06 5.82 2.91 
7.54 7.17 3.09 1.53 5.72 2.72 3.95 1.76 2.85 6.59 5.74 6.23 2.77 5.67 3.47 6.68 5.36 2.58 6.50 2.77 9.05 1.26 2.79 3.15 5.27 2.05 5.15 5.77 6.85 6.25 7.47 4.55 6.57 4.64 7.34 6.84 6.61 5.27 2.62 3.68 3.31 2.29 6.72 5.52 4.92 3.21 5.30 3.57 5.10 7.15 7.43 5.60 1.51 7.62 5.40 
5.04 7.78 3.01 4.43 7.40 4.63 6.24 4.40 2.65 7.78 5.25 5.25 1.71 2.94 4.85 5.51 4.78 4.19 4.61 4.84 9.28 4.16 2.36 1.51 7.88 4.60 3.18 8.35 7.58 5.00 4.98 4.07 4.03 1.79 7.04 7.82 4.13 2.45 2.65 5.17 2.77 1.45 7.16 2.62 2.03 1.25 2.61 4.62 2.20 5.19 5.10 7.62 4.41 5.26 2.50 
4.69 3.55 2.23 6.25 4.80 4.05 5.30 5.22 7.09 4.30 0.51 1.07 6.30 4.51 3.24 1.61 0.05 3.60 2.69 4.33 4.65 6.07 2.69 6.22 7.16 5.12 2.60 7.44 3.53 1.44 4.65 8.72 4.26 4.68 2.31 4.03 4.09 6.22 2.72 3.45 2.13 3.62 2.86 5.90 5.55 5.98 6.65 2.73 5.65 3.17 4.17 5.60 6.29 4.35 5.41 
6.06 6.97 2.30 3.02 6.15 3.25 4.80 2.91 2.72 6.72 4.93 5.22 2.12 4.17 3.64 5.60 4.50 2.87 5.17 3.43 8.67 2.75 1.76 2.29 6.39 3.11 3.76 6.87 6.72 5.13 6.00 4.44 5.08 3.16 6.67 6.85 5.13 3.94 1.82 3.94 2.32 0.92 6.42 4.11 3.52 2.21 4.06 3.52 3.69 5.80 5.99 6.27 3.01 6.17 3.94 
2.77 6.94 2.96 6.23 7.49 5.39 7.04 5.78 5.03 7.42 3.89 3.49 4.06 1.23 5.14 3.57 3.47 4.85 2.29 5.66 8.03 5.97 2.56 3.75 8.88 5.87 0.99 9.30 6.87 3.06 2.71 6.29 1.80 1.34 5.57 7.28 1.84 2.87 2.98 5.47 2.47 2.50 6.25 2.48 2.21 3.44 3.35 4.72 2.28 2.83 2.73 8.02 6.23 2.91 1.98 
6.17 2.22 2.67 6.02 3.43 3.46 4.33 4.84 7.66 2.82 1.28 2.29 6.99 5.90 2.49 2.80 1.46 3.16 4.15 3.69 3.73 5.90 3.30 7.02 6.09 4.66 4.01 6.31 2.12 2.81 6.12 9.38 5.73 5.91 2.01 2.57 5.56 7.42 3.13 2.58 2.84 4.28 1.56 7.16 6.75 6.82 7.81 2.07 6.87 4.59 5.64 4.30 6.08 5.81 6.69 
6.69 3.99 1.45 3.70 3.23 1.30 2.74 2.55 5.71 3.64 3.00 3.81 5.21 5.63 0.73 4.35 2.77 0.87 4.98 1.59 5.86 3.57 1.98 5.36 4.64 2.40 4.12 5.00 3.70 4.09 6.64 7.46 5.95 5.16 4.32 3.77 5.87 6.46 1.59 1.07 1.93 2.75 3.54 6.39 5.86 5.24 6.73 0.44 6.02 5.58 6.33 3.62 3.75 6.52 6.03 
5.14 2.93 3.16 7.03 4.77 4.64 5.68 5.93 8.08 3.99 0.49 1.07 7.29 5.30 3.73 1.50 0.94 4.26 3.10 4.90 3.73 6.87 3.66 7.22 7.46 5.79 3.39 7.69 3.02 1.66 5.10 9.71 4.88 5.59 1.32 3.60 4.67 7.13 3.65 3.87 3.11 4.60 2.26 6.78 6.46 6.97 7.58 3.25 6.55 3.42 4.55 5.68 7.07 4.71 6.27 
0.90 7.95 4.76 8.21 9.05 7.25 8.86 7.74 6.65 8.74 4.79 4.02 5.67 1.31 6.88 3.82 4.48 6.71 2.04 7.53 8.63 7.95 4.46 5.27 10.74 7.82 2.04 11.13 7.98 3.45 0.84 7.63 0.20 2.51 6.14 8.48 0.38 3.47 4.86 7.19 4.26 4.48 7.27 2.87 3.02 4.95 3.99 6.41 2.97 2.11 1.22 9.68 8.21 1.30 2.42 
10.69 4.58 5.55 5.00 1.66 3.34 1.82 4.04 8.61 3.04 6.18 7.18 8.47 9.72 3.36 7.72 6.21 3.80 8.82 3.14 6.43 5.13 6.03 8.78 1.72 3.73 8.17 1.63 4.18 7.64 10.63 10.27 10.01 9.19 6.49 3.63 9.91 10.37 5.61 3.04 6.03 6.60 4.76 10.39 9.83 8.76 10.58 3.81 10.00 9.35 10.26 0.65 5.09 10.45 10.06 
9.84 3.78 4.79 4.86 0.85 2.78 1.60 3.76 8.25 2.30 5.28 6.29 8.02 8.95 2.61 6.82 5.32 3.17 7.95 2.65 5.70 4.94 5.31 8.29 2.37 3.44 7.35 2.42 3.37 6.75 9.78 9.95 9.19 8.49 5.60 2.87 9.08 9.73 4.90 2.27 5.26 5.96 3.91 9.70 9.16 8.24 9.96 3.01 9.32 8.47 9.40 0.29 4.94 9.58 9.36 
7.27 3.67 2.10 3.78 2.59 1.12 2.23 2.55 6.18 3.11 3.26 4.16 5.74 6.27 0.15 4.70 3.11 0.96 5.49 1.34 5.62 3.70 2.63 5.93 4.11 2.34 4.72 4.44 3.33 4.50 7.21 7.94 6.56 5.81 4.35 3.32 6.47 7.10 2.24 0.43 2.57 3.38 3.30 7.04 6.51 5.82 7.37 0.38 6.67 6.07 6.88 2.97 3.84 7.07 6.68 
3.20 6.16 2.25 5.83 6.72 4.72 6.35 5.25 5.16 6.63 3.16 2.88 4.22 2.01 4.41 3.05 2.73 4.19 2.15 5.01 7.31 5.58 1.94 4.00 8.22 5.31 0.72 8.62 6.08 2.54 3.13 6.57 2.33 2.00 4.89 6.48 2.29 3.55 2.34 4.73 1.75 2.15 5.48 3.22 2.88 3.70 3.99 3.97 2.97 2.77 3.01 7.26 5.84 3.19 2.74 
3.24 6.27 2.27 5.77 6.78 4.73 6.37 5.22 5.02 6.72 3.29 3.02 4.09 1.94 4.44 3.20 2.85 4.19 2.27 5.01 7.44 5.52 1.93 3.86 8.23 5.28 0.83 8.63 6.19 2.68 3.17 6.43 2.34 1.87 5.03 6.58 2.32 3.42 2.33 4.77 1.78 2.07 5.59 3.10 2.75 3.56 3.86 4.01 2.84 2.88 3.07 7.31 5.78 3.26 2.63 
2.11 5.98 3.62 7.61 7.36 6.05 7.55 6.87 7.08 6.88 2.85 2.00 6.13 2.62 5.47 1.80 2.61 5.53 0.19 6.35 6.60 7.38 3.60 5.85 9.45 6.87 1.25 9.78 6.04 1.42 2.06 8.41 1.87 3.40 4.11 6.58 1.64 4.82 3.91 5.75 3.19 4.06 5.30 4.31 4.20 5.55 5.33 4.96 4.23 0.84 1.59 8.10 7.63 1.77 3.79 
2.08 8.58 4.75 7.69 9.29 7.14 8.80 7.40 5.65 9.17 5.44 4.83 4.69 0.58 6.94 4.74 5.06 6.62 3.04 7.41 9.47 7.42 4.31 4.25 10.62 7.52 2.43 11.05 8.54 4.29 2.04 6.49 1.28 1.58 6.97 8.99 1.52 2.24 4.74 7.27 4.27 4.05 7.89 1.63 1.85 3.94 2.75 6.52 1.77 3.26 2.47 9.82 7.67 2.55 1.21 
8.34 1.89 6.20 9.23 4.76 6.53 6.73 7.99 11.20 3.32 3.95 4.45 10.52 8.82 5.56 4.62 4.40 6.40 6.40 6.68 0.20 9.16 6.81 10.52 7.98 7.74 6.92 7.98 2.30 5.00 8.32 12.91 8.27 9.12 2.30 2.74 8.05 10.66 6.66 5.48 6.33 7.80 2.16 10.31 9.99 10.31 11.10 5.32 10.08 6.53 7.72 5.75 9.30 7.83 9.81 
7.47 7.01 2.95 1.55 5.58 2.58 3.84 1.67 2.98 6.44 5.59 6.09 2.85 5.63 3.31 6.55 5.22 2.43 6.40 2.64 8.89 1.28 2.67 3.22 5.19 1.95 5.06 5.69 6.70 6.13 7.41 4.69 6.50 4.62 7.19 6.69 6.54 5.29 2.49 3.53 3.19 2.21 6.57 5.52 4.93 3.27 5.34 3.42 5.10 7.05 7.35 5.48 1.54 7.54 5.39 
2.69 9.79 5.91 8.54 10.48 8.24 9.90 8.37 6.02 10.39 6.65 6.00 5.13 1.77 8.09 5.87 6.28 7.72 4.12 8.50 10.64 8.26 5.43 4.64 11.69 8.52 3.64 12.13 9.76 5.45 2.67 6.55 2.24 2.39 8.15 10.21 2.48 2.22 5.85 8.42 5.44 5.04 9.10 1.67 2.19 4.37 2.61 7.69 2.03 4.24 3.24 10.98 8.51 3.25 1.62 
2.62 5.62 4.28 8.39 7.42 6.56 7.93 7.53 8.15 6.73 2.72 1.72 7.20 3.69 5.84 1.25 2.66 6.06 0.97 6.85 5.92 8.17 4.40 6.95 9.80 7.50 2.33 10.10 5.75 1.22 2.60 9.51 2.75 4.51 3.51 6.35 2.51 5.91 4.65 6.09 3.91 5.00 4.97 5.39 5.31 6.64 6.43 5.33 5.33 0.80 1.98 8.25 8.41 2.10 4.88 
6.00 8.33 3.57 3.91 7.61 4.69 6.19 4.15 1.68 8.16 6.02 6.12 0.79 3.85 5.09 6.41 5.56 4.33 5.59 4.85 9.95 3.65 2.94 0.83 7.68 4.40 4.15 8.17 8.10 5.91 5.93 3.21 4.99 2.66 7.81 8.27 5.10 2.88 3.13 5.40 3.44 1.95 7.75 3.22 2.65 0.78 2.86 4.96 2.81 6.18 6.08 7.71 3.87 6.24 3.22 
0.43 7.67 4.93 8.61 9.00 7.43 9.01 8.05 7.31 8.57 4.55 3.68 6.33 2.02 6.97 3.39 4.30 6.90 1.64 7.72 8.19 8.36 4.73 5.94 10.90 8.10 2.18 11.27 7.73 3.09 0.37 8.35 0.78 3.19 5.73 8.27 0.62 4.23 5.11 7.27 4.45 4.89 6.99 3.63 3.76 5.63 4.75 6.48 3.71 1.51 0.46 9.70 8.62 0.55 3.17 
7.84 3.66 2.66 3.75 2.12 1.06 1.72 2.50 6.48 2.86 3.71 4.64 6.11 6.83 0.47 5.18 3.60 1.19 6.04 1.17 5.66 3.71 3.17 6.32 3.58 2.24 5.29 3.89 3.29 5.01 7.78 8.23 7.13 6.35 4.63 3.16 7.03 7.61 2.76 0.14 3.14 3.86 3.39 7.57 7.03 6.24 7.86 0.93 7.19 6.61 7.44 2.42 3.82 7.63 7.22 
6.95 7.59 3.12 2.39 6.44 3.43 4.80 2.66 2.12 7.18 5.79 6.14 1.87 4.97 4.04 6.54 5.37 3.18 6.12 3.54 9.39 2.12 2.65 2.23 6.18 2.94 4.71 6.69 7.31 6.08 6.89 3.87 5.95 3.87 7.49 7.37 6.02 4.38 2.63 4.30 3.21 1.88 7.09 4.65 4.06 2.28 4.39 4.04 4.24 6.76 6.91 6.40 2.36 7.08 4.58 
6.94 1.24 4.35 7.58 3.87 4.92 5.44 6.37 9.35 2.68 2.19 2.88 8.67 7.13 3.94 3.20 2.61 4.72 4.92 5.11 2.05 7.49 4.96 8.67 6.97 6.15 5.21 7.08 1.50 3.47 6.90 11.06 6.72 7.33 1.06 2.15 6.51 8.87 4.82 3.92 4.47 5.95 0.77 8.55 8.20 8.46 9.29 3.62 8.30 5.17 6.34 4.88 7.65 6.48 8.06 
4.25 9.97 5.51 7.25 10.11 7.50 9.13 7.32 4.25 10.28 7.00 6.59 3.45 2.35 7.59 6.62 6.57 7.03 5.07 7.73 11.14 6.97 4.91 2.95 10.80 7.53 4.07 11.27 9.86 6.13 4.21 4.63 3.46 1.85 8.70 10.21 3.69 0.48 5.29 7.92 5.12 4.22 9.30 0.65 1.03 2.72 0.69 7.28 0.89 5.39 4.67 10.44 7.21 4.74 1.17 
7.46 7.47 3.25 1.77 6.09 3.09 4.33 2.14 2.47 6.93 5.92 6.36 2.41 5.53 3.80 6.79 5.52 2.92 6.51 3.15 9.33 1.50 2.88 2.81 5.63 2.43 5.14 6.13 7.16 6.35 7.39 4.18 6.47 4.46 7.56 7.17 6.52 5.00 2.76 4.03 3.43 2.26 7.01 5.27 4.68 2.88 5.00 3.88 4.85 7.16 7.38 5.98 1.74 7.56 5.18 
8.27 3.31 3.21 4.20 1.50 1.60 1.64 2.96 7.09 2.33 3.89 4.87 6.73 7.37 1.06 5.41 3.86 1.80 6.41 1.62 5.33 4.19 3.75 6.95 3.36 2.67 5.76 3.60 2.91 5.29 8.22 8.83 7.60 6.93 4.58 2.69 7.50 8.22 3.36 0.73 3.68 4.47 3.15 8.16 7.63 6.86 8.47 1.42 7.79 6.96 7.85 1.88 4.28 8.03 7.80 
2.52 10.03 6.34 9.11 10.86 8.71 10.37 8.91 6.64 10.70 6.87 6.15 5.75 2.16 8.52 5.97 6.52 8.19 4.19 8.98 10.77 8.84 5.89 5.26 12.19 9.05 3.92 12.62 10.02 5.58 2.51 7.14 2.31 2.94 8.28 10.50 2.53 2.82 6.31 8.85 5.85 5.57 9.34 2.29 2.80 4.98 3.20 8.10 2.65 4.21 3.12 11.40 9.09 3.10 2.21 
10.77 5.30 5.49 4.28 2.37 3.07 1.41 3.45 8.02 3.81 6.52 7.50 7.97 9.63 3.38 8.04 6.48 3.59 8.99 2.83 7.22 4.43 5.89 8.31 0.85 3.17 8.20 0.97 4.89 7.91 10.71 9.62 10.03 8.99 7.04 4.39 9.95 10.08 5.47 3.09 5.98 6.34 5.40 10.14 9.57 8.32 10.24 3.88 9.74 9.55 10.39 1.39 4.36 10.58 9.86 
8.84 7.69 4.16 0.46 5.78 3.00 3.70 1.59 3.43 6.87 6.71 7.31 3.67 6.97 3.94 7.79 6.37 3.10 7.74 2.92 9.66 0.35 3.97 4.13 4.59 1.89 6.42 5.10 7.34 7.39 8.77 4.92 7.87 5.92 8.19 7.22 7.90 6.43 3.74 4.06 4.47 3.58 7.34 6.73 6.14 4.26 6.41 4.19 6.31 8.39 8.72 5.43 0.39 8.90 6.65 
