5.02 2.71 3.45 8.48 3.48 8.89 5.60 4.37 2.84 4.16 6.33 4.24 4.53 2.26 8.54 2.10 5.93 4.97 5.83 8.71 2.20 5.53 2.36 4.15 7.32 8.43 3.76 3.33 3.51 7.17 5.79 1.60 10.26 4.56 4.79 9.54 5.42 8.60 3.78 4.34 2.63 2.59 2.96 9.33 8.27 
6.46 10.41 8.29 2.26 8.81 7.38 4.89 9.35 9.36 7.06 4.20 9.87 10.10 10.15 1.78 9.58 3.82 4.61 4.57 3.51 7.39 5.47 7.42 12.00 2.27 6.50 7.35 7.60 9.90 6.46 5.00 10.17 1.21 5.21 10.41 1.53 4.44 2.17 5.93 8.24 9.57 7.57 7.06 3.35 1.30 
5.04 3.75 1.75 5.13 2.28 5.51 4.47 6.33 5.25 0.99 4.88 3.47 3.76 5.36 6.18 4.90 3.89 2.32 4.51 5.14 2.39 1.89 1.34 5.35 4.40 4.92 0.93 0.99 6.04 3.70 2.18 4.95 7.61 1.52 4.11 6.28 2.22 5.25 2.74 5.64 2.91 1.08 3.24 5.78 5.37 
3.08 7.49 7.58 9.60 7.83 12.14 4.67 0.42 1.94 7.67 5.35 8.84 9.15 2.85 7.92 2.72 5.91 6.25 4.98 10.43 4.37 8.19 5.61 8.87 7.91 11.44 7.41 7.09 1.45 10.32 8.18 3.54 9.70 6.52 9.45 10.27 7.13 9.68 4.51 1.34 7.28 6.17 3.55 10.91 8.55 
7.25 2.85 0.96 6.51 0.98 4.78 6.76 8.11 6.79 1.45 7.16 1.50 1.69 6.56 8.24 6.24 6.14 4.52 6.80 6.06 4.22 2.96 2.97 3.94 6.28 4.56 1.37 1.50 7.57 3.36 3.43 5.96 9.48 3.69 2.00 7.71 4.15 6.63 4.98 7.60 2.14 2.38 5.26 6.70 7.19 
7.02 7.59 5.27 1.73 5.73 3.53 5.60 9.37 8.74 4.01 5.39 6.54 6.70 9.14 4.70 8.61 4.26 3.46 5.40 1.04 6.00 2.29 5.36 8.95 2.73 2.63 4.40 4.79 9.47 2.49 1.94 8.87 5.19 3.35 6.97 2.84 2.60 1.84 5.22 8.40 6.74 5.20 6.31 1.69 3.15 
7.57 5.80 3.53 4.05 3.87 2.40 6.48 9.35 8.37 2.49 6.55 4.44 4.54 8.49 6.63 8.04 5.36 3.95 6.38 3.25 5.49 1.61 4.46 6.94 4.53 1.79 2.90 3.34 9.15 0.58 1.83 8.06 7.42 3.35 4.77 5.19 3.11 4.16 5.36 8.55 5.01 4.08 6.19 3.85 5.23 
3.65 3.88 2.82 6.03 3.22 7.25 3.57 4.58 3.51 2.68 4.20 4.41 4.73 3.73 6.16 3.23 3.57 2.49 3.73 6.38 0.63 3.44 0.76 5.58 4.84 6.63 2.45 2.19 4.29 5.44 3.59 3.44 7.82 2.14 5.08 7.07 2.99 6.15 1.60 3.95 3.22 1.33 1.57 6.98 5.79 
5.19 4.28 2.12 4.55 2.66 5.04 4.43 6.72 5.73 1.01 4.75 3.79 4.05 5.90 5.82 5.42 3.69 2.07 4.43 4.53 2.85 1.29 1.91 5.83 3.95 4.41 1.19 1.43 6.51 3.22 1.57 5.52 7.17 1.24 4.39 5.72 1.76 4.68 2.89 5.97 3.43 1.69 3.58 5.17 4.90 
7.34 2.06 0.92 7.24 0.49 5.55 7.03 7.89 6.50 2.01 7.50 0.83 1.11 6.14 8.78 5.89 6.54 4.96 7.10 6.85 4.15 3.67 2.95 3.13 6.89 5.37 1.77 1.69 7.26 4.18 4.13 5.51 10.10 4.15 1.46 8.44 4.72 7.36 5.15 7.49 1.43 2.37 5.24 7.49 7.82 
5.24 4.77 2.57 4.06 3.10 4.79 4.34 6.96 6.04 1.36 4.58 4.18 4.43 6.28 5.45 5.79 3.46 1.86 4.30 4.04 3.18 0.88 2.35 6.29 3.52 4.10 1.63 1.91 6.82 2.97 1.09 5.93 6.74 1.07 4.77 5.23 1.36 4.18 2.98 6.15 3.91 2.18 3.80 4.68 4.46 
7.11 11.17 9.03 2.82 9.56 7.83 5.56 10.01 10.08 7.80 4.84 10.60 10.83 10.89 2.30 10.32 4.56 5.38 5.24 3.96 8.15 6.18 8.19 12.75 3.04 6.98 8.09 8.36 10.60 7.04 5.71 10.92 0.95 5.98 11.14 1.83 5.20 2.72 6.68 8.90 10.33 8.34 7.80 3.68 2.07 
7.53 5.43 3.18 4.37 3.51 2.58 6.51 9.21 8.18 2.20 6.63 4.05 4.15 8.26 6.85 7.82 5.44 3.97 6.43 3.62 5.31 1.62 4.24 6.55 4.75 2.07 2.60 3.04 8.97 0.81 1.92 7.81 7.71 3.31 4.38 5.53 3.17 4.49 5.28 8.44 4.65 3.82 6.06 4.23 5.49 
4.05 4.55 2.78 4.70 3.30 6.10 3.39 5.66 4.77 2.02 3.80 4.51 4.81 5.09 5.26 4.58 2.86 1.38 3.42 4.99 1.95 2.16 1.49 6.22 3.67 5.41 2.01 2.01 5.54 4.28 2.24 4.82 6.80 0.78 5.16 5.78 1.64 4.82 1.74 4.85 3.76 1.66 2.49 5.60 4.64 
9.34 7.63 5.46 4.37 5.73 0.76 8.09 11.32 10.39 4.52 8.01 6.05 6.07 10.54 7.49 10.08 6.83 5.66 7.93 3.12 7.52 3.51 6.51 8.56 5.51 0.26 4.93 5.37 11.17 1.51 3.54 10.11 7.82 5.20 6.23 5.24 4.75 4.44 7.23 10.47 6.89 6.12 8.15 3.47 5.93 
4.57 3.57 1.93 5.52 2.41 6.17 4.18 5.70 4.59 1.56 4.68 3.64 3.95 4.70 6.24 4.24 3.81 2.36 4.26 5.66 1.74 2.49 0.71 5.24 4.62 5.58 1.36 1.19 5.38 4.37 2.73 4.31 7.77 1.68 4.30 6.65 2.50 5.64 2.31 5.05 2.78 0.69 2.65 6.29 5.59 
4.98 2.38 1.98 7.09 2.17 7.29 5.07 5.24 3.87 2.55 5.70 3.21 3.53 3.64 7.59 3.30 5.04 3.78 5.23 7.20 1.69 3.95 0.96 4.08 6.11 6.81 2.15 1.73 4.64 5.56 4.25 3.10 9.20 3.21 3.86 8.20 4.05 7.21 3.10 4.88 1.80 0.99 2.79 7.83 7.08 
1.20 7.36 6.87 7.82 7.23 10.81 2.80 1.77 2.56 6.65 3.46 8.36 8.68 3.66 6.02 3.24 4.09 4.68 3.11 8.74 3.56 6.83 4.79 8.94 6.10 10.04 6.48 6.25 2.66 9.00 6.75 4.14 7.81 5.10 9.02 8.42 5.59 7.89 3.08 0.73 6.95 5.38 2.49 9.17 6.69 
8.70 7.31 5.08 3.84 5.39 1.33 7.45 10.72 9.82 4.05 7.37 5.82 5.88 10.00 6.90 9.54 6.19 5.02 7.29 2.66 6.95 2.91 5.99 8.34 4.90 0.43 4.47 4.91 10.60 1.12 2.92 9.59 7.32 4.58 6.06 4.79 4.11 3.93 6.62 9.85 6.54 5.62 7.55 3.09 5.36 
8.37 7.68 5.39 3.10 5.76 2.03 7.04 10.54 9.74 4.26 6.89 6.32 6.40 10.01 6.23 9.52 5.73 4.71 6.85 1.88 6.90 2.86 6.04 8.82 4.28 1.15 4.68 5.12 10.51 1.64 2.74 9.65 6.56 4.39 6.61 4.02 3.80 3.18 6.39 9.63 6.88 5.74 7.40 2.32 4.66 
7.65 3.71 1.76 6.07 1.86 3.91 6.99 8.75 7.50 1.63 7.31 2.16 2.26 7.33 8.10 6.99 6.21 4.60 6.99 5.47 4.80 2.65 3.56 4.67 6.07 3.72 1.78 2.08 8.28 2.56 3.12 6.77 9.21 3.78 2.49 7.26 4.06 6.19 5.35 8.17 3.02 3.00 5.78 6.10 6.93 
6.26 8.56 6.33 0.40 6.84 5.28 4.69 8.92 8.57 5.06 4.27 7.82 8.02 9.17 3.00 8.61 3.34 3.26 4.42 1.62 6.13 3.38 5.84 10.07 1.37 4.38 5.40 5.71 9.23 4.24 2.91 9.04 3.42 3.59 8.33 1.44 2.73 0.49 4.95 7.86 7.71 5.86 6.12 1.83 1.42 
0.72 6.75 6.07 7.00 6.45 9.89 2.11 2.36 2.61 5.78 2.85 7.62 7.94 3.64 5.45 3.13 3.31 3.77 2.43 7.87 2.81 5.91 4.00 8.38 5.30 9.12 5.62 5.41 2.97 8.09 5.83 3.99 7.26 4.18 8.28 7.66 4.67 7.07 2.16 1.27 6.27 4.58 1.70 8.33 5.96 
3.03 4.40 4.14 7.35 4.41 8.89 3.70 3.03 1.86 4.26 4.46 5.47 5.80 2.21 6.83 1.66 4.26 3.71 3.96 7.85 1.01 5.07 2.17 5.99 5.93 8.27 3.98 3.64 2.65 7.08 5.18 2.12 8.61 3.61 6.11 8.28 4.41 7.45 2.11 2.62 4.00 2.73 1.04 8.42 6.81 
5.27 2.22 1.56 6.94 1.76 6.91 5.25 5.65 4.28 2.20 5.85 2.84 3.17 4.05 7.63 3.72 5.12 3.77 5.39 6.98 1.98 3.69 1.00 3.92 6.06 6.46 1.79 1.35 5.05 5.21 4.02 3.49 9.20 3.13 3.50 8.08 3.94 7.06 3.28 5.26 1.54 0.78 3.09 7.62 7.03 
1.49 7.85 6.56 5.39 7.04 9.15 0.48 4.39 4.69 5.87 0.80 8.27 8.58 5.66 3.37 5.12 1.73 3.01 0.60 6.46 3.86 5.37 4.69 9.55 3.63 8.30 5.86 5.81 5.09 7.47 5.12 5.90 5.16 3.74 8.93 5.85 3.84 5.43 2.39 3.29 7.20 5.18 2.95 6.81 4.09 
5.69 2.82 4.09 9.39 4.02 9.61 6.40 4.59 3.05 4.94 7.16 4.57 4.83 2.18 9.42 2.26 6.81 5.89 6.65 9.60 3.09 6.39 3.26 3.94 8.24 9.20 4.53 4.09 3.58 7.94 6.67 1.46 11.15 5.47 5.05 10.46 6.34 9.51 4.65 4.77 3.00 3.43 3.75 10.23 9.18 
5.30 5.41 3.18 3.42 3.71 4.61 4.22 7.25 6.43 1.94 4.36 4.76 4.99 6.75 4.95 6.24 3.19 1.68 4.14 3.44 3.61 0.67 2.91 6.92 2.96 3.84 2.25 2.55 7.19 2.83 0.58 6.44 6.17 1.11 5.32 4.59 0.93 3.54 3.14 6.37 4.55 2.79 4.09 4.07 3.88 
6.96 4.33 2.06 4.99 2.41 3.61 6.14 8.37 7.25 1.15 6.38 3.08 3.24 7.25 7.03 6.84 5.25 3.66 6.11 4.47 4.42 1.56 3.26 5.53 4.98 3.18 1.52 1.95 8.04 1.93 2.02 6.76 8.12 2.88 3.51 6.18 3.04 5.11 4.66 7.68 3.54 2.78 5.27 5.11 5.84 
1.92 6.57 6.35 8.19 6.65 10.70 3.39 1.13 1.54 6.31 4.14 7.72 8.05 2.63 6.73 2.23 4.55 4.79 3.71 8.99 3.05 6.74 4.30 8.09 6.53 9.99 6.08 5.79 1.72 8.88 6.73 3.14 8.54 5.06 8.36 8.90 5.67 8.27 3.05 0.39 6.24 4.89 2.12 9.47 7.22 
6.71 1.06 1.28 7.76 0.96 6.72 6.67 6.89 5.43 2.53 7.24 1.54 1.84 4.97 8.85 4.76 6.43 4.97 6.80 7.57 3.43 4.26 2.40 2.63 7.13 6.45 2.14 1.80 6.16 5.22 4.68 4.31 10.33 4.22 2.14 8.94 4.95 7.89 4.71 6.61 0.21 1.97 4.53 8.22 8.10 
5.99 7.55 5.30 1.27 5.81 4.63 4.52 8.47 7.97 4.03 4.26 6.78 6.98 8.48 3.64 7.93 3.16 2.60 4.30 1.65 5.37 2.33 4.94 9.04 1.60 3.73 4.37 4.70 8.66 3.36 1.87 8.28 4.37 2.73 7.28 2.45 1.88 1.39 4.37 7.46 6.70 4.91 5.51 2.16 2.17 
8.37 8.94 6.62 2.08 7.04 3.42 6.88 10.83 10.25 5.39 6.56 7.73 7.85 10.67 5.33 10.14 5.52 4.92 6.64 0.78 7.52 3.74 6.87 10.20 3.70 2.65 5.80 6.21 10.97 3.19 3.44 10.40 5.30 4.87 8.09 2.65 4.09 2.10 6.69 9.84 8.11 6.69 7.81 0.81 3.75 
8.45 8.01 5.71 2.91 6.08 2.25 7.08 10.68 9.93 4.56 6.89 6.66 6.75 10.23 6.09 9.73 5.75 4.81 6.88 1.63 7.10 3.09 6.28 9.17 4.20 1.42 4.98 5.41 10.68 1.99 2.92 9.88 6.34 4.55 6.97 3.76 3.91 2.98 6.52 9.75 7.20 6.01 7.56 2.01 4.51 
8.10 8.81 6.48 1.82 6.91 3.55 6.61 10.58 10.00 5.24 6.29 7.64 7.77 10.43 5.08 9.90 5.24 4.67 6.37 0.51 7.29 3.56 6.67 10.10 3.43 2.75 5.65 6.05 10.72 3.17 3.24 10.18 5.11 4.64 8.01 2.47 3.85 1.86 6.44 9.57 7.97 6.50 7.56 0.68 3.50 
6.19 2.55 4.09 9.69 3.96 9.65 6.87 5.08 3.55 5.05 7.61 4.38 4.62 2.63 9.84 2.76 7.23 6.23 7.11 9.83 3.50 6.57 3.52 3.52 8.59 9.28 4.63 4.19 4.04 8.02 6.88 1.92 11.55 5.77 4.81 10.77 6.63 9.80 5.07 5.28 2.87 3.62 4.22 10.47 9.54 
7.51 7.17 4.85 2.63 5.26 2.68 6.19 9.69 8.92 3.64 6.06 5.96 6.08 9.22 5.57 8.71 4.90 3.84 6.01 1.68 6.09 2.09 5.29 8.42 3.55 1.78 4.06 4.48 9.67 1.61 1.91 8.88 6.10 3.54 6.33 3.70 2.94 2.73 5.53 8.77 6.34 5.03 6.55 2.28 4.05 
7.07 1.16 3.23 9.47 2.93 8.68 7.45 6.39 4.85 4.40 8.14 3.05 3.25 4.05 10.11 4.07 7.55 6.30 7.65 9.41 3.96 6.08 3.48 2.08 8.61 8.43 3.99 3.58 5.43 7.19 6.46 3.32 11.73 5.68 3.40 10.62 6.50 9.59 5.52 6.44 1.77 3.33 4.92 10.06 9.58 
7.11 1.56 3.62 9.78 3.33 9.09 7.58 6.27 4.72 4.76 8.28 3.45 3.64 3.86 10.32 3.94 7.74 6.55 7.79 9.75 4.09 6.43 3.72 2.28 8.87 8.82 4.35 3.94 5.26 7.58 6.80 3.14 11.96 5.96 3.78 10.92 6.79 9.90 5.67 6.38 2.17 3.62 5.00 10.40 9.84 
5.97 6.72 4.44 2.13 4.94 4.15 4.63 8.24 7.58 3.16 4.52 5.88 6.08 8.00 4.35 7.46 3.35 2.34 4.45 2.08 4.85 1.44 4.27 8.17 2.25 3.27 3.52 3.87 8.32 2.66 0.99 7.74 5.23 2.20 6.38 3.33 1.45 2.25 4.08 7.29 5.86 4.17 5.16 2.70 2.98 
3.87 5.81 3.91 3.60 4.44 6.03 2.75 6.06 5.46 2.89 2.93 5.62 5.90 5.97 4.02 5.42 1.82 0.21 2.68 4.12 2.90 2.15 2.75 7.46 2.41 5.22 3.03 3.15 6.17 4.29 1.95 5.81 5.53 0.65 6.24 4.60 0.74 3.70 1.89 5.10 5.00 2.93 3.01 4.67 3.37 
4.24 4.79 5.43 9.36 5.54 10.65 5.37 2.51 1.04 5.91 6.15 6.36 6.65 0.19 8.66 0.40 6.16 5.73 5.66 9.86 2.95 6.96 3.84 6.05 7.92 10.09 5.56 5.15 1.47 8.86 7.12 0.66 10.47 5.61 6.91 10.29 6.42 9.47 4.08 2.91 4.75 4.28 2.92 10.43 8.78 
5.45 3.39 4.56 9.58 4.53 10.05 6.29 4.11 2.60 5.34 7.06 5.13 5.40 1.65 9.41 1.81 6.81 6.01 6.55 9.86 3.14 6.70 3.52 4.49 8.34 9.60 4.93 4.50 3.06 8.35 6.96 0.94 11.16 5.67 5.62 10.61 6.53 9.69 4.64 4.39 3.55 3.77 3.64 10.47 9.26 
7.83 1.00 3.33 9.79 2.92 8.55 8.14 7.23 5.69 4.58 8.80 2.70 2.83 4.88 10.66 4.91 8.14 6.80 8.32 9.63 4.66 6.31 4.02 1.25 9.06 8.38 4.19 3.83 6.27 7.18 6.73 4.15 12.23 6.13 2.90 10.97 6.91 9.92 6.18 7.27 1.84 3.77 5.66 10.28 10.04 
7.39 8.77 6.46 0.94 6.93 4.29 5.86 9.95 9.47 5.19 5.49 7.77 7.93 9.98 4.20 9.43 4.49 4.11 5.60 0.42 6.86 3.45 6.37 10.16 2.60 3.43 5.57 5.94 10.17 3.60 3.05 9.77 4.30 4.21 8.20 1.74 3.37 0.98 5.87 8.92 7.92 6.28 7.02 0.66 2.62 
6.21 2.18 0.33 6.65 0.66 5.85 5.93 6.85 5.51 1.41 6.43 1.88 2.20 5.27 7.86 4.95 5.53 3.99 6.02 6.46 3.03 3.14 1.81 3.69 6.07 5.50 1.02 0.71 6.28 4.24 3.56 4.69 9.28 3.21 2.55 7.83 3.88 6.77 4.03 6.40 1.33 1.24 4.12 7.11 7.03 
8.76 5.25 3.36 5.79 3.47 2.39 7.87 10.15 8.98 2.90 8.05 3.53 3.51 8.89 8.36 8.51 6.88 5.35 7.81 4.89 6.19 3.03 4.99 6.01 6.26 2.44 3.19 3.56 9.77 1.63 3.39 8.34 9.18 4.61 3.64 6.91 4.61 5.90 6.46 9.49 4.61 4.46 7.08 5.44 6.98 
2.00 7.08 5.63 4.66 6.12 8.14 0.57 4.73 4.69 4.86 0.99 7.35 7.65 5.54 3.29 4.97 0.93 1.97 0.55 5.63 3.22 4.33 3.86 8.78 2.94 7.30 4.88 4.86 5.22 6.44 4.09 5.65 5.09 2.71 8.01 5.29 2.81 4.73 1.64 3.64 6.38 4.31 2.53 6.03 3.60 
4.85 8.20 6.14 1.85 6.68 6.36 3.26 7.59 7.39 4.96 2.80 7.78 8.03 8.09 1.98 7.52 1.94 2.38 2.98 3.03 5.20 3.52 5.19 9.82 0.12 5.45 5.21 5.43 7.99 5.02 3.07 8.04 3.15 2.99 8.36 2.43 2.26 1.90 3.82 6.52 7.38 5.35 4.99 3.30 0.93 
4.84 4.36 5.27 9.66 5.31 10.63 5.89 3.15 1.70 5.88 6.68 6.03 6.31 0.64 9.14 1.00 6.60 6.03 6.18 10.08 3.18 7.07 3.88 5.52 8.29 10.12 5.50 5.08 2.06 8.87 7.27 0.27 10.94 5.83 6.55 10.63 6.67 9.77 4.47 3.56 4.43 4.26 3.35 10.67 9.17 
1.41 6.84 6.44 7.84 6.78 10.57 2.94 1.52 2.05 6.30 3.66 7.89 8.22 3.14 6.25 2.70 4.15 4.54 3.26 8.69 3.13 6.60 4.37 8.41 6.15 9.83 6.10 5.84 2.25 8.76 6.55 3.60 8.06 4.88 8.54 8.51 5.44 7.91 2.85 0.43 6.46 4.96 2.09 9.15 6.80 
1.76 5.57 4.73 6.30 5.13 8.67 2.19 3.16 2.69 4.44 2.96 6.31 6.63 3.45 5.39 2.88 2.89 2.77 2.46 6.99 1.54 4.70 2.66 7.24 4.73 7.94 4.28 4.07 3.33 6.86 4.67 3.54 7.19 3.00 6.97 7.12 3.63 6.38 1.00 2.27 5.02 3.24 0.49 7.51 5.54 
4.73 2.59 2.61 7.51 2.76 7.93 5.02 4.70 3.27 3.18 5.71 3.72 4.03 2.99 7.76 2.67 5.17 4.06 5.22 7.70 1.53 4.51 1.35 4.23 6.42 7.44 2.80 2.37 4.03 6.19 4.77 2.45 9.43 3.59 4.34 8.59 4.45 7.62 3.10 4.43 2.19 1.58 2.54 8.33 7.38 
5.08 2.88 1.38 6.11 1.80 6.25 4.81 5.89 4.66 1.50 5.34 3.02 3.33 4.60 6.94 4.20 4.50 3.05 4.92 6.14 1.97 2.86 0.72 4.54 5.28 5.74 1.14 0.78 5.45 4.49 3.18 4.12 8.45 2.35 3.68 7.25 3.14 6.23 2.90 5.35 2.08 0.14 3.02 6.78 6.26 
7.49 1.46 3.68 9.97 3.34 9.07 7.93 6.67 5.13 4.87 8.62 3.32 3.48 4.26 10.62 4.34 8.05 6.81 8.13 9.89 4.44 6.57 3.99 1.90 9.12 8.84 4.46 4.07 5.66 7.61 6.96 3.54 12.23 6.19 3.58 11.12 7.01 10.09 6.00 6.78 2.19 3.84 5.37 10.54 10.09 
2.19 7.46 5.95 4.49 6.46 8.21 0.60 5.02 5.05 5.14 0.62 7.68 7.98 5.92 2.90 5.36 0.78 2.15 0.36 5.52 3.62 4.48 4.24 9.16 2.74 7.35 5.18 5.19 5.56 6.55 4.21 6.05 4.71 2.94 8.33 5.04 2.93 4.55 2.04 3.92 6.75 4.67 2.94 5.89 3.32 
4.73 9.39 7.46 2.89 7.99 7.79 3.18 7.62 7.72 6.34 2.46 9.14 9.40 8.56 0.48 8.00 2.27 3.46 2.85 4.22 5.99 5.00 6.24 11.04 1.63 6.89 6.54 6.71 8.22 6.52 4.56 8.64 2.08 4.21 9.74 2.85 3.62 2.87 4.44 6.52 8.59 6.50 5.51 4.31 1.22 
7.41 9.03 6.73 0.81 7.21 4.57 5.86 10.02 9.59 5.46 5.45 8.06 8.23 10.13 4.03 9.58 4.50 4.23 5.60 0.70 7.03 3.72 6.57 10.44 2.55 3.73 5.83 6.20 10.27 3.92 3.30 9.94 4.03 4.39 8.50 1.44 3.54 0.81 5.98 8.98 8.18 6.50 7.14 0.65 2.46 
1.96 7.29 5.85 4.71 6.34 8.30 0.42 4.76 4.78 5.08 0.78 7.57 7.87 5.65 3.17 5.09 0.97 2.16 0.33 5.71 3.41 4.51 4.08 8.99 2.96 7.45 5.10 5.08 5.29 6.61 4.26 5.79 4.98 2.91 8.22 5.29 2.98 4.77 1.84 3.66 6.60 4.52 2.68 6.10 3.57 
1.11 7.23 6.72 7.71 7.08 10.66 2.71 1.81 2.50 6.50 3.38 8.22 8.54 3.59 5.96 3.16 3.99 4.54 3.02 8.61 3.41 6.68 4.64 8.81 5.99 9.89 6.33 6.09 2.65 8.86 6.60 4.06 7.75 4.95 8.87 8.33 5.45 7.78 2.93 0.73 6.81 5.23 2.34 9.06 6.60 
7.15 0.86 1.52 8.07 1.08 6.76 7.11 7.26 5.79 2.80 7.67 1.23 1.51 5.27 9.26 5.10 6.85 5.37 7.23 7.82 3.86 4.54 2.84 2.25 7.50 6.55 2.44 2.15 6.50 5.33 4.97 4.59 10.71 4.61 1.78 9.26 5.31 8.20 5.15 7.01 0.40 2.39 4.97 8.47 8.47 
8.78 4.87 3.10 6.16 3.15 2.83 7.97 10.05 8.83 2.82 8.19 3.11 3.07 8.68 8.63 8.33 7.04 5.47 7.93 5.30 6.09 3.22 4.86 5.57 6.53 2.91 3.05 3.40 9.62 2.05 3.62 8.12 9.52 4.70 3.19 7.30 4.78 6.28 6.47 9.42 4.27 4.31 7.02 5.87 7.29 
2.37 5.11 4.74 7.29 5.04 9.25 3.21 2.52 1.68 4.74 4.00 6.14 6.46 2.37 6.47 1.79 3.97 3.69 3.50 7.91 1.45 5.34 2.70 6.70 5.77 8.58 4.49 4.19 2.39 7.43 5.39 2.49 8.27 3.75 6.79 8.16 4.48 7.39 1.95 1.96 4.70 3.28 0.78 8.45 6.60 
3.24 8.35 6.64 3.75 7.16 8.06 1.67 6.12 6.23 5.66 0.99 8.36 8.65 7.10 1.73 6.53 1.02 2.59 1.35 4.93 4.68 4.66 5.13 10.04 2.02 7.17 5.79 5.87 6.72 6.54 4.30 7.21 3.54 3.42 9.00 4.09 3.10 3.78 3.10 5.02 7.60 5.48 4.09 5.20 2.33 
11.29 9.26 7.23 5.81 7.42 1.67 10.00 13.30 12.36 6.41 9.87 7.53 7.49 12.48 9.06 12.03 8.71 7.61 9.82 4.47 9.48 5.49 8.45 9.97 7.21 2.24 6.79 7.23 13.14 3.43 5.52 12.02 9.09 7.18 7.57 6.44 6.70 5.86 9.21 12.45 8.58 8.03 10.13 4.58 7.47 
1.31 6.38 5.27 5.67 5.72 8.60 1.20 3.66 3.52 4.75 1.98 6.93 7.25 4.37 4.45 3.81 2.05 2.42 1.47 6.50 2.36 4.65 3.29 8.07 4.00 7.81 4.67 4.54 4.06 6.82 4.52 4.51 6.26 2.91 7.60 6.39 3.33 5.74 1.04 2.61 5.77 3.82 1.46 6.97 4.73 
3.88 3.49 2.73 6.51 3.06 7.49 3.97 4.48 3.29 2.82 4.63 4.21 4.53 3.38 6.64 2.91 4.05 2.98 4.15 6.81 0.61 3.78 0.71 5.19 5.34 6.91 2.52 2.19 4.08 5.69 3.97 3.03 8.32 2.59 4.87 7.56 3.45 6.62 2.01 3.96 2.90 1.28 1.71 7.42 6.29 
8.96 9.24 6.92 2.65 7.32 3.18 7.48 11.39 10.77 5.73 7.16 7.94 8.04 11.16 5.89 10.64 6.11 5.47 7.24 1.38 8.02 4.14 7.31 10.44 4.29 2.52 6.15 6.57 11.50 3.28 3.88 10.87 5.77 5.38 8.25 3.11 4.63 2.67 7.24 10.40 8.42 7.10 8.34 1.27 4.32 
10.93 9.07 7.00 5.44 7.21 1.46 9.63 12.97 12.05 6.13 9.49 7.37 7.35 12.18 8.68 11.73 8.33 7.25 9.45 4.10 9.17 5.16 8.16 9.84 6.83 1.92 6.53 6.96 12.83 3.13 5.17 11.74 8.73 6.84 7.44 6.07 6.34 5.49 8.87 12.10 8.38 7.75 9.80 4.22 7.09 
9.97 8.38 6.23 4.61 6.49 1.00 8.68 12.03 11.13 5.29 8.55 6.77 6.78 11.30 7.82 10.83 7.38 6.29 8.50 3.29 8.26 4.22 7.27 9.27 5.92 1.03 5.70 6.14 11.91 2.28 4.22 10.87 7.98 5.89 6.91 5.35 5.38 4.67 7.92 11.15 7.65 6.89 8.86 3.51 6.23 
6.78 8.43 6.14 0.58 6.63 4.57 5.25 9.36 8.90 4.86 4.89 7.53 7.72 9.43 3.74 8.88 3.88 3.53 5.00 0.90 6.33 3.13 5.90 9.87 2.01 3.68 5.23 5.58 9.59 3.65 2.69 9.25 4.05 3.70 8.00 1.71 2.84 0.68 5.29 8.32 7.57 5.84 6.45 1.25 2.15 
1.27 6.59 6.12 7.53 6.46 10.22 2.71 1.79 2.06 5.95 3.45 7.59 7.92 3.12 6.05 2.64 3.87 4.20 3.03 8.36 2.80 6.24 4.05 8.18 5.85 9.48 5.76 5.51 2.38 8.40 6.19 3.52 7.86 4.53 8.25 8.23 5.09 7.61 2.50 0.75 6.18 4.63 1.75 8.83 6.54 
4.06 9.12 7.30 3.42 7.83 8.13 2.54 6.96 7.12 6.25 1.79 9.01 9.29 8.00 0.82 7.43 1.83 3.24 2.22 4.71 5.55 5.06 5.92 10.80 1.90 7.23 6.41 6.54 7.60 6.75 4.64 8.11 2.64 4.04 9.63 3.51 3.57 3.42 3.98 5.86 8.34 6.23 4.99 4.87 1.80 
6.61 4.54 2.22 4.59 2.63 3.70 5.74 8.13 7.07 1.10 5.96 3.43 3.61 7.13 6.58 6.70 4.82 3.24 5.69 4.15 4.21 1.12 3.11 5.83 4.54 3.18 1.51 1.95 7.86 1.93 1.58 6.68 7.68 2.47 3.90 5.79 2.59 4.72 4.32 7.40 3.72 2.69 5.01 4.79 5.40 
9.77 8.43 6.24 4.29 6.52 1.24 8.45 11.87 11.01 5.25 8.29 6.86 6.88 11.21 7.52 10.73 7.14 6.09 8.26 2.97 8.14 4.09 7.19 9.37 5.64 1.02 5.66 6.10 11.78 2.27 4.05 10.80 7.66 5.72 7.03 5.02 5.18 4.35 7.74 10.98 7.68 6.83 8.71 3.18 5.93 
8.80 7.70 5.45 3.61 5.78 1.52 7.50 10.90 10.05 4.39 7.37 6.24 6.30 10.27 6.75 9.79 6.21 5.12 7.32 2.37 7.19 3.13 6.27 8.76 4.80 0.67 4.80 5.25 10.82 1.52 3.08 9.88 7.07 4.75 6.49 4.50 4.21 3.69 6.77 10.01 6.92 5.93 7.74 2.75 5.18 
8.10 6.16 3.94 4.22 4.24 1.86 6.99 9.90 8.91 2.98 7.03 4.69 4.76 9.02 6.97 8.57 5.83 4.46 6.87 3.27 6.04 2.15 4.99 7.21 4.88 1.29 3.38 3.82 9.70 0.03 2.33 8.57 7.66 3.89 4.96 5.31 3.60 4.33 5.90 9.10 5.40 4.58 6.74 3.83 5.52 
8.54 1.37 2.74 9.24 2.21 7.22 8.53 8.44 6.92 3.98 9.10 1.34 1.31 6.27 10.62 6.19 8.25 6.75 8.66 8.85 5.25 5.67 4.27 1.19 8.81 7.18 3.68 3.46 7.59 6.06 6.13 5.55 12.03 5.97 1.27 10.44 6.62 9.37 6.57 8.30 1.77 3.81 6.35 9.50 9.76 
5.31 4.22 2.04 4.60 2.57 4.96 4.56 6.82 5.80 0.90 4.88 3.69 3.95 5.96 5.92 5.49 3.81 2.19 4.55 4.54 2.93 1.27 1.95 5.75 4.04 4.34 1.10 1.37 6.59 3.14 1.58 5.57 7.25 1.36 4.29 5.78 1.85 4.73 3.01 6.07 3.37 1.69 3.68 5.19 4.98 
1.39 6.00 5.06 6.11 5.48 8.76 1.76 3.24 2.97 4.68 2.54 6.67 6.99 3.80 5.02 3.24 2.57 2.70 2.04 6.88 1.95 4.78 3.02 7.67 4.48 8.00 4.55 4.37 3.55 6.95 4.71 3.95 6.83 3.05 7.34 6.88 3.59 6.19 1.02 2.25 5.43 3.58 0.94 7.37 5.25 
