11.19 6.18 8.47 6.37 7.83 
7.01 4.00 8.10 7.77 3.62 
9.83 4.83 7.13 5.12 7.62 
5.46 4.99 0.92 3.14 12.48 
3.95 4.15 1.44 3.76 11.51 
3.80 2.03 2.48 3.50 9.36 
0.77 5.40 6.04 7.83 10.26 
6.02 1.46 3.57 2.70 8.31 
1.26 4.80 6.03 7.60 9.38 
1.61 6.08 6.89 8.67 10.37 
7.26 5.01 2.00 1.41 12.22 
6.17 1.89 3.23 2.20 8.79 
9.06 4.46 5.30 3.01 9.48 
7.26 2.94 6.96 6.16 4.78 
9.52 4.55 7.53 5.81 6.34 
5.89 3.16 7.17 7.09 4.72 
6.31 3.02 2.17 0.99 10.16 
3.92 3.50 1.40 3.42 10.88 
4.75 4.29 7.65 8.20 5.83 
6.00 2.70 6.78 6.55 4.91 
3.55 1.54 3.46 4.25 8.51 
10.34 7.64 11.75 11.19 0.53 
3.37 1.65 3.72 4.55 8.38 
6.48 1.99 3.58 2.34 8.60 
6.79 1.89 5.57 4.62 6.32 
5.53 3.70 7.51 7.68 4.91 
6.54 1.63 4.36 3.25 7.68 
0.35 5.35 5.49 7.42 10.73 
12.02 7.05 9.76 7.75 7.14 
4.82 3.35 0.79 2.46 10.84 
5.55 2.99 6.93 6.95 5.05 
11.05 6.04 8.31 6.20 7.85 
7.40 3.14 3.67 1.69 9.43 
8.90 5.26 9.34 8.54 2.42 
10.36 7.14 11.25 10.48 0.63 
10.08 5.07 7.69 5.77 7.06 
8.81 4.04 5.44 3.30 8.78 
12.00 7.01 9.57 7.52 7.47 
6.59 1.59 4.75 3.70 7.24 
10.10 7.15 11.27 10.63 0.34 
8.80 6.51 10.58 10.27 1.85 
5.00 1.70 2.46 2.54 9.16 
2.05 3.35 3.42 5.12 9.93 
7.47 3.08 7.05 6.17 4.77 
11.32 6.41 9.42 7.57 6.25 
7.64 4.46 2.76 0.51 11.31 
4.61 3.86 0.68 2.94 11.33 
9.40 4.65 8.15 6.70 5.06 
9.75 6.13 10.20 9.32 1.80 
5.98 2.01 6.13 5.75 5.48 
1.53 4.80 6.21 7.72 9.16 
5.57 0.75 3.86 3.35 7.81 
10.86 6.22 9.75 8.21 4.65 
6.10 1.85 5.96 5.48 5.65 
10.71 5.72 7.73 5.57 8.24 
7.41 3.34 7.41 6.67 4.27 
1.35 3.84 4.07 5.83 10.00 
6.04 2.86 2.00 1.23 10.10 
5.33 4.97 0.96 3.24 12.45 
7.46 2.63 4.63 2.98 8.14 
5.88 2.60 2.11 1.47 9.87 
2.85 2.59 5.02 5.96 7.82 
10.54 5.53 7.86 5.81 7.63 
6.46 4.61 1.18 1.67 11.99 
4.04 1.75 2.59 3.38 9.15 
3.51 1.72 3.18 4.08 8.80 
5.31 0.65 3.68 3.33 7.96 
3.44 2.07 4.98 5.67 7.41 
4.36 4.03 7.28 7.90 6.16 
3.47 1.84 3.05 4.02 8.95 
6.33 1.47 4.15 3.14 7.81 
9.60 6.34 10.44 9.72 1.23 
5.70 2.21 6.29 6.08 5.39 
8.71 3.71 6.55 4.88 6.78 
7.06 5.65 1.86 2.48 13.03 
6.86 4.58 1.67 1.18 11.83 
10.63 7.91 12.03 11.43 0.58 
5.33 4.49 8.04 8.45 5.25 
4.20 3.78 1.09 3.29 11.20 
6.78 5.79 1.79 2.92 13.24 
10.06 5.88 9.77 8.59 3.11 
3.81 3.83 6.85 7.61 6.67 
0.88 4.33 4.44 6.29 10.29 
10.14 5.20 6.98 4.80 8.50 
6.27 2.37 2.80 1.64 9.37 
6.34 3.24 1.98 0.86 10.42 
2.19 2.95 3.63 5.11 9.42 
1.40 5.27 6.42 8.05 9.62 
10.31 5.30 7.95 6.02 7.01 
7.01 2.55 6.53 5.73 5.21 
