5.84 8.47 5.08 1.75 8.03 4.93 2.58 3.39 7.55 1.05 4.85 9.99 1.33 9.12 6.87 1.64 6.41 7.68 4.80 5.22 1.26 6.83 5.80 1.90 4.06 5.77 4.27 5.27 6.27 1.32 7.78 4.75 3.19 2.06 4.78 6.26 0.89 9.36 1.01 3.76 
1.30 7.68 0.41 5.77 6.11 2.76 3.33 1.34 6.32 5.53 0.79 8.34 4.54 8.61 7.37 4.70 1.82 4.12 7.45 0.80 4.66 5.50 4.59 3.48 2.50 6.98 2.56 2.80 8.57 4.63 6.45 5.78 1.66 6.69 0.13 6.06 5.46 6.85 5.68 6.86 
8.31 8.07 7.78 4.04 8.50 6.48 5.84 6.28 7.65 3.30 7.75 9.95 4.44 8.42 5.91 4.68 8.87 9.25 2.69 8.06 4.33 7.19 6.42 5.16 5.78 4.60 7.49 6.83 4.00 4.40 7.90 4.22 5.72 2.76 7.50 6.02 3.14 10.00 2.75 1.75 
3.98 3.99 4.80 9.41 1.81 2.87 7.76 5.71 2.74 8.83 5.58 3.77 8.37 4.92 5.16 8.64 3.95 1.20 7.42 5.32 8.43 2.37 2.61 7.60 3.74 5.71 7.41 2.55 7.75 8.44 2.67 5.11 5.08 9.71 4.90 3.85 8.67 2.00 8.69 7.53 
3.12 8.81 2.13 4.18 7.53 3.98 1.53 0.86 7.53 4.12 1.56 9.74 2.95 9.68 8.05 3.04 3.60 5.89 7.32 1.99 3.08 6.70 5.68 1.85 3.35 7.38 1.17 4.15 8.63 3.04 7.70 6.15 1.79 5.32 1.87 6.90 4.10 8.45 4.40 6.51 
10.31 4.25 10.48 10.41 6.29 7.65 10.91 9.95 5.21 9.57 10.97 5.97 10.21 3.70 2.94 10.53 10.66 8.98 4.30 11.02 10.15 5.62 5.99 10.31 7.73 3.34 11.89 7.78 2.92 10.21 5.33 4.56 9.00 9.52 10.35 4.37 9.36 7.44 9.06 5.39 
5.05 5.27 4.81 4.94 5.05 2.82 4.74 3.85 4.42 4.17 5.08 6.85 4.32 5.93 3.77 4.66 5.56 5.55 3.00 5.25 4.31 3.77 2.84 4.18 2.26 2.87 5.71 3.16 4.14 4.35 4.66 1.68 2.95 4.74 4.59 3.05 3.96 6.49 3.83 2.57 
9.80 4.93 9.82 8.97 6.63 7.16 9.75 9.05 5.51 8.13 10.21 6.86 8.88 4.66 2.91 9.20 10.22 8.97 2.79 10.32 8.81 5.68 5.74 9.11 7.06 2.58 10.89 7.36 1.33 8.88 5.69 3.73 8.13 7.97 9.64 4.22 7.92 7.98 7.60 3.89 
5.11 2.24 5.57 8.42 1.48 2.70 7.48 5.75 0.93 7.70 6.24 3.32 7.60 3.17 2.69 7.92 5.35 3.45 5.13 6.14 7.62 0.17 0.95 7.11 3.27 3.27 7.72 2.65 5.30 7.65 1.12 2.88 4.86 8.35 5.54 1.37 7.51 2.99 7.42 5.43 
5.61 6.07 5.23 4.20 5.98 3.63 4.46 4.00 5.30 3.39 5.37 7.73 3.75 6.66 4.36 4.08 6.15 6.41 2.74 5.61 3.72 4.69 3.77 3.83 2.95 3.27 5.68 3.98 4.09 3.77 5.54 2.24 3.22 3.86 4.98 3.85 3.18 7.42 3.00 2.01 
7.58 4.35 7.53 6.99 5.36 5.00 7.47 6.71 4.31 6.14 7.89 6.32 6.73 4.56 2.06 7.06 8.03 7.16 1.31 8.01 6.68 4.16 3.87 6.85 4.79 0.81 8.56 5.25 1.42 6.74 4.54 1.49 5.80 6.22 7.34 2.68 5.93 6.86 5.65 2.17 
7.90 5.91 7.64 5.81 6.69 5.55 6.81 6.50 5.71 4.98 7.85 7.86 5.79 6.16 3.65 6.09 8.41 8.06 0.37 8.05 5.71 5.41 4.88 6.14 5.10 2.36 8.16 5.86 1.84 5.77 5.95 2.39 5.69 4.84 7.41 4.04 4.77 8.20 4.44 0.73 
3.29 6.72 2.75 4.24 5.76 2.33 2.86 1.57 5.54 3.74 2.87 7.90 3.18 7.54 5.77 3.46 3.86 4.97 5.19 3.10 3.24 4.74 3.67 2.51 1.47 5.08 3.47 2.64 6.41 3.25 5.74 3.85 0.72 4.77 2.49 4.69 3.61 6.93 3.72 4.52 
8.80 2.57 9.07 9.84 4.57 6.17 9.93 8.73 3.49 9.01 9.61 4.41 9.45 2.17 1.49 9.78 9.11 7.29 4.15 9.62 9.41 3.94 4.42 9.38 6.37 2.44 10.71 6.26 3.18 9.46 3.60 3.52 7.77 9.16 8.96 2.82 8.79 5.75 8.54 5.12 
1.93 8.78 1.03 5.82 7.16 3.86 3.13 1.71 7.42 5.74 0.32 9.39 4.59 9.71 8.45 4.68 2.25 4.97 8.34 0.53 4.73 6.60 5.69 3.49 3.56 8.01 1.82 3.90 9.52 4.68 7.54 6.80 2.45 6.94 1.01 7.15 5.71 7.82 5.99 7.66 
5.83 8.01 5.13 2.20 7.67 4.68 2.98 3.50 7.13 1.42 4.98 9.57 1.84 8.65 6.37 2.15 6.40 7.47 4.30 5.33 1.77 6.44 5.42 2.29 3.83 5.26 4.58 5.04 5.76 1.83 7.37 4.25 3.16 2.21 4.84 5.80 1.22 9.02 1.18 3.26 
3.54 4.96 4.47 9.64 2.77 3.19 7.74 5.64 3.72 9.12 5.26 4.57 8.53 5.88 6.12 8.78 3.39 0.50 8.21 4.94 8.61 3.32 3.41 7.67 4.04 6.60 7.17 2.83 8.63 8.60 3.66 5.91 5.16 10.08 4.63 4.77 8.97 2.61 9.03 8.23 
3.78 9.22 2.78 3.62 8.04 4.48 0.90 1.39 7.98 3.65 2.19 10.24 2.42 10.07 8.32 2.46 4.25 6.51 7.32 2.62 2.56 7.15 6.11 1.34 3.78 7.56 1.14 4.68 8.68 2.51 8.16 6.35 2.19 4.85 2.53 7.24 3.67 9.01 3.99 6.44 
2.06 5.64 2.23 6.24 4.18 0.71 4.50 2.50 4.29 5.74 2.85 6.41 5.14 6.56 5.39 5.40 2.52 2.96 6.02 2.79 5.22 3.46 2.54 4.33 0.85 5.16 4.38 0.81 6.93 5.22 4.43 4.03 1.81 6.74 2.15 4.04 5.61 5.14 5.69 5.66 
2.09 5.44 2.38 6.52 3.92 0.58 4.78 2.78 4.08 6.01 3.04 6.15 5.43 6.37 5.30 5.69 2.50 2.69 6.10 2.95 5.50 3.26 2.38 4.62 1.03 5.14 4.63 0.56 6.96 5.50 4.21 4.05 2.10 7.00 2.34 3.92 5.87 4.85 5.95 5.79 
7.84 1.59 8.50 11.59 2.37 5.81 10.71 8.93 2.32 10.83 9.23 0.55 10.82 1.74 3.90 11.14 7.92 5.24 7.25 9.06 10.84 3.12 4.19 10.35 6.49 5.14 10.86 5.68 6.77 10.87 2.12 5.46 8.07 11.37 8.53 3.69 10.63 2.52 10.50 7.91 
7.77 4.35 7.73 7.15 5.45 5.18 7.67 6.91 4.38 6.31 8.09 6.34 6.92 4.52 2.05 7.24 8.22 7.30 1.35 8.21 6.86 4.26 4.01 7.05 4.99 0.87 8.77 5.43 1.25 6.92 4.61 1.68 6.00 6.36 7.54 2.77 6.09 6.93 5.81 2.27 
5.30 4.23 5.26 5.99 4.21 2.76 5.71 4.59 3.46 5.20 5.66 5.87 5.37 4.87 2.76 5.71 5.76 5.20 2.87 5.76 5.36 2.90 2.11 5.18 2.51 2.04 6.53 3.04 3.69 5.41 3.70 0.83 3.64 5.71 5.08 2.01 4.99 5.69 4.85 2.84 
5.89 7.34 5.31 2.93 7.14 4.40 3.63 3.79 6.53 2.11 5.26 8.97 2.62 7.94 5.62 2.94 6.46 7.22 3.54 5.57 2.55 5.87 4.90 2.95 3.59 4.49 5.12 4.76 4.99 2.61 6.77 3.52 3.26 2.64 5.02 5.13 1.90 8.54 1.73 2.53 
3.33 4.29 4.12 8.76 2.22 2.23 7.06 5.01 2.95 8.20 4.90 4.33 7.70 5.24 5.15 7.97 3.36 0.99 7.12 4.65 7.77 2.39 2.33 6.91 3.10 5.55 6.71 1.89 7.58 7.77 2.94 4.82 4.39 9.11 4.21 3.77 8.04 2.68 8.08 7.14 
7.00 9.08 6.23 1.47 8.88 5.95 3.47 4.54 8.29 0.69 5.98 10.72 1.92 9.66 7.27 2.11 7.56 8.74 4.73 6.36 1.79 7.62 6.63 2.84 5.10 6.08 5.24 6.31 6.19 1.86 8.53 5.21 4.34 0.94 5.94 6.87 0.55 10.26 0.17 3.63 
7.83 5.59 7.61 6.05 6.42 5.42 6.94 6.53 5.42 5.21 7.85 7.54 5.98 5.83 3.33 6.29 8.33 7.87 0.20 8.04 5.90 5.15 4.66 6.28 5.01 2.04 8.24 5.72 1.62 5.97 5.66 2.15 5.70 5.13 7.39 3.76 5.00 7.93 4.68 0.99 
3.90 6.11 3.51 4.38 5.39 2.28 3.52 2.44 5.03 3.74 3.71 7.44 3.48 6.88 4.98 3.80 4.45 5.09 4.34 3.91 3.51 4.26 3.19 3.05 1.44 4.23 4.32 2.63 5.54 3.54 5.24 3.00 1.56 4.62 3.27 4.00 3.57 6.68 3.59 3.72 
6.43 8.15 5.75 2.22 7.97 5.15 3.51 4.13 7.36 1.38 5.60 9.80 2.20 8.74 6.37 2.48 7.00 7.96 4.00 5.95 2.10 6.70 5.73 2.83 4.31 5.20 5.17 5.50 5.48 2.17 7.60 4.29 3.75 1.81 5.46 5.94 1.16 9.36 0.92 2.93 
8.55 2.39 8.82 9.69 4.34 5.92 9.73 8.50 3.26 8.85 9.37 4.26 9.27 2.07 1.27 9.60 8.87 7.05 4.08 9.38 9.24 3.70 4.17 9.18 6.14 2.29 10.49 6.02 3.19 9.29 3.38 3.33 7.54 9.04 8.72 2.57 8.64 5.55 8.39 5.02 
8.39 7.33 7.96 4.90 7.96 6.32 6.43 6.59 7.04 4.12 8.03 9.26 5.16 7.62 5.10 5.42 8.94 9.01 1.78 8.30 5.05 6.66 5.99 5.74 5.71 3.81 7.99 6.66 3.04 5.12 7.29 3.62 5.92 3.70 7.70 5.38 3.94 9.48 3.56 1.06 
9.03 5.18 8.95 7.73 6.56 6.46 8.60 8.04 5.45 6.90 9.28 7.18 7.68 5.15 2.91 7.99 9.49 8.56 1.56 9.42 7.61 5.44 5.27 7.95 6.23 2.05 9.83 6.71 0.09 7.67 5.66 2.95 7.15 6.73 8.75 3.94 6.69 8.00 6.36 2.65 
8.05 9.85 7.28 1.79 9.79 6.98 4.33 5.57 9.14 1.43 6.99 11.57 2.71 10.36 7.92 2.80 8.62 9.78 5.06 7.39 2.57 8.52 7.56 3.75 6.14 6.66 6.12 7.34 6.47 2.63 9.39 5.93 5.40 0.28 6.98 7.66 1.44 11.21 1.20 3.98 
5.18 3.58 5.27 6.63 3.50 2.53 6.16 4.83 2.75 5.86 5.76 5.17 5.95 4.28 2.41 6.28 5.59 4.70 3.35 5.80 5.95 2.19 1.48 5.67 2.52 2.04 6.81 2.75 3.94 5.99 2.99 1.06 3.87 6.41 5.13 1.39 5.66 4.99 5.53 3.47 
3.64 3.74 4.06 7.45 2.40 1.21 6.16 4.32 2.39 6.80 4.73 4.58 6.50 4.68 3.83 6.80 3.92 2.64 5.41 4.63 6.54 1.56 0.79 5.87 1.92 3.97 6.26 1.14 5.96 6.56 2.53 3.12 3.48 7.61 4.03 2.40 6.63 3.61 6.61 5.41 
6.26 7.50 5.67 2.88 7.39 4.74 3.87 4.14 6.74 2.04 5.62 9.17 2.73 8.07 5.70 3.04 6.83 7.56 3.40 5.93 2.65 6.11 5.16 3.18 3.94 4.52 5.42 5.10 4.87 2.72 6.99 3.63 3.63 2.41 5.39 5.29 1.83 8.81 1.59 2.36 
6.41 1.50 7.06 10.38 0.95 4.40 9.35 7.52 1.15 9.66 7.79 1.38 9.55 2.30 3.50 9.86 6.50 3.91 6.62 7.62 9.58 1.81 2.88 9.02 5.11 4.56 9.43 4.25 6.43 9.60 0.90 4.57 6.68 10.29 7.09 2.79 9.46 1.70 9.37 7.12 
7.65 1.65 8.33 11.52 2.19 5.67 10.59 8.79 2.23 10.77 9.07 0.37 10.73 1.91 3.97 11.05 7.72 5.02 7.29 8.89 10.75 3.01 4.08 10.24 6.36 5.18 10.71 5.52 6.86 10.78 2.02 5.45 7.94 11.33 8.36 3.67 10.57 2.28 10.45 7.93 
5.89 6.55 5.43 3.77 6.48 4.05 4.29 4.09 5.80 2.95 5.51 8.23 3.43 7.12 4.78 3.75 6.44 6.85 2.82 5.77 3.38 5.19 4.27 3.63 3.32 3.64 5.64 4.41 4.24 3.43 6.05 2.68 3.39 3.36 5.17 4.34 2.73 7.92 2.53 1.93 
2.38 9.66 2.01 7.12 7.84 4.89 4.36 3.17 8.27 7.12 1.71 10.01 5.91 10.61 9.59 5.96 2.35 5.25 9.73 1.51 6.05 7.49 6.69 4.82 4.77 9.27 2.71 4.83 10.87 6.01 8.36 8.08 3.86 8.32 2.18 8.24 7.10 8.26 7.40 9.09 
7.31 4.39 7.23 6.72 5.28 4.74 7.16 6.40 4.25 5.88 7.59 6.35 6.44 4.67 2.16 6.77 7.76 6.96 1.29 7.72 6.39 4.04 3.68 6.55 4.51 0.86 8.25 5.00 1.68 6.45 4.49 1.24 5.49 5.99 7.05 2.60 5.66 6.78 5.39 2.00 
5.03 7.85 4.31 2.48 7.29 4.10 2.37 2.67 6.86 1.88 4.15 9.29 1.68 8.56 6.41 2.01 5.60 6.83 4.75 4.50 1.68 6.12 5.06 1.70 3.22 5.40 3.84 4.44 6.17 1.71 7.08 4.29 2.36 2.90 4.02 5.66 1.74 8.58 1.85 3.79 
6.69 0.71 7.25 10.03 1.48 4.43 9.22 7.51 0.84 9.28 7.94 1.79 9.28 1.64 2.68 9.60 6.85 4.47 5.89 7.82 9.29 1.67 2.71 8.84 5.03 3.79 9.47 4.35 5.61 9.32 0.71 3.96 6.62 9.82 7.23 2.16 9.07 2.56 8.95 6.46 
8.07 9.23 7.37 2.49 9.32 6.73 4.76 5.71 8.60 1.91 7.18 11.00 3.19 9.69 7.22 3.35 8.64 9.55 4.25 7.54 3.05 8.02 7.11 4.12 5.92 5.94 6.52 7.09 5.64 3.12 8.85 5.30 5.40 1.08 7.08 7.06 1.82 10.77 1.45 3.19 
5.52 8.66 4.71 1.70 8.09 4.85 2.04 2.99 7.67 1.23 4.42 10.11 0.91 9.35 7.17 1.24 6.08 7.53 5.27 4.81 0.88 6.93 5.88 1.36 3.97 6.12 3.74 5.18 6.73 0.93 7.90 5.05 2.92 2.38 4.41 6.47 1.15 9.37 1.41 4.25 
6.78 7.70 6.19 2.95 7.72 5.20 4.27 4.65 7.02 2.12 6.13 9.43 3.01 8.22 5.80 3.29 7.35 8.02 3.22 6.45 2.91 6.43 5.51 3.58 4.41 4.57 5.87 5.56 4.70 2.98 7.27 3.78 4.15 2.21 5.91 5.51 1.91 9.17 1.59 2.13 
2.69 9.95 2.22 6.99 8.16 5.13 4.23 3.20 8.56 7.03 1.80 10.34 5.80 10.89 9.82 5.83 2.69 5.60 9.85 1.68 5.95 7.77 6.95 4.72 4.96 9.45 2.52 5.09 11.01 5.89 8.65 8.26 3.96 8.23 2.35 8.47 7.03 8.60 7.34 9.17 
9.28 3.83 9.40 9.30 5.65 6.61 9.75 8.82 4.53 8.45 9.86 5.73 9.06 3.52 2.02 9.39 9.65 8.15 3.25 9.93 9.01 4.81 5.03 9.15 6.64 2.19 10.74 6.77 2.01 9.07 4.69 3.42 7.87 8.45 9.25 3.43 8.24 6.94 7.95 4.32 
0.54 6.88 1.05 6.72 5.13 2.15 4.44 2.36 5.49 6.38 1.83 7.34 5.51 7.83 6.88 5.70 1.06 2.95 7.49 1.58 5.62 4.70 3.92 4.51 2.28 6.69 3.72 2.05 8.45 5.60 5.58 5.56 2.26 7.50 1.18 5.49 6.29 5.75 6.46 7.05 
10.27 4.62 10.38 9.96 6.55 7.60 10.60 9.75 5.45 9.12 10.83 6.43 9.82 4.16 3.00 10.14 10.65 9.13 3.80 10.90 9.76 5.77 6.03 9.98 7.62 3.13 11.65 7.77 2.37 9.82 5.59 4.36 8.81 9.01 10.23 4.42 8.91 7.79 8.60 4.90 
5.61 9.16 4.74 1.43 8.52 5.19 1.67 3.02 8.14 1.26 4.36 10.56 0.37 9.87 7.70 0.70 6.16 7.80 5.81 4.77 0.38 7.38 6.32 1.05 4.32 6.67 3.45 5.50 7.27 0.41 8.36 5.59 3.12 2.46 4.44 6.97 1.28 9.76 1.63 4.78 
7.61 0.98 8.01 9.78 2.96 5.08 9.41 7.94 1.93 8.98 8.63 2.95 9.19 1.09 1.46 9.52 7.86 5.79 4.83 8.57 9.18 2.53 3.25 8.93 5.47 2.75 9.94 5.10 4.28 9.23 2.01 3.36 7.00 9.34 7.94 1.90 8.76 4.12 8.57 5.59 
8.19 3.89 8.23 7.97 5.27 5.55 8.41 7.54 4.16 7.13 8.65 5.89 7.71 3.92 1.60 8.04 8.61 7.42 2.08 8.74 7.66 4.20 4.16 7.80 5.47 0.98 9.44 5.76 1.33 7.72 4.37 2.16 6.61 7.17 8.07 2.71 6.91 6.71 6.63 3.08 
5.14 2.46 5.50 7.93 2.07 2.58 7.13 5.50 1.36 7.20 6.12 3.80 7.15 3.33 2.36 7.48 5.43 3.82 4.55 6.07 7.17 0.76 0.75 6.72 3.01 2.76 7.49 2.61 4.80 7.20 1.59 2.29 4.58 7.81 5.44 0.94 7.00 3.58 6.90 4.84 
7.11 4.60 7.01 6.39 5.36 4.59 6.84 6.12 4.37 5.55 7.33 6.53 6.11 4.92 2.41 6.43 7.58 6.90 1.19 7.48 6.06 4.10 3.65 6.22 4.30 1.12 7.96 4.86 1.89 6.11 4.61 1.15 5.22 5.67 6.81 2.70 5.33 6.87 5.06 1.74 
4.21 9.77 3.21 3.54 8.59 5.03 0.79 1.93 8.53 3.69 2.54 10.79 2.41 10.61 8.83 2.38 4.66 7.01 7.71 2.97 2.55 7.70 6.66 1.44 4.33 8.04 1.01 5.23 9.10 2.49 8.71 6.84 2.74 4.87 2.97 7.78 3.74 9.55 4.09 6.80 
10.59 4.47 10.76 10.64 6.53 7.93 11.17 10.23 5.46 9.80 11.25 6.15 10.46 3.88 3.22 10.78 10.94 9.25 4.51 11.30 10.40 5.88 6.26 10.57 8.01 3.61 12.16 8.06 3.11 10.46 5.57 4.84 9.28 9.72 10.63 4.64 9.59 7.66 9.28 5.60 
4.36 2.98 4.82 7.98 1.78 1.97 6.86 5.06 1.62 7.29 5.50 3.88 7.09 3.92 3.27 7.40 4.61 2.91 5.29 5.40 7.12 0.80 0.52 6.53 2.62 3.62 7.01 1.91 5.65 7.14 1.78 2.98 4.20 8.03 4.80 1.86 7.11 3.15 7.06 5.44 
2.58 4.87 3.35 8.17 2.90 1.73 6.35 4.28 3.48 7.65 4.13 5.07 7.07 5.83 5.44 7.33 2.65 1.09 7.06 3.88 7.14 2.81 2.44 6.24 2.57 5.67 5.95 1.37 7.66 7.15 3.52 4.80 3.72 8.61 3.44 4.02 7.50 3.45 7.56 6.96 
9.22 2.57 9.54 10.48 4.70 6.62 10.52 9.27 3.69 9.64 10.11 4.23 10.07 1.95 2.05 10.40 9.51 7.55 4.77 10.10 10.04 4.24 4.83 9.98 6.88 3.08 11.26 6.69 3.73 10.09 3.77 4.13 8.31 9.80 9.44 3.28 9.43 5.76 9.18 5.75 
