7.17 5.64 9.47 5.30 5.53 11.00 4.25 3.32 8.77 3.64 0.49 7.86 7.55 2.52 10.41 5.15 8.08 7.19 1.95 8.17 7.12 10.42 8.90 4.81 5.56 7.66 2.79 3.11 7.42 4.60 8.23 10.41 7.20 4.22 4.36 5.15 8.66 7.28 10.00 4.36 3.84 6.78 8.92 3.29 5.47 3.58 4.44 1.01 7.66 5.67 7.81 7.67 6.41 0.89 1.36 9.98 5.88 7.08 7.63 3.49 
5.51 7.19 1.27 7.24 7.52 1.40 6.21 7.14 0.90 7.54 9.18 7.66 2.45 9.42 1.03 6.65 1.59 7.31 9.33 6.98 3.83 0.77 5.14 6.50 7.68 2.74 7.46 6.71 5.90 6.53 4.46 2.21 6.00 6.98 6.26 7.40 1.14 4.95 1.07 7.95 5.83 7.55 5.90 7.18 7.88 6.48 8.27 9.86 4.54 8.05 5.55 2.02 5.01 9.50 9.50 1.00 4.38 2.62 2.11 8.11 
2.61 8.91 8.45 8.65 0.44 8.74 6.71 6.62 7.25 2.31 5.66 10.92 7.11 7.74 8.05 8.10 6.80 10.23 7.22 10.79 4.01 8.44 4.16 1.88 9.15 7.58 6.33 3.89 9.59 2.05 9.38 7.26 2.26 7.46 6.92 8.63 6.72 8.86 7.52 1.47 4.44 1.01 3.79 2.96 0.36 3.38 8.60 6.74 8.93 0.27 9.69 6.64 8.07 5.03 4.63 7.54 6.83 6.32 6.74 2.34 
2.71 9.70 5.54 9.61 5.14 4.53 7.89 8.46 4.40 6.28 9.23 10.94 5.48 10.49 3.94 8.94 4.49 10.41 10.16 10.44 2.64 4.57 1.15 4.97 10.13 6.02 8.51 6.57 9.20 5.14 8.14 2.62 2.98 8.81 8.04 9.69 3.72 8.22 3.48 6.13 6.20 4.49 1.84 6.37 5.47 6.04 10.23 10.22 7.98 5.51 9.02 4.71 7.85 9.08 8.86 3.54 6.68 4.92 4.89 6.72 
4.35 7.02 8.47 6.72 2.39 9.42 4.94 4.52 7.46 0.74 3.00 9.20 6.73 5.19 8.75 6.28 6.84 8.50 4.64 9.24 4.87 8.96 6.12 2.04 7.16 7.06 4.11 2.07 8.17 1.89 8.40 8.37 4.26 5.47 5.13 6.65 7.12 7.66 8.27 1.21 3.02 3.64 6.00 1.14 2.32 1.92 6.38 4.08 7.87 2.53 8.41 6.53 6.78 2.36 2.00 8.26 5.73 6.03 6.57 0.33 
1.19 8.49 5.45 8.36 3.62 5.14 6.53 7.00 4.20 4.62 7.59 9.97 4.81 8.93 4.45 7.70 4.02 9.38 8.58 9.56 1.29 4.96 1.14 3.31 8.90 5.35 7.00 4.94 8.29 3.47 7.47 3.49 1.61 7.46 6.70 8.43 3.53 7.36 3.93 4.52 4.66 3.22 1.67 4.70 3.97 4.40 8.85 8.59 7.21 4.06 8.19 4.09 6.84 7.42 7.20 3.96 5.59 4.10 4.25 5.07 
4.95 7.75 2.12 7.77 7.11 1.38 6.57 7.45 1.37 7.34 9.27 8.37 2.97 9.72 0.70 7.15 1.94 7.99 9.58 7.73 3.40 1.09 4.40 6.21 8.24 3.36 7.72 6.70 6.61 6.26 5.22 1.38 5.43 7.40 6.65 7.92 1.10 5.63 0.31 7.65 5.89 7.02 5.17 7.05 7.47 6.40 8.73 10.02 5.25 7.62 6.28 2.37 5.59 9.51 9.46 0.26 4.82 2.93 2.50 7.90 
3.00 6.85 3.33 6.78 4.93 3.61 5.18 5.90 2.08 5.11 7.28 8.05 2.66 8.08 2.93 6.11 1.83 7.51 7.84 7.57 1.25 3.22 3.15 3.97 7.30 3.21 6.05 4.63 6.31 4.03 5.35 2.68 3.49 6.09 5.31 6.88 1.48 5.34 2.43 5.42 3.94 4.99 3.82 4.86 5.29 4.26 7.50 8.13 5.13 5.46 6.15 1.92 4.95 7.41 7.33 2.43 3.81 2.03 2.08 5.67 
6.00 3.70 7.06 3.38 5.20 8.73 1.87 1.16 6.46 3.36 1.97 5.93 5.14 2.46 8.18 3.02 5.77 5.23 2.14 6.08 5.41 8.12 7.56 3.97 3.79 5.21 0.74 1.75 5.16 3.74 5.82 8.37 6.19 2.15 2.02 3.30 6.44 4.90 7.82 4.32 1.84 6.35 7.78 2.65 5.30 2.34 3.03 2.50 5.25 5.56 5.50 5.34 4.01 2.70 2.97 7.79 3.42 4.74 5.28 3.60 
5.75 5.88 0.71 5.96 7.44 2.63 5.07 6.05 0.81 7.11 8.30 6.33 1.28 8.31 2.36 5.38 1.00 5.98 8.27 5.68 3.97 1.96 5.78 6.24 6.38 1.44 6.41 6.02 4.58 6.22 3.17 3.43 6.25 5.78 5.10 6.12 1.49 3.62 2.33 7.67 5.07 7.69 6.50 6.64 7.78 5.89 7.03 8.89 3.21 7.99 4.23 1.23 3.70 8.74 8.80 2.27 3.20 1.75 1.20 7.68 
3.17 5.92 3.47 5.83 4.64 4.32 4.17 4.87 2.34 4.45 6.33 7.26 2.22 7.05 3.67 5.16 1.81 6.69 6.83 6.84 1.46 3.82 3.81 3.46 6.35 2.75 5.02 3.72 5.58 3.46 4.81 3.66 3.65 5.09 4.31 5.92 1.98 4.64 3.23 4.91 2.96 4.96 4.39 4.09 4.99 3.42 6.50 7.15 4.51 5.19 5.48 1.64 4.13 6.53 6.48 3.21 2.91 1.44 1.76 5.02 
8.45 2.92 4.10 3.18 9.25 6.39 3.79 4.69 4.68 8.09 7.55 2.43 3.34 6.44 6.27 2.98 4.37 2.24 6.68 1.72 6.80 5.75 9.10 7.82 3.35 2.81 5.22 6.41 0.86 7.68 0.82 7.37 8.89 3.86 3.66 3.38 5.25 0.83 6.28 8.94 5.49 9.95 9.72 7.39 9.52 6.65 4.45 7.65 0.84 9.77 0.35 4.11 1.71 8.36 8.62 6.22 2.85 3.95 3.93 8.56 
1.02 9.27 6.41 9.12 3.31 5.97 7.23 7.61 5.16 4.67 7.87 10.83 5.76 9.42 5.30 8.46 4.99 10.23 9.02 10.46 2.17 5.84 0.79 3.40 9.65 6.31 7.55 5.33 9.19 3.60 8.42 4.21 1.14 8.15 7.42 9.17 4.49 8.26 4.78 4.37 5.21 2.61 0.82 4.90 3.62 4.75 9.52 8.91 8.14 3.65 9.11 5.05 7.71 7.58 7.30 4.82 6.44 5.04 5.21 5.06 
9.43 1.11 6.54 1.44 9.54 8.82 3.27 3.65 6.83 7.96 6.31 1.18 5.25 4.55 8.58 1.88 6.34 0.59 4.96 1.68 8.05 8.15 10.47 8.13 1.14 4.84 4.14 6.19 1.82 7.94 3.43 9.49 9.79 2.67 3.07 1.54 7.27 2.64 8.50 8.91 5.53 10.50 10.97 7.22 9.74 6.63 2.36 6.05 3.11 10.00 2.32 5.97 2.64 7.28 7.65 8.43 3.77 5.59 5.80 8.31 
0.66 8.54 5.87 8.39 3.11 5.66 6.51 6.91 4.62 4.21 7.29 10.11 5.10 8.75 4.97 7.73 4.39 9.50 8.37 9.74 1.48 5.46 1.27 2.91 8.92 5.64 6.86 4.70 8.47 3.09 7.74 4.03 1.07 7.42 6.69 8.44 3.97 7.55 4.44 4.05 4.52 2.69 1.55 4.36 3.45 4.13 8.80 8.32 7.44 3.53 8.40 4.41 6.99 7.06 6.82 4.47 5.71 4.36 4.57 4.64 
7.13 5.20 9.14 4.86 5.62 10.73 3.84 2.90 8.48 3.69 0.29 7.42 7.22 2.15 10.15 4.71 7.79 6.75 1.57 7.73 6.97 10.14 8.84 4.80 5.12 7.30 2.37 2.95 6.98 4.58 7.82 10.20 7.19 3.78 3.95 4.71 8.40 6.86 9.75 4.48 3.59 6.87 8.90 3.27 5.59 3.46 4.01 0.80 7.25 5.80 7.38 7.37 6.00 1.20 1.67 9.73 5.51 6.77 7.33 3.61 
2.69 10.81 8.97 10.59 2.72 8.62 8.63 8.72 7.72 4.67 8.06 12.64 8.07 10.06 7.96 9.98 7.45 11.98 9.56 12.39 4.47 8.50 3.19 3.84 11.11 8.60 8.50 6.05 11.14 4.07 10.62 6.83 2.21 9.46 8.83 10.60 7.07 10.30 7.44 3.89 6.37 1.48 2.48 5.23 2.79 5.48 10.71 9.15 10.26 2.61 11.15 7.44 9.61 7.45 7.06 7.48 8.32 7.30 7.58 4.76 
5.31 9.36 3.56 9.38 7.69 1.64 8.10 8.95 2.99 8.27 10.56 9.97 4.58 11.20 1.36 8.75 3.53 9.60 11.02 9.31 4.15 2.01 4.22 7.04 9.85 4.97 9.17 7.91 8.21 7.14 6.79 0.65 5.72 8.95 8.19 9.52 2.64 7.24 1.32 8.43 7.20 7.33 4.96 8.10 8.05 7.54 10.31 11.38 6.85 8.15 7.87 3.96 7.21 10.69 10.60 1.38 6.40 4.48 4.10 8.81 
1.83 10.26 7.95 10.07 2.85 7.52 8.12 8.33 6.70 4.66 8.05 11.98 7.17 9.88 6.86 9.43 6.48 11.35 9.42 11.68 3.54 7.41 2.07 3.60 10.60 7.71 8.18 5.78 10.41 3.83 9.78 5.72 1.43 9.00 8.32 10.09 6.04 9.53 6.35 4.06 5.93 1.71 1.39 5.10 3.05 5.19 10.31 9.13 9.45 2.96 10.38 6.50 8.90 7.57 7.22 6.39 7.61 6.42 6.65 4.89 
2.00 10.39 8.16 10.20 2.84 7.73 8.25 8.44 6.90 4.68 8.09 12.14 7.36 9.95 7.07 9.57 6.68 11.50 9.48 11.84 3.73 7.62 2.28 3.66 10.73 7.90 8.27 5.86 10.58 3.89 9.96 5.93 1.58 9.11 8.44 10.22 6.24 9.70 6.56 4.05 6.04 1.65 1.58 5.15 3.01 5.27 10.42 9.17 9.63 2.90 10.55 6.70 9.06 7.58 7.22 6.60 7.77 6.60 6.85 4.89 
7.37 1.55 4.77 1.64 7.74 6.97 1.83 2.71 4.84 6.36 5.57 2.80 3.23 4.58 6.65 1.15 4.30 2.16 4.75 2.62 5.94 6.30 8.35 6.30 2.05 2.90 3.24 4.62 1.50 6.13 2.31 7.45 7.76 1.92 1.69 1.81 5.22 1.30 6.51 7.27 3.79 8.59 8.86 5.64 7.97 4.94 2.81 5.69 1.75 8.23 1.80 3.90 0.65 6.39 6.67 6.45 1.65 3.48 3.74 6.80 
5.19 5.35 7.80 5.03 3.85 9.14 3.38 2.82 6.98 1.90 1.66 7.57 5.93 3.52 8.52 4.64 6.30 6.86 3.01 7.68 5.10 8.60 6.90 2.88 5.45 6.14 2.37 1.14 6.68 2.65 7.14 8.43 5.26 3.79 3.55 4.95 6.79 6.29 8.09 2.81 2.03 5.07 6.96 1.35 3.88 1.55 4.63 2.71 6.58 4.12 6.98 5.92 5.40 1.67 1.70 8.07 4.54 5.35 5.91 2.02 
6.39 4.23 2.07 4.34 7.60 4.30 3.75 4.77 2.35 6.84 7.32 4.68 1.03 6.96 4.05 3.80 2.01 4.29 7.00 4.06 4.65 3.63 6.83 6.24 4.73 0.48 5.20 5.42 2.91 6.16 1.67 5.04 6.86 4.33 3.73 4.51 2.89 1.93 3.99 7.56 4.42 8.10 7.49 6.24 7.91 5.46 5.47 7.75 1.56 8.15 2.61 1.78 2.05 7.92 8.06 3.93 1.93 1.77 1.60 7.38 
2.53 7.09 7.08 6.84 1.40 7.76 4.89 4.86 5.96 1.15 4.40 9.09 5.54 6.21 7.07 6.27 5.41 8.40 5.74 8.96 3.07 7.35 4.29 0.18 7.34 5.96 4.62 2.17 7.77 0.22 7.64 6.57 2.52 5.66 5.09 6.83 5.53 7.07 6.56 1.29 2.61 2.44 4.24 1.42 1.63 1.60 6.85 5.47 7.17 1.89 7.89 5.18 6.26 4.03 3.76 6.57 5.04 4.77 5.25 1.62 
2.42 10.18 8.74 9.95 1.95 8.59 7.98 8.02 7.49 3.90 7.29 12.07 7.70 9.31 7.91 9.35 7.17 11.40 8.80 11.85 4.18 8.41 3.35 3.14 10.46 8.21 7.78 5.33 10.61 3.36 10.18 6.88 1.92 8.79 8.19 9.95 6.87 9.80 7.39 3.11 5.71 0.73 2.75 4.48 2.01 4.77 10.02 8.37 9.79 1.83 10.65 7.11 9.08 6.67 6.28 7.42 7.79 6.91 7.24 3.98 
1.60 6.97 5.82 6.78 2.28 6.34 4.84 5.10 4.65 2.52 5.39 8.76 4.48 6.85 5.65 6.15 4.16 8.10 6.46 8.51 1.63 5.95 3.19 1.27 7.31 4.96 5.01 2.78 7.26 1.37 6.85 5.13 1.87 5.72 5.03 6.81 4.16 6.44 5.14 2.69 2.69 2.73 3.36 2.51 2.63 2.22 7.05 6.40 6.44 2.83 7.29 3.99 5.73 5.22 5.02 5.14 4.44 3.68 4.09 3.04 
5.00 3.95 6.10 3.68 4.55 7.66 1.77 1.72 5.41 2.94 2.89 6.05 4.19 3.57 7.09 3.15 4.72 5.34 3.28 6.05 4.28 7.06 6.49 3.19 4.17 4.35 1.62 1.17 4.97 2.98 5.30 7.23 5.24 2.48 1.97 3.66 5.34 4.49 6.71 3.88 0.73 5.60 6.75 2.20 4.72 1.60 3.70 3.60 4.75 4.98 5.21 4.30 3.60 3.36 3.50 6.68 2.70 3.71 4.26 3.34 
4.00 9.89 4.89 9.84 6.45 3.41 8.29 9.00 3.93 7.40 10.13 10.86 5.31 11.14 2.93 9.18 4.23 10.40 10.87 10.28 3.41 3.61 2.57 6.10 10.35 5.81 9.12 7.43 9.09 6.25 7.85 1.50 4.33 9.20 8.42 9.96 3.33 8.10 2.59 7.36 6.91 5.88 3.25 7.39 6.79 6.96 10.61 11.06 7.79 6.85 8.83 4.57 7.87 10.09 9.91 2.66 6.84 4.93 4.74 7.89 
6.18 3.80 7.32 3.47 5.28 8.99 2.06 1.26 6.72 3.40 1.74 6.03 5.40 2.26 8.44 3.15 6.03 5.33 1.91 6.22 5.63 8.38 7.75 4.09 3.86 5.47 0.77 1.88 5.33 3.86 6.03 8.62 6.35 2.25 2.20 3.37 6.70 5.10 8.07 4.36 2.07 6.45 7.95 2.72 5.36 2.47 3.02 2.24 5.46 5.62 5.68 5.60 4.22 2.51 2.81 8.04 3.67 5.00 5.54 3.61 
3.68 9.80 4.98 9.74 6.14 3.62 8.15 8.83 3.97 7.12 9.89 10.83 5.28 10.95 3.11 9.08 4.22 10.35 10.67 10.27 3.17 3.78 2.25 5.81 10.25 5.79 8.94 7.20 9.06 5.97 7.86 1.69 4.01 9.06 8.28 9.85 3.34 8.07 2.72 7.06 6.70 5.56 2.93 7.12 6.48 6.71 10.48 10.83 7.78 6.54 8.82 4.53 7.81 9.83 9.65 2.79 6.74 4.86 4.70 7.60 
1.75 7.98 7.24 7.75 0.87 7.61 5.79 5.84 6.04 2.03 5.40 9.90 5.90 7.24 6.91 7.16 5.58 9.23 6.77 9.72 2.85 7.27 3.48 0.96 8.26 6.37 5.62 3.18 8.50 1.19 8.21 6.22 1.60 6.59 5.99 7.75 5.53 7.73 6.39 1.68 3.51 1.49 3.33 2.44 1.24 2.60 7.83 6.47 7.78 1.41 8.57 5.42 6.97 4.96 4.65 6.40 5.71 5.11 5.52 2.36 
8.17 2.92 3.90 3.16 8.99 6.19 3.63 4.55 4.43 7.85 7.40 2.63 3.07 6.37 6.05 2.90 4.11 2.38 6.58 1.96 6.52 5.54 8.82 7.56 3.37 2.54 5.07 6.19 0.96 7.43 0.66 7.13 8.62 3.75 3.50 3.36 5.00 0.61 6.05 8.70 5.26 9.69 9.44 7.16 9.26 6.42 4.42 7.54 0.56 9.52 0.52 3.84 1.50 8.20 8.45 5.98 2.60 3.68 3.66 8.34 
1.50 8.51 5.23 8.38 3.93 4.84 6.59 7.10 3.98 4.87 7.78 9.92 4.68 9.07 4.16 7.72 3.85 9.35 8.73 9.49 1.30 4.68 1.15 3.56 8.92 5.23 7.11 5.12 8.23 3.72 7.36 3.18 1.91 7.51 6.75 8.46 3.31 7.28 3.64 4.80 4.79 3.53 1.79 4.92 4.28 4.59 8.92 8.77 7.11 4.36 8.11 3.94 6.80 7.64 7.43 3.68 5.56 4.00 4.11 5.34 
8.76 5.82 10.54 5.49 7.13 12.24 5.00 3.98 9.97 5.24 1.92 7.90 8.62 2.18 11.68 5.54 9.28 7.29 1.84 8.35 8.61 11.63 10.48 6.41 5.60 8.65 3.53 4.59 7.81 6.19 8.88 11.80 8.80 4.66 5.05 5.31 9.94 7.88 11.31 5.94 5.18 8.38 10.52 4.88 7.05 5.11 4.38 1.01 8.31 7.25 8.26 8.85 7.07 2.39 2.83 11.28 6.81 8.25 8.79 5.07 
4.30 4.90 6.46 4.63 3.61 7.78 2.72 2.60 5.61 1.99 2.86 7.00 4.61 4.13 7.16 4.11 4.94 6.29 3.74 6.97 3.88 7.23 5.90 2.29 5.12 4.86 2.37 0.28 5.86 2.07 6.07 7.11 4.48 3.42 2.93 4.60 5.43 5.32 6.73 2.93 0.72 4.70 6.08 1.26 3.77 0.66 4.59 3.78 5.54 4.03 6.08 4.57 4.44 3.04 3.05 6.71 3.41 4.00 4.56 2.43 
7.98 3.19 3.56 3.41 8.88 5.85 3.72 4.67 4.12 7.80 7.50 2.97 2.80 6.56 5.71 3.10 3.82 2.72 6.75 2.28 6.30 5.21 8.58 7.46 3.65 2.26 5.19 6.17 1.29 7.33 0.34 6.81 8.43 3.92 3.61 3.60 4.69 0.70 5.72 8.63 5.22 9.54 9.21 7.12 9.16 6.37 4.67 7.68 0.38 9.41 0.86 3.56 1.56 8.27 8.50 5.66 2.52 3.44 3.39 8.30 
3.69 9.64 4.79 9.59 6.14 3.46 8.01 8.70 3.79 7.07 9.80 10.66 5.11 10.83 2.94 8.92 4.04 10.18 10.56 10.09 3.09 3.61 2.32 5.77 10.10 5.61 8.82 7.11 8.89 5.92 7.68 1.53 4.03 8.92 8.14 9.70 3.16 7.90 2.55 7.04 6.59 5.59 3.02 7.06 6.48 6.63 10.33 10.74 7.60 6.55 8.64 4.35 7.64 9.76 9.59 2.61 6.59 4.70 4.53 7.56 
2.96 5.81 3.93 5.69 4.22 4.81 3.94 4.57 2.83 3.95 5.88 7.28 2.53 6.70 4.17 5.02 2.27 6.69 6.45 6.92 1.41 4.32 3.83 3.00 6.22 3.03 4.68 3.25 5.65 2.99 5.01 4.09 3.41 4.87 4.09 5.77 2.48 4.75 3.71 4.43 2.53 4.62 4.34 3.59 4.56 2.93 6.28 6.73 4.67 4.77 5.60 2.05 4.16 6.05 5.99 3.70 2.89 1.74 2.14 4.52 
8.77 4.77 9.85 4.45 7.41 11.68 4.21 3.20 9.39 5.47 2.09 6.80 7.96 1.11 11.16 4.56 8.70 6.21 0.96 7.28 8.39 11.05 10.42 6.50 4.52 7.92 2.83 4.46 6.81 6.27 7.96 11.40 8.87 3.74 4.23 4.26 9.43 6.95 10.82 6.28 4.85 8.65 10.55 4.97 7.39 5.02 3.29 1.03 7.40 7.61 7.28 8.26 6.19 2.92 3.39 10.78 6.07 7.67 8.18 5.41 
8.53 2.66 8.26 2.35 7.75 10.28 2.69 1.91 8.00 5.86 3.15 4.68 6.45 1.04 9.83 2.57 7.35 4.08 1.51 5.15 7.73 9.62 10.01 6.54 2.39 6.31 1.92 4.33 4.73 6.32 6.00 10.30 8.74 1.93 2.62 2.16 8.17 4.98 9.56 6.80 4.26 8.92 10.28 5.19 7.83 4.91 1.16 2.62 5.47 8.08 5.22 6.90 4.32 4.18 4.62 9.52 4.51 6.33 6.79 6.01 
8.45 0.29 6.49 0.14 8.36 8.68 2.10 2.34 6.53 6.71 4.99 2.48 4.91 3.38 8.35 0.80 5.95 1.81 3.72 2.82 7.22 8.01 9.64 6.97 0.40 4.61 2.81 4.95 2.38 6.77 3.78 9.09 8.78 1.37 1.90 0.23 6.86 2.80 8.18 7.67 4.38 9.37 10.07 5.97 8.53 5.42 1.26 4.80 3.30 8.80 2.88 5.54 2.36 5.96 6.32 8.13 3.13 5.07 5.39 7.04 
3.39 6.31 3.00 6.25 5.13 3.64 4.70 5.46 1.79 5.09 7.02 7.48 2.12 7.68 2.99 5.59 1.39 6.95 7.47 7.00 1.60 3.16 3.69 4.04 6.77 2.67 5.65 4.42 5.75 4.07 4.80 3.00 3.88 5.61 4.82 6.36 1.33 4.78 2.54 5.49 3.65 5.31 4.34 4.76 5.48 4.11 7.01 7.82 4.58 5.67 5.59 1.40 4.39 7.22 7.17 2.52 3.26 1.47 1.56 5.66 
1.72 9.73 6.39 9.59 4.01 5.69 7.74 8.18 5.17 5.38 8.55 11.19 5.95 10.04 5.06 8.93 5.09 10.61 9.66 10.77 2.52 5.65 0.18 4.10 10.12 6.50 8.15 5.98 9.51 4.30 8.64 3.84 1.84 8.67 7.92 9.65 4.48 8.56 4.56 5.08 5.80 3.23 0.59 5.59 4.31 5.41 10.06 9.59 8.40 4.32 9.39 5.21 8.06 8.28 8.01 4.61 6.82 5.28 5.38 5.77 
2.47 9.81 8.72 9.57 1.44 8.72 7.61 7.60 7.48 3.39 6.76 11.75 7.57 8.81 8.03 8.99 7.11 11.07 8.30 11.57 4.16 8.50 3.66 2.74 10.08 8.07 7.34 4.89 10.34 2.95 9.98 7.08 2.00 8.40 7.82 9.56 6.89 9.55 7.50 2.57 5.33 0.42 3.13 4.00 1.46 4.34 9.59 7.84 9.57 1.27 10.40 7.02 8.81 6.12 5.73 7.53 7.53 6.78 7.14 3.44 
4.43 9.27 3.93 9.26 6.84 2.40 7.83 8.61 3.08 7.54 10.01 10.09 4.57 10.82 1.92 8.61 3.48 9.66 10.60 9.48 3.42 2.60 3.29 6.28 9.75 5.03 8.79 7.33 8.32 6.40 7.00 0.48 4.83 8.72 7.94 9.38 2.56 7.33 1.60 7.63 6.69 6.43 4.03 7.43 7.20 6.91 10.10 10.88 6.98 7.29 8.02 3.86 7.18 10.08 9.95 1.67 6.24 4.31 4.02 8.06 
5.82 3.99 7.15 3.67 4.94 8.76 2.11 1.45 6.50 3.08 1.83 6.21 5.23 2.62 8.20 3.30 5.81 5.51 2.25 6.35 5.30 8.16 7.40 3.73 4.08 5.33 1.03 1.52 5.41 3.50 6.02 8.34 5.99 2.43 2.26 3.59 6.45 5.12 7.82 4.04 1.75 6.10 7.60 2.38 5.03 2.11 3.31 2.48 5.45 5.29 5.74 5.39 4.23 2.49 2.73 7.79 3.57 4.79 5.34 3.31 
0.39 8.80 6.71 8.62 2.28 6.60 6.68 6.95 5.46 3.68 6.95 10.51 5.78 8.62 5.91 7.98 5.17 9.87 8.19 10.21 2.18 6.39 1.82 2.44 9.15 6.31 6.83 4.50 8.94 2.66 8.35 4.97 0.13 7.57 6.87 8.65 4.84 8.07 5.38 3.34 4.53 1.74 1.67 3.97 2.61 3.91 8.90 8.01 8.00 2.65 8.92 5.14 7.43 6.60 6.31 5.41 6.14 5.00 5.28 4.04 
1.95 7.01 6.42 6.79 1.76 7.01 4.82 4.95 5.27 1.86 4.90 8.90 4.97 6.53 6.32 6.18 4.75 8.23 6.10 8.71 2.31 6.62 3.67 0.58 7.31 5.42 4.79 2.41 7.49 0.70 7.21 5.81 2.07 5.66 5.03 6.79 4.81 6.72 5.82 2.02 2.57 2.48 3.73 1.94 2.08 1.82 6.93 5.94 6.77 2.31 7.56 4.54 5.96 4.65 4.42 5.82 4.70 4.18 4.63 2.36 
5.55 4.52 7.38 4.20 4.50 8.89 2.59 1.98 6.66 2.60 1.64 6.74 5.47 2.92 8.30 3.82 5.97 6.03 2.48 6.86 5.18 8.31 7.18 3.36 4.61 5.62 1.54 1.22 5.90 3.13 6.44 8.35 5.68 2.96 2.76 4.12 6.55 5.57 7.90 3.55 1.74 5.69 7.33 1.94 4.57 1.80 3.82 2.48 5.88 4.82 6.21 5.56 4.67 2.10 2.29 7.88 3.92 4.97 5.53 2.80 
9.10 1.22 7.48 1.08 8.77 9.67 2.71 2.57 7.49 7.01 4.81 2.89 5.88 2.84 9.32 1.69 6.90 2.34 3.30 3.43 7.98 9.00 10.38 7.43 0.76 5.59 2.93 5.30 3.26 7.22 4.74 10.03 9.40 1.81 2.54 0.92 7.81 3.77 9.14 7.97 4.89 9.85 10.77 6.28 8.91 5.82 0.70 4.41 4.28 9.17 3.78 6.48 3.36 5.82 6.23 9.09 4.05 5.99 6.34 7.27 
6.76 10.06 3.85 10.13 9.13 1.56 9.05 9.96 3.74 9.66 11.78 10.38 5.33 12.23 1.91 9.53 4.39 10.09 12.10 9.66 5.55 2.23 5.63 8.44 10.56 5.61 10.24 9.18 8.67 8.53 7.13 2.09 7.18 9.85 9.12 10.28 3.62 7.75 2.24 9.85 8.40 8.78 6.35 9.44 9.49 8.84 11.15 12.55 7.30 9.60 8.27 4.84 7.88 11.98 11.91 2.27 7.25 5.42 4.95 10.20 
5.07 8.17 2.43 8.20 7.31 1.18 6.99 7.87 1.79 7.63 9.65 8.77 3.40 10.13 0.50 7.58 2.36 8.40 9.99 8.12 3.61 1.12 4.37 6.47 8.66 3.77 8.13 7.06 7.01 6.54 5.60 1.06 5.54 7.82 7.07 8.34 1.51 6.04 0.12 7.90 6.27 7.15 5.15 7.37 7.67 6.74 9.16 10.42 5.65 7.81 6.68 2.80 6.02 9.86 9.81 0.18 5.25 3.35 2.93 8.18 
5.31 6.17 1.02 6.22 7.08 2.42 5.18 6.13 0.31 6.87 8.25 6.74 1.42 8.41 2.04 5.62 0.69 6.36 8.33 6.11 3.54 1.77 5.29 5.93 6.66 1.73 6.46 5.88 4.97 5.93 3.62 2.98 5.81 5.95 5.23 6.37 0.99 4.00 1.93 7.37 4.96 7.28 6.02 6.44 7.44 5.71 7.24 8.90 3.62 7.63 4.66 1.07 3.99 8.64 8.67 1.86 3.35 1.66 1.11 7.44 
6.82 1.78 4.84 1.73 7.09 6.94 1.21 2.17 4.73 5.69 4.99 3.41 3.12 4.21 6.57 1.09 4.13 2.74 4.32 3.28 5.46 6.28 7.88 5.65 2.24 2.90 2.68 3.95 2.17 5.48 2.78 7.25 7.19 1.54 1.10 1.86 5.03 1.82 6.37 6.60 3.12 7.97 8.36 4.96 7.32 4.28 2.70 5.19 2.21 7.58 2.44 3.71 0.96 5.78 6.04 6.32 1.28 3.22 3.57 6.13 
2.12 10.16 6.67 10.03 4.31 5.84 8.19 8.62 5.47 5.77 8.97 11.61 6.33 10.48 5.23 9.36 5.43 11.03 10.09 11.18 2.95 5.85 0.53 4.50 10.56 6.88 8.59 6.41 9.91 4.70 9.01 3.95 2.18 9.11 8.36 10.09 4.78 8.96 4.75 5.42 6.24 3.44 0.57 6.00 4.60 5.84 10.50 10.01 8.79 4.59 9.79 5.58 8.48 8.67 8.40 4.80 7.24 5.67 5.75 6.13 
6.53 2.80 3.57 2.86 7.24 5.73 2.32 3.34 3.59 6.13 6.04 3.75 1.98 5.47 5.40 2.30 3.05 3.21 5.55 3.33 4.96 5.06 7.33 5.81 3.30 1.66 3.81 4.51 2.06 5.68 1.83 6.21 6.95 2.82 2.27 3.02 3.98 1.20 5.25 6.96 3.55 7.96 7.90 5.45 7.52 4.70 3.96 6.36 1.30 7.77 2.05 2.67 0.66 6.73 6.93 5.20 0.85 2.30 2.50 6.63 
6.77 5.80 0.70 5.93 8.40 2.95 5.37 6.38 1.79 7.95 8.84 5.88 1.85 8.60 2.91 5.42 2.00 5.63 8.62 5.15 4.98 2.33 6.78 7.15 6.29 1.68 6.80 6.73 4.19 7.12 2.63 4.18 7.26 5.97 5.36 6.11 2.48 3.32 3.04 8.56 5.75 8.69 7.52 7.43 8.74 6.67 7.09 9.34 2.85 8.95 3.77 2.13 3.65 9.37 9.46 2.97 3.51 2.54 2.05 8.52 
4.73 9.06 3.53 9.06 7.11 1.93 7.71 8.52 2.77 7.71 10.05 9.79 4.31 10.76 1.45 8.42 3.23 9.39 10.56 9.16 3.59 2.14 3.70 6.47 9.54 4.74 8.73 7.39 8.02 6.58 6.66 0.09 5.16 8.58 7.81 9.19 2.31 7.04 1.19 7.85 6.70 6.77 4.45 7.55 7.47 7.00 9.95 10.89 6.67 7.58 7.71 3.64 6.94 10.16 10.06 1.26 6.06 4.12 3.79 8.24 
6.15 6.56 0.33 6.66 8.00 1.99 5.84 6.82 1.09 7.79 9.08 6.84 2.06 9.09 1.88 6.10 1.61 6.54 9.05 6.14 4.41 1.34 5.97 6.86 7.06 2.16 7.19 6.77 5.12 6.86 3.60 3.16 6.65 6.54 5.87 6.82 1.71 4.19 2.02 8.30 5.82 8.15 6.72 7.35 8.35 6.62 7.76 9.67 3.75 8.54 4.73 1.94 4.38 9.50 9.55 1.95 3.97 2.51 1.95 8.36 
7.17 1.45 5.03 1.44 7.41 7.17 1.38 2.25 4.99 5.98 5.10 3.08 3.38 4.16 6.82 0.84 4.41 2.40 4.31 2.99 5.81 6.51 8.23 5.98 1.92 3.11 2.77 4.22 1.93 5.80 2.74 7.55 7.54 1.48 1.23 1.58 5.32 1.74 6.64 6.90 3.43 8.31 8.72 5.25 7.64 4.58 2.50 5.24 2.18 7.90 2.26 3.99 0.98 5.93 6.21 6.59 1.60 3.52 3.84 6.40 
2.77 6.85 7.05 6.59 1.63 7.81 4.65 4.59 5.96 0.96 4.12 8.87 5.46 5.92 7.13 6.03 5.39 8.17 5.45 8.76 3.18 7.38 4.52 0.39 7.09 5.86 4.34 1.89 7.58 0.20 7.49 6.68 2.78 5.40 4.85 6.57 5.55 6.90 6.63 1.32 2.38 2.72 4.50 1.14 1.83 1.33 6.58 5.19 7.01 2.10 7.71 5.13 6.08 3.79 3.54 6.63 4.87 4.70 5.20 1.48 
8.64 3.21 4.06 3.49 9.50 6.34 4.12 5.01 4.72 8.37 7.87 2.53 3.45 6.76 6.25 3.30 4.45 2.43 7.00 1.77 6.97 5.71 9.24 8.07 3.63 2.91 5.54 6.71 1.12 7.94 0.80 7.39 9.09 4.18 3.98 3.68 5.31 1.12 6.29 9.22 5.78 10.19 9.87 7.68 9.78 6.94 4.75 7.98 1.02 10.03 0.61 4.21 2.01 8.68 8.94 6.22 3.12 4.10 4.04 8.86 
3.91 5.06 3.31 4.98 5.05 4.61 3.39 4.16 2.40 4.52 5.92 6.40 1.67 6.40 4.03 4.31 1.73 5.82 6.22 6.00 2.29 4.03 4.67 3.74 5.50 2.13 4.38 3.47 4.73 3.69 4.07 4.28 4.36 4.29 3.51 5.07 2.28 3.81 3.66 5.13 2.57 5.54 5.23 4.04 5.38 3.30 5.70 6.65 3.72 5.60 4.66 1.38 3.27 6.24 6.26 3.63 2.04 0.90 1.41 5.09 
4.71 3.90 3.99 3.79 5.31 5.64 2.14 2.96 3.36 4.32 5.00 5.46 2.07 5.22 5.12 3.12 2.67 4.83 5.09 5.17 3.32 5.02 5.74 3.89 4.32 2.27 3.22 2.87 3.92 3.77 3.66 5.49 5.11 3.05 2.27 3.87 3.40 3.13 4.80 5.10 1.87 6.04 6.22 3.69 5.59 2.92 4.46 5.61 3.19 5.84 3.97 2.23 2.39 5.47 5.56 4.76 1.10 1.63 2.17 4.85 
4.36 5.82 7.50 5.53 3.02 8.66 3.71 3.36 6.57 1.11 2.50 7.99 5.69 4.35 8.02 5.06 5.93 7.28 3.86 8.02 4.40 8.15 6.08 2.02 5.98 5.97 2.99 0.86 6.94 1.80 7.21 7.81 4.41 4.28 3.91 5.47 6.32 6.44 7.56 2.07 1.85 4.23 6.12 0.49 3.08 0.92 5.28 3.56 6.67 3.33 7.18 5.58 5.56 2.29 2.16 7.55 4.55 5.04 5.59 1.38 
3.66 8.38 3.55 8.35 6.00 2.67 6.86 7.61 2.48 6.57 8.98 9.34 3.79 9.81 2.01 7.69 2.72 8.87 9.58 8.77 2.44 2.60 2.87 5.33 8.85 4.29 7.78 6.31 7.57 5.43 6.36 1.06 4.10 7.75 6.97 8.47 1.84 6.58 1.51 6.72 5.66 5.72 3.64 6.43 6.36 5.90 9.15 9.85 6.28 6.47 7.32 3.04 6.35 9.06 8.94 1.56 5.34 3.42 3.21 7.10 
7.53 1.94 4.38 2.10 8.06 6.62 2.38 3.28 4.58 6.78 6.13 2.67 3.00 5.15 6.35 1.70 4.09 2.13 5.34 2.33 6.01 5.96 8.40 6.62 2.44 2.60 3.81 5.06 1.09 6.46 1.73 7.24 7.94 2.50 2.24 2.28 5.02 0.71 6.25 7.66 4.18 8.86 8.95 6.06 8.31 5.34 3.32 6.28 1.19 8.57 1.28 3.72 0.46 6.95 7.21 6.19 1.75 3.38 3.55 7.23 
1.11 9.49 7.38 9.29 2.34 7.13 7.35 7.57 6.12 4.01 7.38 11.22 6.49 9.15 6.45 8.66 5.86 10.58 8.70 10.93 2.88 6.96 1.94 2.88 9.82 7.02 7.42 5.04 9.66 3.11 9.07 5.41 0.66 8.22 7.54 9.32 5.48 8.79 5.93 3.51 5.16 1.42 1.49 4.41 2.60 4.45 9.54 8.45 8.73 2.57 9.64 5.84 8.15 6.94 6.62 5.96 6.85 5.72 5.99 4.29 
7.14 5.53 1.19 5.68 8.68 3.39 5.27 6.29 2.24 8.14 8.84 5.47 2.01 8.47 3.38 5.21 2.36 5.26 8.52 4.73 5.35 2.79 7.22 7.40 6.02 1.71 6.73 6.85 3.82 7.35 2.23 4.66 7.63 5.81 5.25 5.86 2.93 3.00 3.52 8.79 5.85 9.02 7.95 7.59 9.02 6.82 6.87 9.29 2.51 9.23 3.38 2.43 3.43 9.41 9.54 3.46 3.46 2.77 2.32 8.70 
1.28 7.23 5.40 7.06 2.76 5.74 5.16 5.54 4.19 3.22 6.04 8.89 4.24 7.40 5.04 6.41 3.77 8.26 7.03 8.58 0.97 5.39 2.61 1.95 7.60 4.75 5.49 3.39 7.32 2.07 6.75 4.45 1.69 6.07 5.35 7.11 3.65 6.45 4.52 3.34 3.15 2.93 2.90 3.20 3.12 2.85 7.44 7.04 6.39 3.29 7.30 3.67 5.80 5.91 5.72 4.53 4.51 3.45 3.79 3.73 
4.05 4.61 5.54 4.38 3.92 6.89 2.42 2.65 4.70 2.64 3.66 6.56 3.70 4.57 6.29 3.79 4.03 5.87 4.27 6.44 3.28 6.33 5.49 2.49 4.91 3.97 2.61 1.19 5.27 2.31 5.30 6.32 4.32 3.27 2.62 4.39 4.54 4.63 5.88 3.49 0.30 4.86 5.78 1.99 4.15 1.21 4.59 4.49 4.79 4.41 5.42 3.65 3.78 3.94 3.96 5.85 2.64 3.08 3.64 3.15 
1.87 8.00 7.35 7.76 0.76 7.73 5.80 5.83 6.16 1.94 5.32 9.94 5.99 7.19 7.04 7.17 5.69 9.26 6.72 9.77 2.97 7.40 3.61 0.94 8.27 6.46 5.60 3.15 8.55 1.17 8.28 6.35 1.71 6.60 6.00 7.76 5.64 7.79 6.51 1.55 3.52 1.48 3.44 2.38 1.11 2.58 7.82 6.40 7.84 1.30 8.63 5.52 7.02 4.87 4.55 6.53 5.76 5.20 5.62 2.25 
4.76 3.73 4.84 3.55 4.95 6.46 1.67 2.27 4.19 3.71 4.14 5.56 2.93 4.48 5.92 2.91 3.50 4.89 4.30 5.40 3.63 5.85 6.00 3.51 4.09 3.09 2.45 2.12 4.21 3.35 4.25 6.19 5.10 2.59 1.84 3.60 4.18 3.55 5.57 4.56 1.13 5.82 6.40 3.03 5.20 2.27 4.00 4.78 3.72 5.46 4.35 3.07 2.71 4.62 4.73 5.54 1.58 2.47 3.02 4.20 
6.21 2.89 3.62 2.91 6.89 5.72 2.12 3.14 3.52 5.78 5.78 4.01 1.90 5.33 5.35 2.30 2.94 3.44 5.37 3.64 4.67 5.05 7.06 5.46 3.38 1.67 3.59 4.18 2.37 5.33 2.17 6.09 6.63 2.71 2.10 3.06 3.86 1.54 5.17 6.61 3.21 7.62 7.61 5.11 7.17 4.35 3.93 6.15 1.65 7.42 2.38 2.53 0.89 6.45 6.63 5.12 0.50 2.10 2.38 6.28 
8.00 2.61 7.88 2.27 7.25 9.85 2.25 1.41 7.57 5.38 2.85 4.74 6.04 1.11 9.39 2.36 6.91 4.11 1.40 5.14 7.21 9.20 9.48 6.03 2.43 5.93 1.40 3.82 4.60 5.80 5.77 9.83 8.22 1.58 2.21 2.10 7.72 4.75 9.11 6.32 3.73 8.41 9.76 4.69 7.34 4.40 1.27 2.49 5.22 7.59 5.07 6.46 4.03 3.87 4.29 9.07 4.11 5.89 6.36 5.55 
5.14 5.80 8.12 5.48 3.60 9.39 3.83 3.26 7.26 1.66 1.76 8.02 6.27 3.83 8.76 5.10 6.59 7.31 3.29 8.13 5.20 8.86 6.87 2.78 5.89 6.50 2.81 1.40 7.13 2.56 7.56 8.60 5.16 4.24 4.00 5.40 7.04 6.73 8.31 2.50 2.37 4.84 6.89 1.26 3.59 1.68 5.05 2.84 7.00 3.83 7.42 6.23 5.83 1.49 1.40 8.30 4.95 5.67 6.22 1.66 
2.41 7.24 3.93 7.14 4.45 4.02 5.45 6.09 2.67 4.82 7.24 8.54 3.24 8.21 3.32 6.47 2.44 7.98 7.94 8.08 0.74 3.70 2.58 3.61 7.67 3.79 6.19 4.55 6.82 3.70 5.92 2.82 2.90 6.38 5.60 7.23 2.05 5.86 2.80 5.04 3.98 4.43 3.23 4.65 4.82 4.12 7.79 8.14 5.68 4.97 6.69 2.51 5.42 7.29 7.16 2.82 4.22 2.57 2.67 5.36 
6.32 5.00 8.42 4.66 4.92 9.94 3.36 2.52 7.71 2.98 0.60 7.24 6.50 2.52 9.35 4.41 7.02 6.55 1.97 7.47 6.13 9.36 8.01 4.01 5.00 6.63 1.99 2.11 6.62 3.78 7.32 9.37 6.39 3.49 3.49 4.54 7.60 6.39 8.94 3.83 2.78 6.16 8.09 2.48 4.92 2.62 4.01 1.58 6.74 5.15 6.98 6.61 5.51 1.22 1.56 8.92 4.88 6.02 6.58 2.98 
2.45 6.30 5.96 6.08 2.41 6.76 4.12 4.30 4.87 1.94 4.54 8.19 4.40 5.99 6.09 5.47 4.30 7.51 5.59 8.00 2.27 6.32 4.06 1.01 6.60 4.82 4.17 1.91 6.78 0.96 6.55 5.74 2.66 4.97 4.32 6.09 4.48 6.03 5.60 2.40 1.89 3.20 4.22 1.74 2.70 1.35 6.27 5.54 6.09 2.95 6.86 4.05 5.26 4.43 4.27 5.60 4.00 3.63 4.12 2.51 
7.83 2.99 3.62 3.20 8.68 5.91 3.47 4.42 4.11 7.58 7.25 2.93 2.72 6.33 5.75 2.87 3.77 2.62 6.51 2.29 6.17 5.26 8.47 7.25 3.46 2.20 4.94 5.94 1.19 7.13 0.55 6.81 8.28 3.68 3.36 3.39 4.66 0.46 5.73 8.42 4.99 9.36 9.09 6.90 8.96 6.15 4.46 7.44 0.21 9.21 0.84 3.49 1.31 8.02 8.26 5.67 2.31 3.33 3.31 8.07 
7.63 6.03 10.01 5.68 5.89 11.55 4.75 3.79 9.32 4.04 1.03 8.22 8.09 2.70 10.95 5.58 8.63 7.57 2.16 8.57 7.64 10.97 9.37 5.26 5.91 8.19 3.27 3.64 7.86 5.05 8.73 10.94 7.64 4.65 4.85 5.53 9.21 7.76 10.55 4.70 4.39 7.14 9.37 3.76 5.80 4.09 4.75 1.07 8.15 5.99 8.26 8.22 6.90 1.14 1.56 10.52 6.41 7.62 8.18 3.83 
7.20 4.62 8.78 4.27 5.87 10.44 3.35 2.37 8.18 3.92 0.72 6.83 6.85 1.64 9.88 4.15 7.48 6.17 1.07 7.15 6.89 9.84 8.87 4.92 4.53 6.91 1.86 2.91 6.43 4.69 7.32 10.01 7.30 3.23 3.44 4.13 8.14 6.35 9.51 4.77 3.40 7.11 8.98 3.40 5.86 3.46 3.42 0.79 6.75 6.09 6.84 7.06 5.50 1.74 2.19 9.48 5.09 6.46 7.00 3.91 
7.61 1.86 6.99 1.51 7.14 9.00 1.45 0.94 6.73 5.36 3.39 4.09 5.17 2.04 8.56 1.46 6.08 3.41 2.24 4.39 6.65 8.34 8.99 5.82 1.83 5.03 1.29 3.66 3.74 5.61 4.85 9.07 7.87 0.66 1.35 1.38 6.92 3.83 8.30 6.32 3.34 8.24 9.32 4.64 7.27 4.20 1.05 3.26 4.30 7.53 4.19 5.64 3.10 4.35 4.73 8.26 3.23 5.08 5.52 5.62 
1.07 8.06 6.78 7.85 1.48 7.01 5.89 6.06 5.56 2.62 5.90 9.89 5.57 7.62 6.32 7.23 5.15 9.23 7.18 9.66 2.28 6.71 2.83 1.38 8.38 6.06 5.89 3.51 8.41 1.61 7.99 5.57 1.01 6.75 6.09 7.87 5.01 7.60 5.79 2.36 3.66 1.59 2.74 2.91 1.84 2.92 8.04 6.96 7.59 1.97 8.44 5.03 6.88 5.54 5.25 5.81 5.59 4.77 5.14 3.00 
8.15 3.24 8.43 2.90 7.20 10.35 2.77 1.82 8.06 5.28 2.43 5.34 6.56 0.49 9.87 3.00 7.39 4.72 0.79 5.77 7.48 9.71 9.69 6.06 3.03 6.48 1.62 3.86 5.25 5.83 6.40 10.24 8.33 2.19 2.75 2.73 8.17 5.39 9.57 6.20 3.94 8.40 9.92 4.64 7.25 4.45 1.83 1.90 5.85 7.50 5.71 6.94 4.65 3.45 3.90 9.53 4.64 6.36 6.85 5.39 
4.07 6.36 2.27 6.34 5.89 2.96 4.97 5.81 1.03 5.83 7.59 7.31 1.78 8.07 2.35 5.69 0.79 6.83 7.91 6.77 2.30 2.44 4.15 4.80 6.84 2.30 6.06 5.05 5.55 4.82 4.43 2.66 4.57 5.83 5.06 6.47 0.61 4.56 1.97 6.25 4.21 6.04 4.85 5.47 6.24 4.78 7.21 8.34 4.28 6.43 5.33 1.01 4.31 7.85 7.83 1.93 3.33 1.39 1.19 6.39 
1.50 8.87 5.53 8.74 3.95 5.03 6.93 7.42 4.30 5.03 8.02 10.29 5.04 9.37 4.37 8.08 4.19 9.71 9.02 9.86 1.65 4.91 0.78 3.72 9.27 5.59 7.43 5.38 8.60 3.89 7.72 3.30 1.85 7.86 7.10 8.81 3.62 7.65 3.85 4.89 5.09 3.44 1.44 5.13 4.29 4.84 9.26 9.03 7.48 4.35 8.48 4.30 7.16 7.85 7.62 3.89 5.93 4.36 4.47 5.48 
7.76 1.77 7.06 1.43 7.30 9.09 1.57 1.10 6.83 5.51 3.49 3.99 5.26 2.03 8.66 1.44 6.18 3.32 2.27 4.31 6.79 8.43 9.14 5.98 1.71 5.10 1.44 3.82 3.70 5.76 4.85 9.18 8.03 0.72 1.46 1.28 7.02 3.84 8.41 6.48 3.49 8.40 9.48 4.79 7.43 4.36 0.89 3.31 4.31 7.69 4.16 5.74 3.13 4.47 4.85 8.36 3.32 5.18 5.62 5.77 
7.56 3.99 2.66 4.18 8.69 4.95 4.14 5.14 3.32 7.80 7.89 3.88 2.20 7.18 4.84 3.78 3.11 3.64 7.31 3.16 5.82 4.31 7.99 7.30 4.47 1.65 5.63 6.27 2.20 7.20 0.63 5.98 8.03 4.51 4.07 4.37 3.94 1.43 4.87 8.57 5.28 9.24 8.66 7.16 8.99 6.39 5.41 8.18 0.92 9.23 1.77 2.93 2.05 8.58 8.77 4.81 2.60 2.94 2.76 8.32 
9.89 2.51 5.90 2.85 10.37 8.18 4.31 4.94 6.47 8.97 7.73 0.73 5.05 6.13 8.07 3.05 6.12 1.03 6.50 0.09 8.33 7.55 10.70 8.93 2.71 4.54 5.46 7.21 1.31 8.76 2.61 9.16 10.30 3.96 4.12 3.01 7.02 2.28 8.08 9.89 6.41 11.21 11.27 8.24 10.60 7.57 3.94 7.58 2.56 10.87 1.52 5.82 2.81 8.66 9.00 8.02 4.11 5.59 5.64 9.38 
7.90 3.34 3.39 3.55 8.84 5.68 3.79 4.75 3.97 7.80 7.57 3.14 2.67 6.68 5.55 3.23 3.68 2.89 6.86 2.45 6.21 5.04 8.46 7.42 3.80 2.13 5.27 6.19 1.46 7.30 0.20 6.65 8.35 4.02 3.69 3.75 4.55 0.82 5.56 8.62 5.23 9.48 9.10 7.13 9.13 6.37 4.81 7.77 0.39 9.37 1.03 3.44 1.63 8.33 8.55 5.50 2.52 3.33 3.26 8.30 
4.30 5.03 6.62 4.75 3.51 7.92 2.86 2.69 5.76 1.85 2.77 7.14 4.78 4.14 7.29 4.24 5.09 6.44 3.72 7.13 3.95 7.37 5.92 2.22 5.24 5.03 2.43 0.11 6.02 2.00 6.24 7.22 4.46 3.54 3.06 4.72 5.56 5.49 6.86 2.79 0.89 4.62 6.08 1.11 3.66 0.59 4.67 3.71 5.71 3.92 6.24 4.72 4.61 2.90 2.89 6.84 3.59 4.16 4.72 2.26 
6.92 3.35 2.97 3.48 7.87 5.23 3.20 4.21 3.27 6.89 6.92 3.76 1.80 6.31 4.99 2.99 2.87 3.36 6.41 3.18 5.25 4.56 7.54 6.46 3.84 1.30 4.69 5.33 1.99 6.35 1.08 5.97 7.37 3.63 3.14 3.66 3.78 1.00 4.93 7.68 4.34 8.50 8.16 6.23 8.16 5.47 4.66 7.24 0.72 8.41 1.75 2.57 1.22 7.61 7.80 4.86 1.64 2.39 2.40 7.40 
1.59 9.64 7.91 9.43 1.92 7.75 7.47 7.60 6.66 3.76 7.16 11.46 6.93 9.05 7.07 8.81 6.36 10.80 8.58 11.21 3.37 7.57 2.59 2.77 9.95 7.45 7.41 4.98 9.95 3.00 9.45 6.06 1.09 8.32 7.67 9.44 6.04 9.11 6.55 3.13 5.23 0.82 2.08 4.24 2.12 4.40 9.59 8.25 9.08 2.04 9.97 6.31 8.43 6.65 6.29 6.58 7.13 6.14 6.45 3.96 
6.38 2.11 5.11 1.96 6.49 7.10 0.61 1.62 4.84 5.04 4.37 3.99 3.28 3.81 6.67 1.30 4.19 3.30 3.84 3.93 5.13 6.44 7.54 5.06 2.49 3.16 2.10 3.28 2.84 4.88 3.39 7.23 6.72 1.27 0.57 2.03 5.05 2.47 6.43 5.96 2.50 7.42 7.98 4.31 6.71 3.64 2.64 4.65 2.82 6.97 3.12 3.75 1.58 5.13 5.38 6.38 1.34 3.20 3.63 5.46 
4.93 7.30 1.77 7.33 7.00 1.62 6.14 7.04 0.92 7.12 8.92 7.93 2.52 9.31 1.02 6.71 1.50 7.54 9.19 7.29 3.29 1.15 4.55 6.03 7.79 2.90 7.32 6.39 6.16 6.07 4.79 1.80 5.42 6.96 6.22 7.47 0.73 5.18 0.76 7.48 5.55 6.99 5.31 6.79 7.36 6.12 8.29 9.66 4.81 7.53 5.84 1.94 5.14 9.20 9.17 0.70 4.38 2.50 2.06 7.68 
6.48 8.05 1.76 8.14 8.60 0.62 7.25 8.22 2.04 8.70 10.33 8.26 3.46 10.49 1.02 7.58 2.72 7.99 10.42 7.53 4.89 0.45 5.87 7.63 8.55 3.63 8.55 7.88 6.56 7.66 5.01 2.43 6.96 7.99 7.29 8.31 2.28 5.66 1.50 9.08 6.99 8.54 6.65 8.34 8.96 7.65 9.23 10.99 5.20 9.12 6.15 3.15 5.86 10.67 10.67 1.45 5.40 3.75 3.21 9.26 
1.24 7.60 6.42 7.39 1.71 6.77 5.44 5.63 5.22 2.46 5.61 9.42 5.14 7.25 6.08 6.77 4.77 8.76 6.82 9.18 2.01 6.43 2.98 1.15 7.92 5.63 5.48 3.13 7.94 1.35 7.53 5.42 1.35 6.30 5.63 7.41 4.69 7.13 5.56 2.37 3.22 2.04 3.01 2.64 2.07 2.55 7.60 6.66 7.13 2.24 7.98 4.63 6.41 5.32 5.07 5.57 5.12 4.35 4.74 2.90 
7.03 2.45 3.86 2.55 7.68 6.08 2.39 3.37 4.00 6.50 6.16 3.24 2.42 5.40 5.79 2.06 3.50 2.71 5.53 2.82 5.47 5.41 7.84 6.25 2.95 2.03 3.88 4.84 1.56 6.11 1.60 6.65 7.45 2.72 2.30 2.73 4.43 0.76 5.67 7.36 3.90 8.43 8.41 5.81 7.95 5.06 3.72 6.41 1.02 8.20 1.58 3.13 0.28 6.92 7.14 5.61 1.29 2.79 2.96 6.98 
1.98 6.52 5.00 6.36 3.10 5.60 4.47 4.89 3.83 3.13 5.62 8.19 3.67 6.83 4.92 5.71 3.34 7.55 6.49 7.88 1.10 5.19 3.23 1.99 6.90 4.16 4.88 2.93 6.62 2.04 6.11 4.53 2.38 5.39 4.65 6.41 3.37 5.76 4.42 3.44 2.55 3.49 3.58 2.94 3.45 2.45 6.77 6.57 5.73 3.65 6.62 3.17 5.10 5.60 5.46 4.42 3.81 2.88 3.27 3.68 
3.39 5.80 3.27 5.72 4.85 4.19 4.11 4.85 2.16 4.62 6.41 7.10 2.00 7.05 3.56 5.06 1.60 6.54 6.85 6.67 1.66 3.67 3.98 3.66 6.25 2.53 5.03 3.83 5.40 3.66 4.60 3.63 3.86 5.02 4.24 5.82 1.84 4.46 3.14 5.10 3.03 5.18 4.57 4.24 5.20 3.55 6.43 7.20 4.31 5.40 5.29 1.42 3.98 6.63 6.60 3.11 2.78 1.23 1.54 5.19 
1.17 7.62 5.17 7.48 3.22 5.26 5.62 6.07 3.92 3.88 6.70 9.17 4.23 8.00 4.56 6.82 3.60 8.57 7.65 8.81 0.62 4.97 2.05 2.59 8.01 4.77 6.07 4.03 7.54 2.72 6.84 3.86 1.67 6.54 5.80 7.54 3.32 6.63 4.04 3.93 3.73 3.16 2.46 3.87 3.58 3.51 7.94 7.69 6.53 3.72 7.48 3.58 6.06 6.58 6.39 4.05 4.78 3.47 3.72 4.37 
3.69 5.24 3.41 5.16 4.88 4.60 3.53 4.27 2.44 4.41 5.93 6.61 1.84 6.49 4.00 4.49 1.79 6.03 6.30 6.22 2.07 4.04 4.46 3.59 5.68 2.32 4.47 3.43 4.95 3.54 4.28 4.18 4.14 4.44 3.66 5.25 2.26 4.03 3.61 4.98 2.56 5.34 5.01 3.95 5.21 3.23 5.85 6.69 3.94 5.43 4.88 1.48 3.49 6.22 6.22 3.59 2.25 1.05 1.53 4.98 
4.67 6.31 1.65 6.33 6.49 2.57 5.11 6.01 0.42 6.37 7.96 7.08 1.56 8.29 2.04 5.70 0.48 6.65 8.17 6.49 2.91 1.99 4.67 5.38 6.80 2.02 6.30 5.49 5.30 5.39 4.06 2.68 5.17 5.93 5.18 6.46 0.47 4.31 1.77 6.83 4.61 6.65 5.39 5.98 6.85 5.27 7.27 8.66 3.99 7.03 5.03 0.91 4.18 8.28 8.28 1.72 3.36 1.47 1.04 6.94 
2.52 7.23 3.82 7.14 4.58 3.90 5.47 6.13 2.56 4.93 7.32 8.50 3.17 8.26 3.20 6.47 2.35 7.95 7.99 8.04 0.86 3.58 2.64 3.73 7.67 3.72 6.24 4.63 6.78 3.81 5.85 2.72 3.02 6.39 5.61 7.23 1.93 5.82 2.68 5.15 4.04 4.55 3.30 4.75 4.94 4.21 7.81 8.21 5.62 5.09 6.64 2.43 5.39 7.38 7.26 2.70 4.21 2.51 2.60 5.47 
1.61 9.66 6.41 9.52 3.88 5.75 7.67 8.10 5.18 5.27 8.44 11.15 5.93 9.95 5.11 8.86 5.09 10.56 9.56 10.74 2.47 5.69 0.26 3.99 10.06 6.49 8.06 5.88 9.47 4.19 8.62 3.92 1.72 8.59 7.85 9.58 4.49 8.53 4.61 4.96 5.71 3.11 0.55 5.48 4.19 5.31 9.98 9.48 8.37 4.20 9.36 5.20 8.02 8.16 7.89 4.66 6.77 5.25 5.37 5.65 
8.27 2.24 4.48 2.50 8.90 6.77 3.20 4.05 4.90 7.64 6.92 2.13 3.42 5.76 6.58 2.30 4.50 1.76 6.00 1.60 6.69 6.11 9.05 7.46 2.68 2.94 4.58 5.92 0.35 7.31 1.34 7.60 8.70 3.19 3.05 2.69 5.42 0.64 6.54 8.52 5.04 9.67 9.63 6.92 9.16 6.21 3.76 6.99 1.03 9.41 0.44 4.18 1.26 7.76 8.03 6.48 2.53 3.93 4.01 8.10 
3.35 6.84 2.99 6.79 5.30 3.27 5.26 6.02 1.73 5.44 7.53 7.94 2.47 8.23 2.59 6.12 1.55 7.43 8.02 7.43 1.61 2.86 3.38 4.33 7.30 3.01 6.20 4.89 6.19 4.37 5.15 2.46 3.84 6.16 5.38 6.90 1.12 5.21 2.10 5.77 4.16 5.36 4.08 5.17 5.66 4.55 7.56 8.35 4.97 5.83 6.00 1.70 4.87 7.69 7.62 2.10 3.78 1.92 1.88 6.00 
8.23 0.79 6.69 0.46 8.01 8.83 1.83 1.89 6.63 6.31 4.48 3.00 5.02 2.88 8.47 0.83 6.03 2.33 3.21 3.34 7.08 8.16 9.48 6.64 0.75 4.77 2.34 4.56 2.83 6.43 4.15 9.13 8.53 0.98 1.65 0.29 6.92 3.14 8.27 7.27 4.06 9.05 9.88 5.57 8.17 5.06 0.87 4.28 3.64 8.43 3.32 5.60 2.59 5.45 5.82 8.22 3.16 5.09 5.46 6.61 
5.73 4.80 7.79 4.48 4.50 9.28 2.95 2.26 7.06 2.57 1.27 7.04 5.89 2.86 8.68 4.14 6.37 6.33 2.37 7.20 5.47 8.70 7.40 3.47 4.87 6.04 1.78 1.46 6.26 3.24 6.84 8.70 5.83 3.25 3.11 4.38 6.94 5.95 8.28 3.49 2.12 5.72 7.51 1.97 4.54 1.99 4.00 2.20 6.28 4.79 6.59 5.97 5.06 1.69 1.89 8.25 4.34 5.38 5.94 2.68 
5.86 4.72 1.70 4.79 7.20 3.80 3.97 4.97 1.73 6.59 7.37 5.30 0.49 7.21 3.49 4.22 1.37 4.89 7.21 4.70 4.09 3.13 6.23 5.89 5.22 0.27 5.36 5.29 3.52 5.83 2.30 4.43 6.34 4.65 3.98 4.95 2.26 2.54 3.40 7.25 4.30 7.64 6.90 6.03 7.53 5.26 5.87 7.89 2.20 7.76 3.24 1.16 2.54 7.90 8.00 3.33 2.10 1.28 1.00 7.14 
8.02 1.43 7.01 1.09 7.63 9.09 1.71 1.43 6.85 5.87 3.86 3.62 5.26 2.27 8.68 1.23 6.21 2.96 2.58 3.97 6.99 8.43 9.36 6.30 1.33 5.06 1.81 4.15 3.43 6.08 4.66 9.26 8.30 0.78 1.56 0.93 7.08 3.64 8.45 6.83 3.77 8.71 9.72 5.14 7.77 4.68 0.63 3.64 4.13 8.03 3.90 5.77 2.99 4.84 5.23 8.40 3.33 5.24 5.65 6.14 
7.20 3.36 7.85 3.02 6.28 9.66 2.24 1.22 7.37 4.37 1.89 5.59 5.94 1.27 9.15 2.90 6.69 4.91 1.06 5.89 6.58 9.03 8.76 5.12 3.29 5.92 0.81 2.91 5.18 4.89 6.14 9.44 7.38 1.97 2.29 2.88 7.43 5.14 8.82 5.31 3.02 7.46 8.97 3.72 6.35 3.50 2.25 1.84 5.57 6.60 5.60 6.25 4.32 2.88 3.28 8.78 4.07 5.65 6.17 4.52 
5.29 3.67 6.13 3.39 4.84 7.75 1.51 1.42 5.48 3.21 2.85 5.79 4.21 3.35 7.19 2.88 4.79 5.08 3.09 5.81 4.51 7.15 6.75 3.49 3.88 4.32 1.36 1.43 4.75 3.27 5.16 7.39 5.53 2.18 1.71 3.36 5.45 4.32 6.83 4.16 1.00 5.90 7.03 2.46 5.01 1.89 3.41 3.48 4.60 5.27 5.02 4.37 3.42 3.41 3.59 6.80 2.61 3.77 4.32 3.58 
5.62 3.00 5.53 2.76 5.49 7.31 0.80 1.30 5.02 3.97 3.54 5.03 3.61 3.54 6.80 2.18 4.33 4.33 3.42 5.00 4.59 6.67 6.94 4.08 3.28 3.65 1.54 2.21 3.92 3.88 4.33 7.14 5.92 1.67 1.00 2.77 5.08 3.48 6.48 4.90 1.48 6.47 7.30 3.23 5.68 2.58 3.05 4.02 3.77 5.95 4.17 3.89 2.58 4.20 4.40 6.44 1.85 3.29 3.81 4.38 
5.00 9.36 3.72 9.37 7.39 1.93 8.03 8.86 3.03 8.03 10.39 10.05 4.60 11.09 1.56 8.73 3.53 9.66 10.90 9.40 3.90 2.24 3.88 6.78 9.85 5.02 9.07 7.73 8.28 6.89 6.89 0.42 5.41 8.90 8.13 9.50 2.61 7.30 1.40 8.16 7.04 7.01 4.62 7.88 7.75 7.33 10.27 11.23 6.93 7.85 7.96 3.94 7.23 10.50 10.39 1.47 6.37 4.44 4.09 8.56 
7.44 3.33 8.01 2.99 6.50 9.85 2.37 1.35 7.56 4.59 1.97 5.54 6.11 1.03 9.35 2.92 6.88 4.88 0.88 5.88 6.82 9.22 9.00 5.35 3.23 6.08 1.01 3.15 5.21 5.12 6.22 9.65 7.62 2.02 2.40 2.84 7.63 5.22 9.02 5.52 3.26 7.69 9.21 3.94 6.56 3.74 2.14 1.78 5.65 6.81 5.64 6.44 4.42 2.98 3.40 8.99 4.23 5.84 6.35 4.72 
5.51 4.59 7.42 4.27 4.43 8.91 2.66 2.06 6.68 2.53 1.62 6.81 5.51 2.98 8.32 3.89 6.00 6.11 2.52 6.94 5.17 8.33 7.15 3.31 4.69 5.66 1.62 1.19 5.97 3.08 6.51 8.35 5.64 3.03 2.83 4.19 6.57 5.63 7.91 3.48 1.75 5.63 7.29 1.87 4.50 1.76 3.89 2.49 5.94 4.76 6.28 5.59 4.73 2.05 2.23 7.89 3.98 5.00 5.56 2.73 
3.99 5.11 6.33 4.85 3.38 7.57 2.91 2.86 5.43 1.87 3.14 7.17 4.51 4.45 6.94 4.30 4.77 6.47 4.06 7.11 3.58 7.03 5.58 2.02 5.35 4.79 2.67 0.45 5.97 1.80 6.10 6.85 4.17 3.65 3.12 4.83 5.22 5.39 6.51 2.77 0.73 4.43 5.77 1.18 3.55 0.45 4.86 4.08 5.58 3.82 6.16 4.41 4.52 3.26 3.22 6.49 3.43 3.86 4.42 2.35 
9.02 1.56 7.73 1.35 8.57 9.88 2.69 2.38 7.67 6.77 4.43 3.34 6.06 2.40 9.51 1.87 7.06 2.79 2.87 3.88 7.98 9.21 10.35 7.26 1.16 5.81 2.67 5.09 3.65 7.04 5.09 10.16 9.29 1.76 2.53 1.16 7.95 4.10 9.30 7.73 4.76 9.68 10.71 6.05 8.69 5.64 0.39 3.98 4.61 8.96 4.16 6.63 3.61 5.45 5.87 9.25 4.18 6.12 6.50 7.00 
3.99 6.94 2.40 6.93 5.99 2.60 5.54 6.37 1.17 6.11 8.06 7.86 2.31 8.62 1.94 6.28 1.24 7.39 8.44 7.29 2.30 2.17 3.83 5.01 7.42 2.81 6.60 5.47 6.09 5.05 4.90 2.08 4.49 6.41 5.64 7.05 0.48 5.09 1.49 6.46 4.68 6.02 4.57 5.81 6.35 5.16 7.79 8.84 4.80 6.52 5.84 1.56 4.88 8.27 8.23 1.47 3.91 1.98 1.73 6.67 
8.43 2.05 7.77 1.74 7.83 9.83 2.32 1.73 7.57 5.98 3.55 4.10 6.00 1.63 9.41 2.00 6.93 3.49 2.04 4.55 7.52 9.17 9.84 6.56 1.80 5.82 1.91 4.36 4.13 6.34 5.41 9.94 8.68 1.46 2.22 1.55 7.78 4.40 9.16 6.94 4.15 8.96 10.16 5.28 7.93 4.92 0.58 3.15 4.89 8.19 4.62 6.49 3.76 4.57 4.99 9.11 4.06 5.93 6.37 6.19 
5.81 9.54 3.55 9.58 8.19 1.40 8.38 9.25 3.15 8.74 10.95 10.04 4.77 11.51 1.37 8.96 3.75 9.70 11.35 9.36 4.62 1.92 4.73 7.52 10.03 5.11 9.50 8.32 8.29 7.61 6.82 1.15 6.24 9.21 8.46 9.72 2.90 7.34 1.51 8.91 7.58 7.85 5.46 8.55 8.55 7.96 10.55 11.75 6.93 8.66 7.93 4.19 7.37 11.12 11.03 1.56 6.63 4.74 4.32 9.28 
7.07 3.20 3.14 3.34 7.98 5.40 3.16 4.16 3.45 6.96 6.90 3.58 1.99 6.23 5.17 2.88 3.06 3.17 6.34 3.00 5.40 4.73 7.70 6.56 3.69 1.49 4.65 5.37 1.80 6.44 0.99 6.15 7.52 3.55 3.09 3.52 3.97 0.82 5.11 7.77 4.40 8.62 8.32 6.29 8.26 5.53 4.54 7.20 0.56 8.51 1.57 2.75 1.11 7.61 7.81 5.05 1.68 2.56 2.58 7.47 
7.74 2.27 7.43 1.92 7.12 9.41 1.82 1.06 7.14 5.28 3.03 4.46 5.60 1.55 8.96 1.94 6.48 3.80 1.77 4.81 6.88 8.76 9.18 5.85 2.16 5.48 1.20 3.65 4.21 5.63 5.33 9.42 7.98 1.13 1.76 1.77 7.29 4.32 8.69 6.24 3.46 8.25 9.48 4.58 7.23 4.21 1.14 2.81 4.78 7.48 4.66 6.03 3.58 4.03 4.42 8.64 3.66 5.46 5.92 5.50 
5.90 3.64 2.87 3.68 6.85 4.94 2.81 3.82 2.75 5.95 6.33 4.54 1.14 6.05 4.58 3.07 2.20 4.04 6.06 4.07 4.25 4.27 6.58 5.45 4.13 0.92 4.23 4.47 2.81 5.35 2.11 5.36 6.35 3.47 2.81 3.83 3.13 1.85 4.41 6.71 3.47 7.47 7.18 5.32 7.15 4.54 4.71 6.78 1.73 7.39 2.68 1.81 1.51 6.92 7.07 4.36 0.95 1.48 1.65 6.48 
5.56 4.26 7.15 3.95 4.63 8.70 2.31 1.74 6.45 2.77 1.84 6.48 5.24 2.88 8.12 3.55 5.77 5.77 2.48 6.59 5.10 8.11 7.16 3.44 4.37 5.37 1.33 1.24 5.62 3.21 6.17 8.21 5.72 2.70 2.48 3.87 6.37 5.29 7.73 3.73 1.59 5.80 7.34 2.07 4.72 1.83 3.62 2.60 5.60 4.98 5.93 5.35 4.39 2.37 2.56 7.70 3.66 4.76 5.31 3.01 
6.36 5.65 8.92 5.31 4.74 10.35 3.99 3.17 8.15 2.83 0.65 7.89 7.02 2.98 9.74 5.06 7.47 7.20 2.40 8.13 6.35 9.79 8.09 3.99 5.64 7.17 2.65 2.38 7.27 3.78 7.94 9.68 6.38 4.14 4.13 5.19 8.01 7.02 9.32 3.58 3.20 5.99 8.10 2.48 4.69 2.80 4.62 1.70 7.37 4.90 7.62 7.08 6.14 0.57 0.92 9.30 5.47 6.49 7.05 2.70 
3.93 8.63 3.59 8.61 6.30 2.48 7.14 7.92 2.59 6.90 9.32 9.53 3.99 10.12 1.86 7.95 2.90 9.08 9.90 8.94 2.77 2.49 3.03 5.66 9.11 4.47 8.09 6.64 7.76 5.76 6.50 0.75 4.37 8.04 7.26 8.73 1.99 6.77 1.40 7.03 5.99 5.98 3.79 6.76 6.66 6.23 9.43 10.18 6.45 6.77 7.49 3.25 6.58 9.39 9.27 1.46 5.59 3.66 3.42 7.43 
2.37 6.59 6.33 6.36 2.03 7.08 4.40 4.50 5.23 1.65 4.50 8.52 4.79 6.08 6.40 5.77 4.67 7.84 5.66 8.35 2.48 6.65 4.06 0.62 6.88 5.22 4.33 1.97 7.14 0.58 6.93 5.98 2.51 5.22 4.60 6.37 4.82 6.40 5.90 2.02 2.13 2.88 4.15 1.59 2.31 1.38 6.49 5.53 6.48 2.56 7.23 4.43 5.62 4.31 4.10 5.90 4.37 4.02 4.50 2.20 
2.84 8.79 8.56 8.53 0.46 8.92 6.60 6.46 7.37 2.09 5.41 10.83 7.17 7.51 8.22 7.99 6.90 10.14 6.99 10.72 4.16 8.59 4.43 1.83 9.02 7.62 6.16 3.74 9.53 1.98 9.37 7.47 2.52 7.32 6.80 8.50 6.85 8.83 7.69 1.21 4.34 1.32 4.08 2.77 0.13 3.25 8.43 6.49 8.91 0.13 9.65 6.72 8.02 4.75 4.35 7.71 6.80 6.38 6.81 2.08 
2.60 10.41 8.92 10.18 2.16 8.73 8.22 8.25 7.67 4.11 7.49 12.30 7.91 9.52 8.06 9.58 7.36 11.63 9.02 12.08 4.37 8.56 3.43 3.37 10.69 8.42 8.01 5.56 10.84 3.59 10.40 7.00 2.10 9.03 8.42 10.18 7.05 10.02 7.53 3.31 5.94 0.96 2.80 4.70 2.20 5.00 10.25 8.57 10.01 2.01 10.87 7.31 9.31 6.86 6.46 7.57 8.02 7.12 7.44 4.18 
2.73 6.42 3.72 6.32 4.39 4.29 4.63 5.28 2.52 4.42 6.57 7.78 2.66 7.42 3.61 5.65 2.09 7.21 7.17 7.36 0.97 3.85 3.29 3.33 6.85 3.20 5.40 3.90 6.09 3.37 5.29 3.40 3.22 5.55 4.77 6.41 2.04 5.15 3.13 4.78 3.24 4.60 3.87 4.14 4.75 3.54 6.96 7.43 5.01 4.94 5.99 2.02 4.65 6.69 6.60 3.13 3.43 1.92 2.16 4.98 
1.98 7.34 4.35 7.23 4.02 4.45 5.47 6.05 3.10 4.47 7.03 8.73 3.55 8.11 3.75 6.56 2.82 8.16 7.81 8.31 0.34 4.13 2.34 3.24 7.76 4.10 6.11 4.33 7.05 3.33 6.21 3.16 2.48 6.40 5.63 7.31 2.48 6.10 3.23 4.64 3.84 3.99 2.93 4.35 4.39 3.87 7.81 7.96 5.95 4.54 6.94 2.85 5.61 7.02 6.88 3.24 4.37 2.84 3.01 5.00 
5.64 4.96 7.85 4.63 4.37 9.30 3.09 2.42 7.09 2.42 1.29 7.19 5.95 3.00 8.70 4.29 6.41 6.49 2.50 7.34 5.43 8.73 7.32 3.36 5.03 6.11 1.94 1.41 6.40 3.13 6.96 8.69 5.73 3.40 3.25 4.54 6.96 6.08 8.28 3.33 2.14 5.59 7.41 1.85 4.40 1.92 4.16 2.27 6.39 4.64 6.72 6.01 5.18 1.60 1.77 8.26 4.43 5.42 5.98 2.53 
2.34 9.25 5.30 9.15 4.79 4.48 7.42 7.99 4.12 5.85 8.77 10.53 5.10 10.01 3.85 8.48 4.14 9.98 9.68 10.04 2.17 4.45 1.03 4.54 9.68 5.65 8.03 6.10 8.79 4.71 7.78 2.63 2.67 8.34 7.57 9.24 3.43 7.82 3.36 5.74 5.72 4.23 1.80 5.91 5.13 5.58 9.76 9.75 7.60 5.19 8.63 4.34 7.42 8.63 8.42 3.41 6.24 4.52 4.51 6.31 
2.06 7.03 6.56 6.80 1.65 7.17 4.84 4.93 5.42 1.71 4.80 8.95 5.09 6.47 6.48 6.20 4.89 8.27 6.03 8.77 2.47 6.77 3.79 0.42 7.32 5.54 4.75 2.35 7.55 0.56 7.30 5.97 2.14 5.66 5.04 6.80 4.97 6.80 5.98 1.86 2.57 2.44 3.82 1.83 1.96 1.76 6.92 5.85 6.86 2.20 7.64 4.68 6.03 4.52 4.28 5.98 4.77 4.31 4.77 2.21 
2.59 11.03 8.57 10.84 3.44 7.99 8.89 9.09 7.33 5.32 8.73 12.75 7.88 10.61 7.35 10.21 7.15 12.11 10.14 12.44 4.25 7.93 2.48 4.32 11.37 8.42 8.93 6.52 11.17 4.55 10.51 6.13 2.20 9.76 9.09 10.86 6.65 10.28 6.85 4.65 6.69 2.21 1.72 5.80 3.58 5.93 11.07 9.81 10.19 3.45 11.13 7.19 9.66 8.20 7.83 6.90 8.37 7.14 7.35 5.50 
1.47 9.66 7.78 9.45 2.09 7.58 7.49 7.65 6.53 3.89 7.29 11.45 6.84 9.14 6.90 8.83 6.24 10.80 8.68 11.18 3.26 7.40 2.38 2.86 9.98 7.37 7.48 5.06 9.92 3.09 9.38 5.87 0.98 8.35 7.69 9.47 5.90 9.07 6.38 3.30 5.26 1.03 1.87 4.35 2.31 4.47 9.64 8.37 9.03 2.24 9.92 6.21 8.40 6.80 6.45 6.41 7.10 6.06 6.35 4.12 
3.84 9.20 4.22 9.16 6.27 2.93 7.64 8.38 3.23 7.05 9.63 10.15 4.60 10.55 2.37 8.50 3.52 9.69 10.30 9.57 2.96 3.04 2.67 5.77 9.67 5.09 8.52 6.94 8.38 5.89 7.14 1.01 4.23 8.55 7.77 9.28 2.62 7.39 1.97 7.09 6.35 5.83 3.42 6.97 6.62 6.49 9.95 10.53 7.07 6.70 8.12 3.86 7.17 9.65 9.50 2.03 6.15 4.23 4.03 7.55 
2.17 10.49 7.27 10.34 4.08 6.48 8.46 8.84 6.05 5.68 8.98 12.02 6.83 10.60 5.86 9.68 5.98 11.42 10.19 11.62 3.34 6.48 1.05 4.47 10.88 7.38 8.76 6.50 10.35 4.69 9.51 4.59 2.08 9.38 8.64 10.40 5.36 9.41 5.38 5.24 6.43 3.08 0.41 6.00 4.33 5.91 10.75 10.04 9.26 4.29 10.25 6.09 8.89 8.61 8.31 5.43 7.63 6.15 6.26 6.00 
5.30 3.73 6.24 3.45 4.81 7.86 1.59 1.43 5.59 3.14 2.73 5.86 4.32 3.28 7.30 2.95 4.90 5.16 3.01 5.89 4.57 7.25 6.79 3.46 3.93 4.44 1.31 1.37 4.85 3.25 5.28 7.48 5.54 2.23 1.78 3.41 5.55 4.43 6.93 4.09 1.03 5.88 7.05 2.40 4.96 1.85 3.42 3.38 4.72 5.23 5.12 4.48 3.53 3.29 3.47 6.90 2.73 3.88 4.43 3.50 
9.58 1.41 6.45 1.75 9.77 8.73 3.52 3.95 6.79 8.22 6.64 0.84 5.24 4.90 8.52 2.14 6.33 0.27 5.30 1.34 8.16 8.07 10.57 8.34 1.49 4.81 4.45 6.45 1.65 8.16 3.27 9.48 9.95 2.97 3.31 1.87 7.26 2.55 8.46 9.17 5.76 10.70 11.09 7.48 9.97 6.87 2.71 6.40 3.00 10.23 2.13 5.97 2.67 7.60 7.97 8.39 3.87 5.63 5.80 8.58 
2.33 8.92 8.27 8.68 0.50 8.50 6.72 6.68 7.06 2.45 5.83 10.90 6.97 7.87 7.81 8.11 6.62 10.22 7.36 10.75 3.79 8.21 3.87 1.85 9.18 7.44 6.40 3.96 9.54 2.04 9.28 6.99 1.97 7.49 6.93 8.66 6.51 8.79 7.28 1.68 4.45 0.77 3.50 3.06 0.61 3.42 8.66 6.92 8.84 0.56 9.63 6.48 8.02 5.23 4.85 7.30 6.76 6.18 6.58 2.54 
10.67 2.78 6.81 3.11 11.02 9.09 4.82 5.31 7.38 9.53 7.99 0.54 5.94 6.18 8.99 3.47 7.02 1.25 6.61 0.99 9.15 8.46 11.54 9.59 2.82 5.44 5.81 7.76 2.18 9.41 3.53 10.07 11.07 4.33 4.63 3.23 7.92 3.16 9.00 10.47 7.03 11.91 12.10 8.79 11.24 8.16 4.00 7.72 3.47 11.50 2.43 6.71 3.60 8.96 9.33 8.93 4.89 6.45 6.53 9.91 
7.28 1.70 4.63 1.78 7.68 6.82 1.87 2.77 4.70 6.34 5.62 2.89 3.09 4.68 6.51 1.28 4.16 2.27 4.85 2.67 5.82 6.15 8.24 6.24 2.19 2.75 3.30 4.60 1.51 6.08 2.21 7.31 7.67 2.01 1.73 1.95 5.08 1.21 6.36 7.24 3.75 8.52 8.76 5.61 7.92 4.91 2.94 5.77 1.65 8.18 1.77 3.76 0.50 6.43 6.70 6.31 1.53 3.35 3.60 6.78 
0.44 8.69 6.18 8.53 2.87 5.97 6.63 6.99 4.93 4.09 7.25 10.30 5.37 8.78 5.28 7.88 4.68 9.69 8.38 9.95 1.74 5.78 1.33 2.80 9.06 5.91 6.92 4.69 8.69 3.00 7.99 4.32 0.78 7.54 6.82 8.58 4.28 7.78 4.76 3.86 4.58 2.39 1.44 4.29 3.21 4.12 8.91 8.29 7.68 3.27 8.63 4.69 7.19 6.98 6.72 4.79 5.91 4.62 4.84 4.50 
1.59 9.89 7.86 9.69 2.37 7.57 7.74 7.92 6.61 4.18 7.58 11.66 6.98 9.43 6.90 9.07 6.34 11.01 8.96 11.38 3.37 7.42 2.26 3.14 10.22 7.51 7.75 5.33 10.12 3.37 9.55 5.83 1.13 8.60 7.94 9.71 5.96 9.26 6.38 3.58 5.52 1.26 1.68 4.63 2.58 4.75 9.90 8.66 9.20 2.49 10.11 6.33 8.60 7.08 6.73 6.41 7.31 6.21 6.48 4.40 
6.97 2.80 3.51 2.92 7.74 5.74 2.69 3.69 3.70 6.63 6.45 3.43 2.14 5.75 5.47 2.42 3.23 2.95 5.87 2.94 5.36 5.07 7.71 6.31 3.30 1.72 4.19 5.01 1.68 6.18 1.35 6.37 7.40 3.08 2.62 3.09 4.16 0.74 5.37 7.47 4.05 8.44 8.29 5.95 8.01 5.20 4.09 6.73 0.80 8.27 1.59 2.88 0.65 7.18 7.39 5.31 1.36 2.60 2.71 7.13 
4.81 7.06 8.82 6.75 2.79 9.84 5.04 4.53 7.84 1.19 2.73 9.27 7.06 4.99 9.17 6.34 7.22 8.56 4.43 9.35 5.32 9.36 6.57 2.50 7.17 7.36 4.09 2.28 8.32 2.35 8.62 8.81 4.72 5.51 5.23 6.67 7.52 7.85 8.69 1.58 3.26 4.03 6.45 1.48 2.68 2.23 6.33 3.78 8.08 2.87 8.57 6.89 6.96 1.99 1.60 8.68 5.97 6.38 6.92 0.76 
