2.71 5.87 2.51 5.34 4.73 1.23 3.84 2.08 4.62 4.81 2.92 6.90 4.29 6.74 5.24 4.56 3.23 3.90 5.34 3.01 4.35 3.79 2.75 3.57 0.42 4.78 4.08 1.53 6.38 4.36 4.79 3.58 1.17 5.79 2.33 4.00 4.66 5.84 4.74 4.87 
0.94 8.05 0.41 6.47 6.31 3.22 3.91 2.08 6.66 6.28 0.87 8.52 5.23 8.99 7.93 5.36 1.27 3.99 8.21 0.47 5.36 5.86 5.03 4.15 3.13 7.63 2.80 3.18 9.28 5.32 6.76 6.45 2.46 7.45 0.69 6.57 6.22 6.89 6.46 7.64 
2.92 9.62 2.00 5.40 8.08 4.69 2.63 1.98 8.28 5.46 1.22 10.31 4.21 10.53 9.13 4.23 3.22 5.96 8.69 1.52 4.36 7.45 6.50 3.14 4.26 8.58 0.97 4.76 9.96 4.30 8.41 7.36 2.90 6.65 1.91 7.89 5.47 8.79 5.79 7.92 
8.83 4.96 8.76 7.70 6.31 6.24 8.49 7.88 5.21 6.86 9.10 6.96 7.61 4.94 2.68 7.92 9.28 8.33 1.53 9.24 7.54 5.20 5.04 7.85 6.03 1.81 9.69 6.49 0.26 7.60 5.42 2.74 6.99 6.73 8.57 3.69 6.65 7.76 6.33 2.62 
4.78 5.68 4.47 4.54 5.32 2.76 4.25 3.41 4.76 3.79 4.69 7.20 3.87 6.37 4.25 4.20 5.32 5.56 3.36 4.88 3.86 4.07 3.08 3.69 2.08 3.36 5.24 3.12 4.57 3.90 5.00 2.18 2.54 4.46 4.24 3.48 3.59 6.72 3.50 2.79 
5.66 8.13 4.94 2.08 7.71 4.64 2.69 3.28 7.22 1.36 4.75 9.66 1.59 8.79 6.54 1.91 6.23 7.40 4.56 5.11 1.54 6.50 5.47 2.00 3.77 5.46 4.31 4.99 6.02 1.59 7.45 4.43 2.99 2.29 4.64 5.92 1.19 9.05 1.24 3.54 
7.03 5.15 6.83 5.80 5.76 4.60 6.39 5.82 4.82 4.96 7.10 7.05 5.57 5.51 3.01 5.90 7.52 7.08 1.00 7.28 5.52 4.47 3.90 5.75 4.21 1.72 7.59 4.91 2.17 5.58 5.07 1.43 4.96 5.06 6.62 3.16 4.75 7.28 4.47 1.18 
9.14 3.21 9.34 9.70 5.15 6.48 9.97 8.89 4.05 8.86 9.85 5.06 9.38 2.82 1.76 9.71 9.48 7.80 3.80 9.89 9.34 4.43 4.80 9.39 6.61 2.37 10.85 6.61 2.68 9.40 4.19 3.55 7.94 8.93 9.22 3.18 8.64 6.37 8.37 4.83 
3.83 7.61 3.09 3.36 6.72 3.28 1.99 1.47 6.47 2.95 2.95 8.84 2.24 8.40 6.50 2.51 4.40 5.85 5.46 3.28 2.31 5.67 4.60 1.56 2.43 5.68 2.97 3.58 6.79 2.32 6.67 4.48 1.20 4.06 2.79 5.52 2.84 7.89 3.03 4.63 
3.74 4.34 4.60 9.41 2.16 2.88 7.66 5.59 3.08 8.85 5.38 4.08 8.34 5.27 5.48 8.61 3.68 0.86 7.65 5.11 8.41 2.68 2.83 7.54 3.75 5.99 7.24 2.54 8.02 8.41 3.02 5.34 5.01 9.76 4.72 4.14 8.69 2.24 8.73 7.72 
6.17 2.50 6.93 10.83 1.08 4.53 9.56 7.62 1.96 10.15 7.70 1.55 9.91 3.22 4.48 10.22 6.18 3.39 7.50 7.48 9.96 2.37 3.32 9.29 5.33 5.47 9.45 4.31 7.39 9.97 1.73 5.35 6.86 10.86 7.00 3.63 9.96 0.70 9.90 7.92 
3.58 7.79 2.79 3.51 6.80 3.30 1.80 1.12 6.61 3.17 2.60 8.95 2.33 8.60 6.76 2.57 4.14 5.76 5.82 2.95 2.42 5.80 4.73 1.49 2.48 5.99 2.61 3.57 7.15 2.41 6.80 4.78 1.06 4.32 2.49 5.74 3.09 7.92 3.30 5.01 
1.48 6.66 1.27 5.82 5.17 1.73 3.74 1.65 5.32 5.44 1.82 7.40 4.64 7.58 6.34 4.86 2.04 3.52 6.62 1.81 4.73 4.49 3.56 3.70 1.50 6.00 3.40 1.81 7.66 4.72 5.45 4.82 1.29 6.53 1.15 5.02 5.33 6.02 5.49 6.11 
7.78 0.77 8.22 10.15 2.92 5.30 9.73 8.22 1.98 9.34 8.86 2.64 9.54 0.71 1.84 9.87 8.01 5.83 5.21 8.79 9.54 2.66 3.48 9.26 5.74 3.13 10.21 5.30 4.62 9.58 2.01 3.74 7.28 9.72 8.17 2.22 9.13 3.97 8.95 5.98 
1.38 6.89 1.05 5.79 5.37 1.96 3.62 1.52 5.54 5.44 1.60 7.60 4.59 7.81 6.57 4.80 1.95 3.64 6.79 1.58 4.69 4.71 3.79 3.62 1.71 6.21 3.20 2.03 7.85 4.68 5.67 5.03 1.31 6.55 0.92 5.25 5.34 6.20 5.51 6.27 
0.65 6.65 1.37 6.99 4.85 2.05 4.76 2.67 5.26 6.64 2.16 7.06 5.80 7.60 6.75 6.00 1.02 2.61 7.51 1.89 5.90 4.48 3.75 4.81 2.31 6.62 4.05 1.90 8.42 5.88 5.34 5.52 2.49 7.74 1.52 5.34 6.53 5.43 6.69 7.12 
4.94 3.73 5.80 10.36 1.61 3.83 8.77 6.73 2.72 9.75 6.58 3.03 9.34 4.57 5.32 9.62 4.87 1.98 7.93 6.31 9.40 2.66 3.24 8.59 4.70 6.07 8.42 3.53 8.09 9.41 2.57 5.65 6.08 10.59 5.91 4.16 9.59 1.05 9.58 8.16 
8.78 5.21 8.67 7.41 6.48 6.22 8.28 7.74 5.39 6.58 8.99 7.20 7.35 5.23 2.90 7.66 9.24 8.39 1.24 9.14 7.28 5.33 5.10 7.63 5.97 1.92 9.52 6.48 0.25 7.34 5.61 2.72 6.86 6.42 8.47 3.83 6.37 7.95 6.04 2.33 
2.36 4.94 3.00 7.58 3.14 1.15 5.81 3.76 3.54 7.05 3.75 5.36 6.49 5.89 5.25 6.75 2.56 1.68 6.61 3.56 6.56 2.79 2.20 5.67 1.97 5.35 5.51 0.79 7.29 6.56 3.61 4.40 3.15 8.01 3.05 3.82 6.90 3.89 6.97 6.45 
1.63 8.70 0.90 6.25 7.00 3.82 3.58 2.05 7.32 6.15 0.57 9.21 5.02 9.63 8.48 5.11 1.87 4.68 8.55 0.34 5.15 6.51 5.65 3.92 3.62 8.11 2.24 3.82 9.69 5.11 7.42 6.91 2.67 7.35 1.01 7.15 6.12 7.59 6.39 7.91 
7.79 8.48 7.16 3.00 8.65 6.23 4.91 5.57 7.89 2.27 7.05 10.27 3.45 8.92 6.44 3.67 8.36 9.05 3.47 7.39 3.32 7.34 6.47 4.23 5.46 5.16 6.61 6.60 4.88 3.40 8.14 4.55 5.14 1.78 6.88 6.33 2.12 10.12 1.72 2.40 
5.94 3.92 6.82 11.43 2.16 4.91 9.85 7.80 3.25 10.81 7.61 2.66 10.42 4.62 5.84 10.70 5.81 2.90 8.70 7.32 10.48 3.43 4.17 9.68 5.77 6.74 9.48 4.61 8.71 10.49 3.04 6.47 7.17 11.62 6.95 4.85 10.63 0.73 10.62 9.02 
6.07 2.22 6.34 8.00 2.77 3.44 7.55 6.13 1.74 7.21 6.91 3.99 7.36 2.87 1.33 7.69 6.40 4.86 3.80 6.90 7.36 1.60 1.72 7.08 3.69 1.82 8.12 3.54 3.84 7.39 1.98 1.75 5.18 7.68 6.25 0.10 7.01 4.27 6.85 4.28 
3.97 9.59 2.96 3.70 8.38 4.82 0.93 1.71 8.34 3.81 2.30 10.59 2.54 10.44 8.69 2.53 4.42 6.78 7.67 2.73 2.68 7.51 6.47 1.51 4.14 7.94 0.89 5.02 9.04 2.62 8.51 6.72 2.55 5.00 2.72 7.62 3.84 9.33 4.19 6.77 
7.13 2.32 7.88 11.56 1.85 5.40 10.41 8.51 2.37 10.84 8.64 0.68 10.69 2.80 4.57 11.00 7.14 4.33 7.79 8.43 10.72 2.99 4.03 10.12 6.17 5.70 10.37 5.20 7.50 10.75 2.12 5.78 7.72 11.49 7.94 3.99 10.65 1.40 10.57 8.32 
5.97 1.32 6.50 9.34 1.16 3.67 8.47 6.74 0.07 8.60 7.19 2.40 8.55 2.28 2.58 8.87 6.16 3.93 5.53 7.07 8.57 0.90 1.95 8.09 4.27 3.50 8.70 3.59 5.44 8.60 0.24 3.45 5.86 9.19 6.48 1.68 8.40 2.57 8.29 6.00 
3.47 10.63 2.82 6.66 8.91 5.74 3.91 3.37 9.25 6.80 2.21 11.11 5.53 11.56 10.34 5.50 3.54 6.45 10.10 2.25 5.67 8.44 7.57 4.50 5.45 9.88 2.12 5.74 11.34 5.61 9.35 8.67 4.25 7.99 2.88 9.04 6.83 9.43 7.17 9.35 
2.17 5.39 2.44 6.49 3.90 0.50 4.78 2.79 4.03 5.97 3.09 6.13 5.40 6.31 5.23 5.67 2.58 2.74 6.01 3.01 5.47 3.21 2.31 4.60 0.96 5.06 4.66 0.53 6.87 5.48 4.16 3.96 2.09 6.95 2.39 3.85 5.83 4.85 5.90 5.71 
3.84 6.53 3.34 4.05 5.76 2.52 3.09 2.11 5.43 3.46 3.45 7.83 3.10 7.31 5.40 3.41 4.40 5.28 4.62 3.69 3.14 4.65 3.58 2.62 1.65 4.63 3.93 2.86 5.87 3.16 5.64 3.41 1.31 4.40 3.08 4.43 3.30 7.02 3.36 3.93 
8.43 1.72 8.79 10.14 3.83 5.86 9.98 8.62 2.82 9.32 9.38 3.50 9.65 1.28 1.59 9.98 8.70 6.68 4.77 9.35 9.63 3.39 4.05 9.47 6.19 2.83 10.62 5.91 3.96 9.67 2.89 3.71 7.67 9.58 8.71 2.56 9.10 4.91 8.88 5.65 
8.01 10.56 7.15 1.09 10.32 7.28 3.86 5.43 9.75 1.31 6.76 12.19 2.29 11.13 8.73 2.25 8.56 10.02 6.02 7.18 2.15 9.08 8.08 3.39 6.41 7.51 5.64 7.62 7.46 2.20 9.99 6.68 5.44 0.82 6.85 8.35 1.46 11.68 1.51 4.93 
4.68 3.45 4.87 6.88 3.01 2.01 6.13 4.62 2.41 6.14 5.41 4.85 6.10 4.26 2.73 6.43 5.06 4.05 4.00 5.42 6.12 1.73 0.85 5.70 2.18 2.61 6.62 2.19 4.56 6.15 2.64 1.71 3.68 6.79 4.76 1.44 5.95 4.47 5.85 4.09 
8.70 11.08 7.83 1.73 10.92 7.94 4.50 6.11 10.32 1.99 7.44 12.76 2.96 11.62 9.19 2.89 9.25 10.69 6.33 7.85 2.82 9.67 8.68 4.06 7.07 7.94 6.26 8.29 7.73 2.86 10.57 7.18 6.12 1.19 7.54 8.88 2.13 12.30 2.11 5.26 
7.58 3.28 8.40 12.41 2.65 6.11 11.14 9.17 3.33 11.72 9.17 1.36 11.50 3.64 5.55 11.81 7.52 4.62 8.78 8.93 11.54 3.89 4.89 10.88 6.92 6.69 10.97 5.88 8.48 11.56 3.08 6.75 8.43 12.40 8.49 4.97 11.53 1.61 11.46 9.30 
7.95 2.34 8.18 9.04 4.04 5.30 9.04 7.83 2.92 8.21 8.72 4.32 8.60 2.30 0.59 8.93 8.28 6.60 3.60 8.73 8.57 3.23 3.59 8.50 5.48 1.67 9.81 5.41 2.91 8.62 3.08 2.65 6.87 8.43 8.07 1.97 7.99 5.36 7.76 4.48 
6.74 1.22 7.37 10.53 1.29 4.67 9.58 7.78 1.24 9.80 8.10 1.20 9.73 1.96 3.36 10.05 6.84 4.27 6.57 7.94 9.75 2.00 3.07 9.23 5.35 4.48 9.71 4.53 6.30 9.78 1.01 4.59 6.93 10.39 7.39 2.79 9.60 1.98 9.49 7.11 
6.91 7.00 6.43 3.83 7.20 5.03 4.95 5.03 6.42 2.99 6.47 8.79 3.82 7.47 5.00 4.11 7.46 7.81 2.35 6.75 3.73 5.89 5.05 4.27 4.33 3.75 6.45 5.38 3.83 3.80 6.67 3.07 4.38 3.02 6.16 4.85 2.78 8.68 2.47 1.27 
8.06 10.63 7.20 1.12 10.39 7.34 3.89 5.47 9.82 1.37 6.81 12.26 2.33 11.20 8.80 2.28 8.61 10.08 6.08 7.22 2.19 9.15 8.14 3.43 6.47 7.58 5.66 7.69 7.52 2.24 10.06 6.75 5.49 0.88 6.90 8.41 1.53 11.75 1.57 4.99 
10.25 4.59 10.36 9.96 6.53 7.58 10.58 9.73 5.42 9.12 10.81 6.40 9.81 4.14 2.98 10.13 10.63 9.11 3.80 10.88 9.75 5.75 6.00 9.96 7.60 3.12 11.63 7.75 2.37 9.81 5.56 4.34 8.79 9.01 10.21 4.40 8.91 7.76 8.59 4.89 
5.44 2.55 5.72 7.69 2.55 2.81 7.06 5.56 1.70 6.92 6.30 4.11 6.97 3.32 1.95 7.30 5.77 4.32 4.02 6.28 6.98 1.26 1.10 6.62 3.10 2.23 7.56 2.90 4.26 7.01 1.95 1.79 4.61 7.47 5.63 0.54 6.72 4.07 6.59 4.35 
8.43 4.34 8.42 7.81 5.70 5.81 8.40 7.64 4.59 6.97 8.80 6.34 7.62 4.35 2.05 7.95 8.86 7.78 1.77 8.92 7.57 4.61 4.50 7.78 5.67 1.26 9.50 6.03 0.88 7.62 4.80 2.34 6.72 6.95 8.24 3.10 6.76 7.14 6.46 2.82 
3.60 10.16 2.65 5.10 8.68 5.23 2.37 2.32 8.83 5.26 1.87 10.92 3.98 11.06 9.56 3.95 3.90 6.62 8.90 2.19 4.12 8.00 7.02 2.97 4.74 8.94 0.57 5.34 10.22 4.06 8.97 7.71 3.28 6.44 2.54 8.36 5.30 9.43 5.64 8.07 
1.09 8.37 0.98 6.96 6.55 3.65 4.33 2.61 6.98 6.80 1.25 8.73 5.72 9.32 8.37 5.84 1.14 4.03 8.75 0.82 5.85 6.20 5.43 4.63 3.64 8.12 3.05 3.57 9.81 5.81 7.06 6.96 3.03 7.98 1.25 7.00 6.75 7.01 6.99 8.20 
4.35 3.96 4.46 6.42 3.39 1.71 5.63 4.14 2.88 5.71 4.97 5.31 5.62 4.76 3.16 5.94 4.77 4.05 4.02 5.00 5.64 2.15 1.15 5.20 1.73 2.87 6.13 1.95 4.72 5.67 3.11 1.81 3.18 6.39 4.33 1.93 5.51 4.80 5.44 3.96 
6.42 8.52 5.69 1.79 8.25 5.32 3.21 4.03 7.68 0.95 5.49 10.13 1.81 9.12 6.78 2.07 6.99 8.11 4.43 5.86 1.70 7.01 6.01 2.54 4.46 5.61 4.92 5.67 5.91 1.77 7.92 4.69 3.75 1.58 5.40 6.30 0.74 9.63 0.57 3.35 
8.33 7.56 7.87 4.60 8.12 6.33 6.21 6.45 7.22 3.83 7.91 9.47 4.90 7.86 5.35 5.15 8.88 9.06 2.07 8.19 4.79 6.81 6.10 5.52 5.69 4.05 7.80 6.68 3.35 4.86 7.47 3.79 5.82 3.39 7.60 5.56 3.65 9.63 3.27 1.23 
5.41 6.30 4.98 3.92 6.11 3.56 4.10 3.70 5.48 3.13 5.09 7.92 3.42 6.93 4.66 3.75 5.96 6.37 3.08 5.34 3.39 4.83 3.87 3.47 2.83 3.61 5.34 3.92 4.44 3.44 5.72 2.54 2.95 3.68 4.72 4.09 2.92 7.53 2.77 2.30 
3.78 9.71 2.77 4.11 8.42 4.88 1.35 1.77 8.44 4.24 2.06 10.64 2.96 10.58 8.91 2.95 4.19 6.67 8.01 2.48 3.11 7.61 6.58 1.94 4.25 8.20 0.46 5.05 9.36 3.05 8.60 6.98 2.68 5.43 2.56 7.79 4.27 9.31 4.62 7.14 
7.43 2.59 8.20 11.93 2.21 5.76 10.77 8.86 2.73 11.22 8.96 0.71 11.06 2.97 4.87 11.37 7.42 4.58 8.12 8.74 11.09 3.37 4.40 10.48 6.53 6.03 10.70 5.55 7.80 11.12 2.48 6.14 8.08 11.87 8.26 4.35 11.03 1.58 10.94 8.67 
4.84 6.68 4.32 3.56 6.23 3.30 3.37 2.95 5.73 2.84 4.37 8.17 2.87 7.37 5.22 3.20 5.40 6.12 3.86 4.64 2.86 5.01 3.99 2.77 2.48 4.26 4.57 3.66 5.21 2.90 5.96 3.12 2.27 3.62 4.05 4.48 2.65 7.58 2.62 3.05 
3.14 9.26 2.13 4.54 7.88 4.37 1.79 1.34 7.95 4.56 1.42 10.11 3.34 10.14 8.58 3.38 3.55 6.05 7.91 1.84 3.48 7.12 6.12 2.25 3.81 7.94 0.68 4.51 9.21 3.43 8.11 6.71 2.30 5.76 1.93 7.40 4.57 8.73 4.89 7.10 
6.07 8.06 5.39 2.19 7.78 4.87 3.20 3.76 7.22 1.38 5.23 9.66 1.98 8.68 6.36 2.28 6.64 7.67 4.16 5.58 1.89 6.54 5.54 2.51 4.02 5.22 4.83 5.22 5.63 1.96 7.45 4.26 3.40 2.04 5.09 5.84 1.16 9.16 1.04 3.11 
7.30 0.18 7.83 10.34 2.12 4.98 9.67 8.02 1.40 9.56 8.51 1.81 9.64 0.99 2.50 9.97 7.47 5.11 5.84 8.40 9.65 2.22 3.20 9.26 5.53 3.73 9.99 4.92 5.40 9.68 1.33 4.09 7.11 10.04 7.81 2.36 9.36 3.05 9.21 6.50 
9.08 5.05 9.02 7.92 6.47 6.49 8.75 8.15 5.36 7.09 9.36 7.04 7.85 4.98 2.79 8.16 9.53 8.54 1.75 9.50 7.78 5.38 5.25 8.10 6.29 2.01 9.95 6.73 0.30 7.84 5.57 2.99 7.25 6.93 8.83 3.88 6.88 7.91 6.55 2.84 
7.07 3.36 7.91 12.08 2.35 5.70 10.72 8.73 3.18 11.41 8.69 1.63 11.14 3.85 5.56 11.44 6.99 4.09 8.69 8.43 11.19 3.65 4.59 10.49 6.53 6.63 10.50 5.45 8.49 11.21 2.93 6.60 8.02 12.13 8.00 4.84 11.22 1.11 11.17 9.16 
6.05 3.87 6.05 6.49 4.26 3.45 6.44 5.39 3.35 5.68 6.46 5.67 5.98 4.39 2.08 6.32 6.50 5.69 2.38 6.56 5.96 2.96 2.43 5.88 3.29 1.24 7.32 3.70 2.97 6.01 3.60 0.08 4.44 6.05 5.88 1.72 5.46 5.78 5.27 2.64 
2.79 7.34 2.07 4.33 6.18 2.63 2.40 0.71 6.10 3.98 2.05 8.37 3.15 8.20 6.55 3.37 3.35 4.96 6.04 2.33 3.24 5.27 4.22 2.24 1.90 5.91 2.67 2.87 7.27 3.23 6.27 4.68 0.31 5.10 1.78 5.40 3.88 7.23 4.07 5.33 
7.29 7.34 6.78 3.77 7.59 5.44 5.12 5.34 6.80 2.95 6.80 9.15 3.89 7.77 5.29 4.17 7.84 8.22 2.43 7.09 3.79 6.28 5.46 4.43 4.73 4.01 6.68 5.80 3.89 3.86 7.05 3.42 4.73 2.81 6.51 5.20 2.75 9.08 2.40 1.33 
3.48 10.68 2.88 6.86 8.94 5.81 4.11 3.52 9.30 7.00 2.31 11.13 5.73 11.62 10.44 5.70 3.52 6.43 10.25 2.32 5.87 8.50 7.64 4.69 5.55 10.00 2.32 5.80 11.47 5.81 9.40 8.78 4.38 8.19 2.96 9.13 7.02 9.42 7.36 9.50 
6.43 2.21 7.17 10.89 1.15 4.69 9.70 7.79 1.85 10.20 7.93 1.24 10.01 2.90 4.28 10.32 6.45 3.69 7.37 7.72 10.04 2.36 3.37 9.42 5.46 5.32 9.65 4.48 7.20 10.07 1.60 5.27 7.01 10.88 7.22 3.51 10.01 1.01 9.93 7.83 
6.72 0.92 7.15 9.30 2.18 4.23 8.73 7.17 1.08 8.51 7.79 2.77 8.62 1.66 1.65 8.95 6.96 4.91 4.86 7.72 8.63 1.63 2.40 8.29 4.68 2.76 9.16 4.23 4.57 8.66 1.22 3.03 6.24 8.98 7.09 1.30 8.31 3.50 8.15 5.47 
4.66 9.60 3.68 2.74 8.58 5.05 0.03 2.13 8.42 2.88 3.12 10.75 1.59 10.40 8.48 1.58 5.15 7.28 7.11 3.55 1.73 7.61 6.54 0.68 4.27 7.61 1.82 5.29 8.53 1.67 8.61 6.43 2.73 4.05 3.41 7.52 2.92 9.65 3.29 6.15 
4.09 9.49 3.10 3.43 8.34 4.78 0.66 1.71 8.27 3.53 2.48 10.54 2.26 10.33 8.54 2.26 4.56 6.84 7.43 2.91 2.40 7.44 6.39 1.23 4.07 7.75 1.18 5.00 8.81 2.34 8.45 6.55 2.48 4.71 2.84 7.49 3.56 9.33 3.90 6.52 
8.09 5.09 7.95 6.77 6.14 5.57 7.55 7.00 5.09 5.93 8.25 7.08 6.66 5.25 2.79 6.97 8.56 7.85 0.67 8.41 6.59 4.92 4.57 6.90 5.27 1.58 8.77 5.84 0.99 6.65 5.32 2.11 6.12 5.86 7.75 3.45 5.72 7.63 5.41 1.73 
2.32 9.16 1.43 5.74 7.56 4.24 3.00 1.87 7.80 5.72 0.69 9.78 4.53 10.09 8.79 4.59 2.60 5.36 8.57 0.91 4.67 6.98 6.07 3.43 3.90 8.32 1.52 4.28 9.78 4.62 7.93 7.10 2.69 6.92 1.39 7.51 5.71 8.22 6.01 7.86 
7.15 2.21 7.39 8.47 3.52 4.50 8.33 7.05 2.40 7.65 7.93 4.19 7.96 2.50 0.24 8.29 7.49 5.90 3.45 7.94 7.94 2.56 2.81 7.80 4.69 1.35 9.04 4.62 3.10 7.99 2.60 2.03 6.10 7.96 7.28 1.20 7.44 4.94 7.23 4.18 
7.48 3.53 8.32 12.47 2.73 6.12 11.14 9.15 3.49 11.79 9.10 1.66 11.55 3.93 5.78 11.85 7.40 4.49 8.97 8.84 11.59 4.00 4.97 10.90 6.94 6.90 10.92 5.87 8.71 11.61 3.24 6.92 8.43 12.50 8.42 5.14 11.61 1.53 11.55 9.47 
1.06 6.47 2.01 7.71 4.53 2.30 5.49 3.40 5.07 7.34 2.79 6.67 6.52 7.43 6.82 6.73 1.02 1.99 7.89 2.46 6.62 4.35 3.77 5.54 2.77 6.83 4.72 2.05 8.71 6.61 5.13 5.80 3.19 8.42 2.20 5.39 7.23 4.93 7.38 7.58 
8.48 10.49 7.67 1.80 10.41 7.54 4.52 5.95 9.77 1.74 7.33 12.20 2.91 11.00 8.56 2.93 9.04 10.32 5.66 7.73 2.77 9.14 8.17 4.00 6.68 7.30 6.31 7.89 7.05 2.83 10.02 6.57 5.86 0.64 7.37 8.30 1.82 11.82 1.69 4.59 
5.85 8.26 5.12 1.95 7.87 4.82 2.78 3.46 7.36 1.20 4.92 9.80 1.57 8.91 6.64 1.89 6.42 7.60 4.56 5.29 1.50 6.66 5.63 2.09 3.96 5.53 4.43 5.17 6.02 1.57 7.59 4.52 3.19 2.10 4.83 6.05 1.01 9.22 1.04 3.52 
8.37 3.20 8.51 8.76 4.84 5.70 9.02 7.98 3.71 7.92 8.99 5.17 8.43 3.09 1.13 8.76 8.74 7.26 2.98 9.04 8.38 3.93 4.12 8.44 5.76 1.42 9.93 5.86 2.10 8.44 3.89 2.61 7.03 8.02 8.37 2.52 7.70 6.19 7.43 3.95 
1.76 6.25 2.74 8.43 4.19 2.65 6.24 4.15 4.88 8.03 3.51 6.25 7.25 7.21 6.86 7.46 1.54 1.37 8.24 3.16 7.35 4.24 3.83 6.28 3.28 7.01 5.45 2.34 8.96 7.34 4.90 6.06 3.90 9.10 2.94 5.43 7.92 4.40 8.05 8.02 
6.31 3.36 6.38 7.04 3.96 3.66 6.96 5.83 2.98 6.23 6.84 5.22 6.53 3.85 1.54 6.87 6.72 5.67 2.58 6.91 6.51 2.71 2.38 6.41 3.62 0.91 7.78 3.87 2.88 6.56 3.23 0.60 4.87 6.58 6.23 1.31 6.01 5.47 5.81 3.03 
8.88 4.38 8.89 8.28 5.91 6.24 8.91 8.14 4.79 7.44 9.29 6.37 8.12 4.28 2.18 8.44 9.30 8.12 2.17 9.39 8.06 4.88 4.86 8.28 6.13 1.67 10.01 6.45 0.95 8.12 4.98 2.81 7.22 7.39 8.72 3.39 7.23 7.31 6.92 3.26 
9.20 3.58 9.35 9.43 5.44 6.53 9.81 8.82 4.32 8.59 9.83 5.47 9.16 3.25 1.87 9.49 9.56 7.99 3.44 9.88 9.11 4.63 4.91 9.22 6.60 2.22 10.76 6.68 2.25 9.17 4.47 3.43 7.87 8.61 9.21 3.30 8.37 6.71 8.09 4.49 
5.89 6.19 5.49 4.15 6.18 3.91 4.59 4.24 5.48 3.32 5.62 7.89 3.79 6.76 4.40 4.11 6.43 6.69 2.56 5.86 3.74 4.88 3.99 3.94 3.24 3.27 5.87 4.26 3.94 3.79 5.72 2.31 3.48 3.71 5.24 3.99 3.11 7.64 2.90 1.76 
5.67 6.59 5.20 3.67 6.44 3.90 4.07 3.84 5.80 2.86 5.27 8.23 3.26 7.19 4.88 3.59 6.23 6.71 3.05 5.53 3.21 5.17 4.22 3.42 3.15 3.78 5.40 4.26 4.46 3.27 6.04 2.78 3.15 3.35 4.93 4.38 2.64 7.87 2.47 2.17 
8.47 4.84 8.39 7.40 6.09 5.89 8.14 7.51 5.00 6.56 8.73 6.84 7.28 4.89 2.53 7.59 8.92 8.02 1.27 8.87 7.21 4.94 4.73 7.50 5.67 1.53 9.32 6.14 0.53 7.27 5.22 2.39 6.61 6.48 8.20 3.44 6.35 7.56 6.04 2.35 
3.67 4.81 3.65 5.79 3.97 1.23 4.77 3.24 3.65 5.13 4.12 6.04 4.90 5.64 4.03 5.21 4.13 3.98 4.41 4.17 4.93 2.85 1.78 4.38 0.89 3.61 5.23 1.57 5.32 4.95 3.85 2.44 2.28 5.94 3.50 2.83 4.95 5.28 4.93 4.14 
2.15 5.89 2.12 5.83 4.53 0.98 4.09 2.14 4.57 5.34 2.65 6.75 4.72 6.80 5.49 4.98 2.66 3.37 5.87 2.66 4.80 3.74 2.76 3.91 0.68 5.16 4.07 1.18 6.86 4.80 4.72 4.00 1.40 6.35 1.99 4.18 5.20 5.53 5.30 5.45 
3.43 4.54 3.56 6.28 3.52 0.81 5.11 3.41 3.30 5.64 4.11 5.64 5.35 5.42 4.04 5.65 3.85 3.45 4.81 4.11 5.39 2.48 1.42 4.77 0.92 3.79 5.40 1.10 5.61 5.41 3.49 2.70 2.50 6.47 3.45 2.73 5.47 4.78 5.46 4.61 
3.89 4.59 4.80 9.78 2.40 3.27 7.97 5.89 3.39 9.24 5.58 4.15 8.69 5.50 5.84 8.96 3.77 0.86 8.07 5.28 8.77 3.05 3.26 7.87 4.13 6.39 7.47 2.92 8.43 8.77 3.30 5.76 5.35 10.16 4.94 4.53 9.08 2.19 9.12 8.15 
2.40 5.21 2.64 6.44 3.79 0.29 4.82 2.88 3.87 5.90 3.27 6.01 5.38 6.14 5.00 5.65 2.81 2.83 5.79 3.20 5.44 3.04 2.12 4.62 0.82 4.82 4.79 0.45 6.64 5.45 4.01 3.73 2.12 6.85 2.57 3.63 5.75 4.81 5.81 5.50 
1.75 8.43 0.77 5.67 6.84 3.50 3.05 1.42 7.07 5.54 0.07 9.07 4.44 9.35 8.07 4.55 2.15 4.74 7.98 0.47 4.57 6.25 5.33 3.34 3.18 7.63 1.95 3.55 9.15 4.53 7.19 6.42 2.09 6.73 0.67 6.78 5.50 7.54 5.77 7.31 
7.03 5.78 6.74 5.19 6.26 4.75 5.96 5.59 5.37 4.35 6.94 7.65 5.04 6.17 3.67 5.35 7.54 7.35 1.16 7.15 4.97 4.95 4.28 5.30 4.24 2.39 7.26 5.07 2.58 5.03 5.62 1.94 4.78 4.41 6.50 3.72 4.14 7.77 3.84 0.66 
9.41 3.24 9.64 10.06 5.26 6.76 10.32 9.22 4.19 9.22 10.16 5.02 9.74 2.75 2.04 10.07 9.74 7.98 4.15 10.18 9.70 4.62 5.05 9.74 6.91 2.73 11.18 6.87 2.98 9.75 4.30 3.90 8.26 9.29 9.52 3.43 9.00 6.43 8.73 5.18 
2.51 9.29 1.60 5.61 7.71 4.36 2.86 1.87 7.94 5.62 0.83 9.94 4.41 10.22 8.88 4.45 2.80 5.54 8.59 1.10 4.55 7.12 6.19 3.32 3.99 8.38 1.33 4.42 9.82 4.50 8.07 7.16 2.73 6.82 1.54 7.61 5.61 8.40 5.91 7.85 
2.38 5.62 2.40 5.90 4.31 0.75 4.28 2.38 4.31 5.38 2.94 6.51 4.83 6.52 5.21 5.10 2.86 3.33 5.66 2.94 4.90 3.48 2.48 4.06 0.45 4.89 4.33 1.00 6.61 4.90 4.46 3.74 1.58 6.36 2.28 3.90 5.24 5.35 5.31 5.27 
4.14 3.54 4.90 9.19 1.41 2.68 7.66 5.66 2.25 8.58 5.66 3.51 8.18 4.48 4.65 8.46 4.18 1.63 6.95 5.44 8.24 1.85 2.15 7.46 3.54 5.21 7.44 2.40 7.25 8.25 2.20 4.64 4.96 9.42 4.97 3.34 8.41 1.97 8.40 7.09 
7.78 10.68 6.89 0.75 10.34 7.20 3.49 5.17 9.82 1.27 6.46 12.26 1.98 11.28 8.92 1.89 8.32 9.90 6.32 6.89 1.86 9.12 8.10 3.08 6.33 7.72 5.25 7.54 7.78 1.89 10.06 6.84 5.26 1.22 6.60 8.46 1.46 11.67 1.63 5.23 
7.26 1.41 7.93 11.11 1.80 5.25 10.17 8.37 1.82 10.37 8.66 0.65 10.32 1.88 3.71 10.64 7.34 4.69 6.99 8.49 10.34 2.59 3.67 9.83 5.94 4.89 10.29 5.11 6.62 10.37 1.60 5.09 7.52 10.94 7.95 3.30 10.17 2.09 10.06 7.59 
5.54 1.82 6.00 8.68 1.48 3.12 7.83 6.15 0.61 7.94 6.67 3.05 7.90 2.74 2.39 8.22 5.78 3.80 5.06 6.57 7.92 0.45 1.33 7.45 3.66 3.11 8.12 3.08 5.11 7.95 0.85 2.89 5.25 8.55 5.97 1.20 7.75 2.99 7.64 5.45 
7.70 4.69 7.60 6.78 5.67 5.15 7.38 6.71 4.63 5.94 7.93 6.66 6.58 4.90 2.40 6.90 8.16 7.39 0.97 8.07 6.52 4.45 4.11 6.75 4.89 1.15 8.53 5.42 1.29 6.58 4.86 1.66 5.82 5.96 7.40 2.99 5.72 7.17 5.43 1.87 
8.13 8.10 7.58 3.79 8.47 6.35 5.59 6.06 7.64 3.06 7.54 9.96 4.19 8.48 5.97 4.43 8.69 9.14 2.82 7.85 4.07 7.16 6.36 4.91 5.63 4.67 7.25 6.71 4.17 4.15 7.89 4.22 5.53 2.54 7.30 6.02 2.89 9.96 2.50 1.83 
4.86 8.13 4.08 2.38 7.46 4.16 1.94 2.40 7.09 1.91 3.86 9.51 1.41 8.86 6.76 1.73 5.42 6.83 5.17 4.22 1.44 6.33 5.26 1.28 3.29 5.78 3.44 4.49 6.59 1.46 7.31 4.65 2.23 3.03 3.78 5.96 1.81 8.71 2.00 4.22 
8.57 6.76 8.23 5.68 7.58 6.31 7.03 6.97 6.59 4.88 8.37 8.72 5.85 6.96 4.47 6.13 9.09 8.89 1.10 8.61 5.75 6.30 5.74 6.34 5.80 3.21 8.50 6.64 2.20 5.82 6.84 3.27 6.23 4.53 7.98 4.93 4.69 9.09 4.32 1.00 
8.48 9.75 7.74 2.47 9.85 7.22 4.95 6.06 9.13 2.05 7.51 11.53 3.34 10.21 7.73 3.45 9.05 10.04 4.70 7.89 3.20 8.55 7.64 4.34 6.40 6.45 6.73 7.58 6.07 3.27 9.38 5.82 5.81 0.96 7.45 7.59 2.01 11.29 1.69 3.67 
8.07 0.97 8.64 11.17 2.72 5.81 10.53 8.87 2.22 10.39 9.33 1.55 10.49 0.74 3.08 10.82 8.22 5.73 6.46 9.21 10.49 3.05 4.05 10.12 6.38 4.37 10.84 5.74 5.86 10.53 2.10 4.86 7.97 10.84 8.63 3.18 10.18 3.31 10.02 7.19 
3.85 4.67 3.85 5.85 3.91 1.37 4.91 3.42 3.53 5.17 4.31 5.94 4.98 5.49 3.84 5.30 4.31 4.06 4.25 4.37 5.01 2.76 1.69 4.50 1.09 3.41 5.41 1.69 5.14 5.03 3.74 2.25 2.46 5.94 3.70 2.66 4.99 5.25 4.95 4.00 
6.43 5.55 6.16 5.04 5.86 4.17 5.55 5.05 5.02 4.20 6.38 7.36 4.75 6.03 3.58 5.08 6.95 6.80 1.67 6.58 4.70 4.54 3.80 4.91 3.65 2.37 6.78 4.50 2.99 4.76 5.27 1.63 4.22 4.42 5.93 3.41 3.98 7.36 3.73 1.20 
7.59 8.44 6.95 2.82 8.56 6.08 4.68 5.35 7.83 2.07 6.83 10.22 3.23 8.91 6.44 3.45 8.16 8.90 3.55 7.17 3.11 7.26 6.37 4.01 5.29 5.17 6.38 6.44 4.98 3.18 8.07 4.51 4.93 1.67 6.66 6.28 1.91 10.02 1.52 2.47 
8.31 2.61 8.53 9.20 4.40 5.66 9.30 8.13 3.28 8.36 9.05 4.56 8.80 2.45 0.93 9.13 8.65 6.98 3.58 9.08 8.77 3.61 3.96 8.74 5.81 1.80 10.11 5.78 2.75 8.82 3.44 2.88 7.18 8.53 8.41 2.34 8.15 5.69 7.90 4.52 
7.00 10.35 6.10 0.22 9.86 6.60 2.66 4.39 9.41 1.04 5.65 11.85 1.19 11.00 8.71 1.06 7.54 9.23 6.38 6.07 1.09 8.68 7.63 2.26 5.73 7.58 4.42 6.92 7.85 1.10 9.64 6.60 4.55 1.72 5.81 8.13 1.25 11.14 1.58 5.29 
5.94 1.35 6.45 9.21 1.27 3.60 8.36 6.66 0.15 8.47 7.13 2.53 8.43 2.31 2.46 8.75 6.14 3.97 5.39 7.02 8.45 0.83 1.85 7.98 4.18 3.36 8.62 3.54 5.31 8.48 0.38 3.30 5.76 9.05 6.43 1.53 8.27 2.70 8.16 5.85 
6.89 6.65 6.46 4.19 6.92 4.89 5.19 5.13 6.11 3.35 6.55 8.47 4.12 7.11 4.64 4.42 7.44 7.64 2.01 6.81 4.04 5.60 4.80 4.51 4.24 3.38 6.63 5.24 3.49 4.11 6.36 2.73 4.43 3.39 6.20 4.52 3.14 8.41 2.83 0.97 
5.75 5.75 5.42 4.56 5.76 3.63 4.82 4.28 5.04 3.74 5.61 7.45 4.13 6.32 3.99 4.46 6.28 6.36 2.45 5.82 4.09 4.46 3.58 4.19 3.01 2.90 6.01 3.97 3.76 4.14 5.28 1.89 3.46 4.15 5.18 3.54 3.52 7.22 3.33 1.83 
2.75 9.28 1.78 5.16 7.78 4.35 2.41 1.59 7.95 5.18 1.00 10.02 3.96 10.19 8.75 4.00 3.11 5.75 8.31 1.37 4.10 7.12 6.15 2.87 3.90 8.20 0.96 4.45 9.57 4.05 8.08 6.97 2.52 6.38 1.65 7.52 5.18 8.54 5.49 7.54 
7.12 0.47 7.68 10.38 1.84 4.86 9.63 7.93 1.26 9.61 8.37 1.59 9.65 1.27 2.73 9.97 7.27 4.85 6.04 8.25 9.66 2.09 3.12 9.23 5.45 3.93 9.89 4.78 5.65 9.69 1.14 4.21 7.04 10.13 7.67 2.44 9.41 2.73 9.27 6.67 
7.95 5.72 7.72 6.04 6.56 5.55 6.99 6.62 5.56 5.21 7.95 7.68 6.00 5.95 3.45 6.31 8.45 8.01 0.13 8.15 5.93 5.30 4.80 6.33 5.14 2.17 8.31 5.86 1.60 5.99 5.80 2.30 5.80 5.09 7.49 3.90 5.00 8.07 4.68 0.97 
7.92 8.03 7.36 3.63 8.35 6.17 5.37 5.84 7.54 2.87 7.31 9.88 3.99 8.43 5.93 4.23 8.48 8.96 2.85 7.63 3.87 7.04 6.22 4.69 5.44 4.64 7.02 6.53 4.24 3.94 7.79 4.14 5.31 2.43 7.08 5.93 2.70 9.84 2.31 1.82 
0.84 6.45 1.57 7.08 4.64 1.91 4.90 2.80 5.05 6.70 2.36 6.84 5.89 7.40 6.58 6.10 1.16 2.43 7.42 2.10 5.99 4.28 3.57 4.92 2.23 6.48 4.24 1.73 8.30 5.98 5.14 5.40 2.56 7.79 1.70 5.17 6.59 5.23 6.74 7.05 
0.27 7.04 1.06 6.94 5.24 2.39 4.60 2.54 5.65 6.62 1.84 7.44 5.72 8.00 7.11 5.90 0.77 2.92 7.77 1.54 5.83 4.87 4.12 4.70 2.56 6.95 3.77 2.27 8.72 5.81 5.73 5.83 2.51 7.75 1.26 5.71 6.53 5.79 6.71 7.33 
7.27 9.67 6.45 0.98 9.41 6.40 3.41 4.73 8.85 0.53 6.13 11.29 1.79 10.25 7.88 1.89 7.83 9.16 5.31 6.53 1.65 8.17 7.17 2.84 5.54 6.68 5.20 6.75 6.77 1.71 9.09 5.81 4.65 0.67 6.15 7.46 0.61 10.78 0.60 4.21 
5.55 6.05 5.17 4.21 5.94 3.57 4.43 3.95 5.27 3.40 5.32 7.70 3.74 6.65 4.36 4.07 6.09 6.36 2.79 5.55 3.71 4.65 3.72 3.80 2.89 3.29 5.64 3.93 4.13 3.76 5.51 2.24 3.17 3.88 4.92 3.83 3.19 7.38 3.02 2.07 
0.39 6.91 1.17 6.97 5.11 2.28 4.67 2.60 5.52 6.64 1.96 7.30 5.76 7.86 6.99 5.95 0.83 2.80 7.69 1.66 5.87 4.74 4.00 4.75 2.48 6.84 3.88 2.15 8.63 5.85 5.60 5.73 2.52 7.76 1.35 5.59 6.55 5.66 6.72 7.27 
8.10 3.03 8.25 8.62 4.60 5.43 8.81 7.75 3.48 7.78 8.74 5.02 8.26 3.00 0.88 8.59 8.47 6.99 2.96 8.78 8.22 3.67 3.84 8.24 5.50 1.23 9.70 5.59 2.21 8.27 3.66 2.40 6.79 7.92 8.11 2.25 7.56 5.97 7.31 3.89 
9.45 3.62 9.63 9.75 5.55 6.79 10.13 9.12 4.45 8.91 10.12 5.46 9.48 3.21 2.09 9.81 9.81 8.18 3.74 10.16 9.43 4.81 5.14 9.53 6.88 2.53 11.06 6.93 2.51 9.49 4.59 3.74 8.17 8.92 9.49 3.52 8.69 6.78 8.40 4.80 
8.31 1.03 8.79 10.83 3.20 5.89 10.39 8.85 2.42 10.02 9.45 2.40 10.22 0.12 2.45 10.55 8.50 6.19 5.79 9.36 10.21 3.18 4.07 9.93 6.37 3.75 10.84 5.87 5.09 10.25 2.39 4.41 7.92 10.39 8.75 2.89 9.81 4.03 9.62 6.60 
6.42 0.91 6.90 9.43 1.65 4.03 8.70 7.05 0.59 8.67 7.57 2.42 8.70 1.84 2.16 9.02 6.62 4.45 5.28 7.47 8.71 1.29 2.23 8.29 4.56 3.20 9.03 3.98 5.08 8.74 0.68 3.32 6.14 9.20 6.87 1.53 8.46 2.97 8.33 5.83 
6.30 1.45 6.94 10.21 0.86 4.26 9.19 7.37 0.97 9.49 7.67 1.54 9.38 2.29 3.37 9.69 6.41 3.86 6.46 7.51 9.41 1.64 2.71 8.86 4.95 4.40 9.29 4.11 6.29 9.43 0.72 4.40 6.53 10.11 6.96 2.62 9.29 1.80 9.19 6.95 
3.33 6.74 2.79 4.20 5.79 2.37 2.84 1.58 5.57 3.69 2.90 7.93 3.14 7.56 5.77 3.42 3.90 5.02 5.17 3.13 3.20 4.76 3.69 2.48 1.51 5.07 3.47 2.68 6.40 3.21 5.77 3.85 0.75 4.72 2.53 4.71 3.56 6.97 3.67 4.49 
7.97 5.63 7.75 6.14 6.50 5.55 7.06 6.67 5.50 5.31 7.99 7.60 6.09 5.86 3.36 6.40 8.47 7.99 0.06 8.18 6.01 5.24 4.77 6.40 5.15 2.08 8.37 5.85 1.51 6.08 5.74 2.26 5.84 5.19 7.53 3.84 5.10 8.01 4.77 1.07 
4.55 7.32 3.90 3.09 6.69 3.49 2.57 2.36 6.29 2.49 3.83 8.72 2.21 8.05 5.98 2.53 5.12 6.23 4.62 4.15 2.23 5.54 4.48 1.97 2.61 5.05 3.82 3.83 5.99 2.26 6.51 3.89 1.88 3.47 3.61 5.15 2.34 7.97 2.42 3.75 
7.69 2.16 8.42 11.86 2.31 5.86 10.83 8.97 2.58 11.13 9.17 0.17 11.04 2.43 4.48 11.35 7.72 4.94 7.79 8.97 11.06 3.30 4.37 10.51 6.59 5.68 10.86 5.68 7.38 11.09 2.34 5.89 8.16 11.72 8.47 4.10 10.93 2.03 10.82 8.39 
6.28 1.83 6.97 10.49 0.83 4.38 9.37 7.50 1.37 9.78 7.71 1.40 9.62 2.61 3.81 9.93 6.34 3.69 6.89 7.52 9.66 1.93 2.96 9.06 5.12 4.84 9.39 4.21 6.73 9.68 1.12 4.79 6.69 10.44 7.01 3.03 9.58 1.37 9.50 7.35 
7.36 4.37 7.30 6.78 5.29 4.79 7.24 6.47 4.26 5.94 7.65 6.33 6.51 4.64 2.12 6.84 7.82 7.00 1.29 7.78 6.46 4.06 3.71 6.62 4.57 0.83 8.32 5.05 1.63 6.52 4.49 1.29 5.56 6.05 7.11 2.61 5.73 6.79 5.45 2.04 
5.77 7.22 5.20 3.03 6.99 4.25 3.62 3.71 6.39 2.22 5.17 8.83 2.67 7.83 5.52 2.99 6.34 7.07 3.51 5.48 2.62 5.73 4.75 2.95 3.44 4.40 5.08 4.61 4.96 2.67 6.63 3.41 3.15 2.78 4.92 5.00 2.01 8.40 1.86 2.53 
7.49 4.51 7.41 6.76 5.45 4.93 7.28 6.55 4.42 5.92 7.75 6.48 6.52 4.76 2.25 6.84 7.95 7.16 1.15 7.89 6.46 4.22 3.87 6.65 4.69 0.96 8.39 5.19 1.50 6.52 4.65 1.44 5.65 5.99 7.22 2.77 5.70 6.95 5.42 1.95 
8.94 4.32 8.97 8.41 5.88 6.29 9.02 8.24 4.76 7.57 9.37 6.30 8.24 4.20 2.15 8.56 9.35 8.14 2.31 9.47 8.18 4.88 4.89 8.40 6.21 1.72 10.11 6.50 1.07 8.24 4.95 2.89 7.31 7.52 8.80 3.40 7.36 7.28 7.05 3.39 
5.58 9.62 4.65 1.56 8.87 5.45 1.23 2.96 8.56 1.71 4.18 10.96 0.41 10.36 8.25 0.41 6.10 7.95 6.44 4.61 0.55 7.78 6.71 0.81 4.60 7.25 3.02 5.75 7.90 0.48 8.77 6.14 3.25 2.86 4.36 7.46 1.78 10.07 2.17 5.41 
5.14 6.16 4.73 4.05 5.89 3.28 4.04 3.50 5.30 3.27 4.87 7.74 3.46 6.82 4.60 3.80 5.69 6.10 3.24 5.10 3.44 4.63 3.65 3.43 2.55 3.60 5.20 3.64 4.56 3.49 5.53 2.49 2.72 3.89 4.48 3.95 3.07 7.30 2.95 2.52 
10.58 4.69 10.72 10.39 6.70 7.92 11.01 10.13 5.61 9.55 11.18 6.43 10.24 4.15 3.26 10.56 10.95 9.35 4.23 11.25 10.18 5.99 6.30 10.39 7.96 3.50 12.04 8.07 2.80 10.24 5.73 4.73 9.18 9.44 10.57 4.69 9.34 7.88 9.03 5.33 
6.76 3.98 6.73 6.72 4.70 4.16 6.92 6.00 3.70 5.89 7.12 5.88 6.33 4.36 1.88 6.66 7.20 6.34 1.84 7.23 6.29 3.44 3.06 6.33 3.98 0.70 7.90 4.41 2.27 6.34 3.95 0.66 5.07 6.12 6.56 2.04 5.67 6.21 5.43 2.36 
7.36 0.07 7.87 10.25 2.26 5.00 9.63 8.01 1.46 9.47 8.54 2.01 9.57 0.89 2.31 9.89 7.55 5.23 5.66 8.44 9.57 2.25 3.20 9.21 5.52 3.55 9.99 4.95 5.20 9.61 1.42 3.96 7.10 9.93 7.84 2.25 9.26 3.24 9.10 6.34 
6.84 5.02 6.66 5.80 5.59 4.41 6.30 5.68 4.65 4.96 6.94 6.91 5.53 5.41 2.92 5.85 7.33 6.88 1.20 7.11 5.47 4.29 3.70 5.67 4.02 1.66 7.47 4.71 2.30 5.53 4.90 1.24 4.80 5.11 6.45 3.00 4.74 7.10 4.48 1.33 
7.49 10.52 6.60 0.45 10.13 6.96 3.20 4.88 9.64 1.09 6.17 12.08 1.69 11.14 8.80 1.60 8.03 9.64 6.29 6.59 1.57 8.93 7.90 2.78 6.08 7.62 4.96 7.29 7.76 1.60 9.87 6.71 4.99 1.33 6.30 8.30 1.30 11.45 1.52 5.20 
2.90 9.38 1.93 5.05 7.90 4.45 2.29 1.62 8.05 5.09 1.15 10.14 3.86 10.28 8.82 3.89 3.26 5.90 8.31 1.53 4.00 7.22 6.25 2.78 3.98 8.24 0.81 4.56 9.59 3.95 8.19 7.02 2.56 6.29 1.78 7.60 5.09 8.67 5.41 7.53 
4.17 8.48 3.29 2.86 7.55 4.06 1.13 1.57 7.33 2.66 2.94 9.69 1.64 9.27 7.34 1.85 4.71 6.49 6.10 3.34 1.75 6.52 5.45 0.73 3.23 6.49 2.40 4.34 7.48 1.73 7.53 5.30 1.80 3.85 2.99 6.39 2.62 8.68 2.89 5.19 
5.45 9.00 4.59 1.60 8.35 5.01 1.62 2.86 7.98 1.38 4.22 10.40 0.52 9.72 7.57 0.85 6.00 7.62 5.74 4.63 0.56 7.22 6.15 0.97 4.14 6.55 3.37 5.33 7.20 0.57 8.20 5.46 2.94 2.58 4.29 6.82 1.37 9.59 1.71 4.72 
7.52 7.90 6.95 3.36 8.11 5.82 4.98 5.42 7.34 2.57 6.90 9.71 3.63 8.34 5.86 3.88 8.08 8.62 2.93 7.22 3.52 6.80 5.95 4.30 5.07 4.58 6.62 6.18 4.37 3.59 7.59 3.98 4.90 2.28 6.67 5.76 2.39 9.59 2.01 1.85 
7.66 10.09 6.83 1.00 9.85 6.85 3.67 5.11 9.28 0.92 6.48 11.72 2.06 10.66 8.26 2.09 8.22 9.60 5.60 6.89 1.92 8.61 7.61 3.14 5.98 7.05 5.46 7.19 7.05 1.97 9.52 6.21 5.06 0.53 6.53 7.87 1.04 11.22 1.04 4.51 
10.25 3.89 10.47 10.72 5.99 7.60 11.09 10.04 4.94 9.88 10.99 5.52 10.46 3.25 2.87 10.79 10.57 8.77 4.68 11.02 10.41 5.42 5.88 10.50 7.75 3.49 11.99 7.71 3.36 10.47 5.04 4.69 9.08 9.88 10.35 4.27 9.67 7.07 9.38 5.75 
6.22 7.93 5.56 2.38 7.72 4.90 3.46 3.96 7.12 1.55 5.44 9.56 2.24 8.53 6.18 2.54 6.79 7.71 3.90 5.78 2.16 6.46 5.48 2.77 4.07 5.02 5.08 5.26 5.38 2.22 7.36 4.09 3.55 2.06 5.27 5.72 1.33 9.12 1.14 2.85 
9.38 2.97 9.65 10.30 5.05 6.75 10.46 9.30 4.00 9.46 10.19 4.69 9.94 2.41 2.06 10.27 9.69 7.83 4.46 10.20 9.90 4.49 5.00 9.90 6.95 2.91 11.27 6.84 3.34 9.95 4.10 4.04 8.34 9.56 9.54 3.40 9.24 6.16 8.98 5.47 
4.23 4.99 4.09 5.35 4.43 1.91 4.66 3.39 3.95 4.64 4.46 6.39 4.55 5.75 3.88 4.88 4.72 4.66 3.80 4.58 4.57 3.22 2.19 4.18 1.41 3.25 5.35 2.26 4.81 4.60 4.18 2.03 2.44 5.37 3.90 2.86 4.45 5.81 4.39 3.46 
9.06 4.73 9.04 8.18 6.23 6.44 8.92 8.23 5.11 7.34 9.41 6.71 8.07 4.63 2.51 8.38 9.49 8.39 2.02 9.53 8.00 5.17 5.12 8.28 6.29 1.89 10.07 6.66 0.66 8.06 5.31 2.96 7.32 7.23 8.86 3.68 7.13 7.64 6.82 3.12 
3.73 6.77 3.18 3.93 5.94 2.61 2.84 1.87 5.65 3.38 3.24 8.03 2.93 7.56 5.67 3.23 4.29 5.33 4.86 3.50 2.98 4.86 3.78 2.39 1.74 4.90 3.67 2.95 6.13 2.99 5.85 3.68 1.12 4.37 2.91 4.68 3.23 7.17 3.32 4.14 
8.28 3.67 8.35 8.24 5.15 5.62 8.63 7.71 4.03 7.40 8.79 5.67 7.96 3.66 1.43 8.29 8.68 7.39 2.38 8.87 7.92 4.13 4.16 8.03 5.58 1.09 9.62 5.81 1.55 7.97 4.22 2.31 6.77 7.46 8.19 2.65 7.19 6.56 6.91 3.37 
3.56 6.39 3.11 4.32 5.54 2.23 3.20 2.00 5.25 3.75 3.27 7.63 3.33 7.19 5.36 3.63 4.12 4.98 4.77 3.49 3.38 4.46 3.39 2.78 1.36 4.65 3.90 2.57 5.98 3.40 5.46 3.42 1.12 4.71 2.86 4.32 3.59 6.77 3.66 4.13 
7.12 7.59 6.57 3.34 7.74 5.40 4.74 5.07 6.99 2.52 6.54 9.37 3.47 8.07 5.60 3.74 7.68 8.21 2.84 6.85 3.37 6.44 5.57 4.05 4.66 4.34 6.33 5.76 4.31 3.44 7.24 3.66 4.51 2.43 6.29 5.43 2.32 9.21 1.97 1.75 
1.44 7.91 0.45 5.70 6.34 2.99 3.20 1.29 6.55 5.49 0.57 8.57 4.46 8.84 7.57 4.61 1.92 4.32 7.59 0.65 4.58 5.73 4.81 3.39 2.69 7.16 2.34 3.04 8.72 4.55 6.68 5.96 1.74 6.66 0.20 6.27 5.43 7.07 5.67 6.97 
6.26 6.99 5.75 3.45 6.97 4.52 4.28 4.32 6.28 2.61 5.77 8.70 3.25 7.54 5.15 3.56 6.82 7.33 2.88 6.06 3.18 5.68 4.76 3.60 3.77 3.96 5.75 4.88 4.35 3.24 6.53 3.09 3.69 2.91 5.48 4.79 2.39 8.42 2.15 1.88 
1.29 7.94 0.28 5.89 6.32 3.03 3.38 1.49 6.57 5.69 0.56 8.55 4.66 8.87 7.66 4.80 1.75 4.23 7.74 0.50 4.78 5.76 4.86 3.59 2.79 7.28 2.44 3.06 8.87 4.75 6.69 6.08 1.92 6.87 0.18 6.34 5.63 7.02 5.87 7.14 
5.12 3.79 5.18 6.43 3.67 2.49 5.97 4.68 2.94 5.66 5.64 5.37 5.75 4.48 2.56 6.08 5.54 4.76 3.28 5.70 5.75 2.36 1.60 5.48 2.41 2.10 6.66 2.73 3.94 5.79 3.19 1.03 3.72 6.21 5.03 1.59 5.45 5.16 5.32 3.34 
8.43 10.17 7.64 2.00 10.15 7.36 4.63 5.93 9.49 1.76 7.35 11.90 3.02 10.66 8.20 3.07 8.99 10.17 5.27 7.74 2.87 8.87 7.92 4.07 6.52 6.94 6.43 7.72 6.65 2.93 9.73 6.24 5.78 0.56 7.35 7.98 1.79 11.57 1.58 4.21 
5.86 7.27 5.29 3.00 7.07 4.34 3.66 3.78 6.46 2.18 5.25 8.90 2.67 7.88 5.55 2.99 6.43 7.17 3.49 5.56 2.61 5.81 4.83 2.98 3.54 4.42 5.14 4.71 4.94 2.67 6.70 3.45 3.24 2.71 5.00 5.06 1.96 8.48 1.80 2.50 
4.18 8.97 3.23 2.97 7.95 4.41 0.62 1.58 7.79 2.92 2.75 10.12 1.74 9.78 7.90 1.84 4.69 6.70 6.68 3.18 1.87 6.97 5.91 0.64 3.63 7.06 1.89 4.67 8.07 1.83 7.98 5.87 2.10 4.12 2.94 6.91 2.92 9.02 3.24 5.76 
4.96 3.56 5.80 10.27 1.43 3.76 8.71 6.69 2.54 9.65 6.58 2.92 9.26 4.41 5.14 9.54 4.91 2.05 7.76 6.32 9.32 2.49 3.09 8.53 4.62 5.90 8.41 3.46 7.91 9.33 2.40 5.49 6.02 10.48 5.90 3.98 9.48 1.01 9.48 8.00 
6.44 1.74 7.13 10.59 0.99 4.53 9.51 7.64 1.41 9.88 7.87 1.25 9.74 2.49 3.79 10.05 6.51 3.85 6.90 7.68 9.77 2.02 3.07 9.19 5.26 4.84 9.54 4.35 6.72 9.80 1.16 4.84 6.83 10.52 7.16 3.07 9.68 1.45 9.60 7.39 
7.69 9.97 6.87 1.16 9.77 6.81 3.77 5.15 9.19 0.95 6.54 11.62 2.16 10.53 8.13 2.21 8.25 9.57 5.43 6.94 2.02 8.52 7.53 3.23 5.94 6.91 5.57 7.16 6.87 2.07 9.43 6.08 5.07 0.35 6.57 7.76 1.03 11.15 0.96 4.34 
2.84 4.93 3.02 6.31 3.68 0.29 4.89 3.05 3.63 5.73 3.60 5.87 5.30 5.84 4.59 5.59 3.27 3.10 5.35 3.57 5.36 2.80 1.80 4.62 0.66 4.37 5.01 0.65 6.19 5.37 3.79 3.28 2.20 6.63 2.92 3.25 5.57 4.80 5.60 5.08 
8.89 1.75 9.31 10.91 3.94 6.39 10.68 9.25 3.07 10.09 9.94 3.15 10.39 0.92 2.37 10.72 9.12 6.91 5.55 9.88 10.38 3.77 4.56 10.19 6.78 3.62 11.25 6.40 4.68 10.42 3.08 4.47 8.30 10.37 9.25 3.19 9.88 4.82 9.66 6.44 
1.02 8.27 0.78 6.77 6.48 3.51 4.17 2.41 6.88 6.61 1.09 8.67 5.54 9.22 8.23 5.66 1.17 4.03 8.57 0.65 5.66 6.09 5.30 4.45 3.47 7.96 2.93 3.44 9.63 5.63 6.97 6.79 2.83 7.79 1.05 6.86 6.56 6.98 6.80 8.01 
4.73 7.61 4.03 2.79 6.99 3.77 2.39 2.43 6.59 2.21 3.91 9.01 1.92 8.33 6.23 2.25 5.30 6.50 4.74 4.25 1.94 5.83 4.77 1.76 2.89 5.27 3.75 4.11 6.14 1.96 6.81 4.13 2.06 3.23 3.74 5.43 2.07 8.27 2.17 3.83 
6.97 2.25 7.72 11.39 1.68 5.23 10.24 8.34 2.21 10.68 8.48 0.77 10.52 2.77 4.46 10.83 6.98 4.19 7.66 8.26 10.55 2.83 3.86 9.94 5.99 5.58 10.20 5.03 7.40 10.58 1.96 5.64 7.55 11.33 7.77 3.85 10.49 1.31 10.40 8.18 
9.67 4.13 9.79 9.55 6.00 7.00 10.08 9.18 4.89 8.71 10.24 6.00 9.36 3.76 2.41 9.68 10.04 8.54 3.45 10.31 9.30 5.19 5.42 9.47 7.02 2.56 11.10 7.17 2.10 9.36 5.04 3.79 8.24 8.66 9.64 3.82 8.50 7.27 8.20 4.53 
5.18 4.93 5.00 5.29 4.80 2.82 5.09 4.13 4.12 4.50 5.32 6.55 4.68 5.57 3.41 5.02 5.67 5.47 2.85 5.46 4.67 3.50 2.61 4.53 2.36 2.54 6.02 3.15 3.90 4.71 4.36 1.33 3.21 5.04 4.80 2.71 4.29 6.26 4.15 2.55 
7.36 0.41 7.82 9.97 2.46 4.92 9.44 7.88 1.52 9.18 8.47 2.40 9.32 0.95 1.92 9.65 7.57 5.37 5.28 8.39 9.32 2.23 3.10 9.00 5.39 3.17 9.87 4.90 4.81 9.36 1.55 3.63 6.95 9.61 7.78 1.98 8.97 3.56 8.80 5.98 
8.04 4.69 7.96 7.10 5.81 5.47 7.75 7.09 4.74 6.26 8.30 6.68 6.93 4.82 2.37 7.25 8.50 7.65 1.10 8.44 6.87 4.62 4.35 7.12 5.24 1.23 8.91 5.73 0.95 6.93 4.97 1.97 6.19 6.24 7.77 3.14 6.05 7.29 5.74 2.12 
0.90 6.41 1.53 6.94 4.65 1.80 4.78 2.67 5.02 6.55 2.30 6.86 5.75 7.37 6.49 5.96 1.27 2.52 7.28 2.06 5.85 4.24 3.50 4.79 2.09 6.37 4.16 1.65 8.18 5.84 5.11 5.28 2.41 7.63 1.63 5.09 6.44 5.27 6.59 6.91 
8.13 5.15 7.99 6.76 6.19 5.62 7.56 7.02 5.14 5.92 8.28 7.13 6.66 5.30 2.84 6.97 8.60 7.90 0.64 8.45 6.59 4.98 4.63 6.91 5.31 1.64 8.79 5.89 0.97 6.65 5.38 2.16 6.15 5.84 7.78 3.51 5.71 7.69 5.40 1.71 
7.80 9.14 7.09 2.25 9.17 6.50 4.46 5.42 8.47 1.62 6.88 10.88 2.90 9.63 7.17 3.06 8.36 9.32 4.29 7.25 2.76 7.88 6.95 3.82 5.68 5.91 6.22 6.87 5.71 2.83 8.72 5.21 5.12 0.94 6.79 6.96 1.52 10.60 1.15 3.22 
5.12 4.51 5.03 5.70 4.39 2.65 5.39 4.30 3.69 4.92 5.40 6.12 5.06 5.18 3.08 5.40 5.60 5.19 2.96 5.52 5.06 3.09 2.23 4.86 2.31 2.32 6.23 2.95 3.88 5.10 3.94 1.10 3.36 5.46 4.85 2.30 4.71 5.86 4.58 2.81 
5.68 3.75 6.55 11.11 1.90 4.60 9.54 7.50 3.00 10.49 7.34 2.65 10.10 4.50 5.60 10.38 5.58 2.67 8.42 7.06 10.16 3.14 3.86 9.36 5.46 6.48 9.19 4.30 8.46 10.17 2.80 6.18 6.86 11.30 6.67 4.57 10.31 0.59 10.30 8.72 
6.60 0.80 7.06 9.43 1.88 4.17 8.78 7.16 0.82 8.66 7.72 2.51 8.73 1.68 1.96 9.06 6.82 4.68 5.14 7.63 8.74 1.47 2.36 8.35 4.67 3.05 9.15 4.14 4.89 8.77 0.92 3.25 6.24 9.16 7.02 1.47 8.46 3.18 8.31 5.73 
2.82 4.49 3.47 7.85 2.67 1.32 6.19 4.17 3.09 7.29 4.22 4.89 6.79 5.45 4.92 7.07 2.99 1.59 6.50 4.03 6.86 2.36 1.89 6.02 2.19 5.11 5.96 0.98 7.09 6.87 3.16 4.24 3.51 8.21 3.51 3.49 7.14 3.46 7.18 6.42 
7.86 9.96 7.05 1.40 9.82 6.91 4.00 5.34 9.21 1.14 6.74 11.64 2.39 10.50 8.08 2.45 8.42 9.69 5.32 7.14 2.24 8.56 7.58 3.44 6.05 6.85 5.80 7.26 6.75 2.30 9.45 6.06 5.22 0.12 6.75 7.76 1.20 11.21 1.05 4.23 
5.89 3.43 5.97 6.85 3.78 3.24 6.63 5.44 2.87 6.05 6.43 5.20 6.28 4.00 1.84 6.61 6.30 5.31 2.82 6.49 6.27 2.49 2.03 6.10 3.20 1.33 7.41 3.46 3.26 6.31 3.12 0.56 4.48 6.47 5.82 1.25 5.84 5.30 5.66 3.13 
6.00 7.20 5.44 3.11 7.06 4.41 3.85 3.96 6.42 2.28 5.42 8.86 2.84 7.79 5.44 3.15 6.56 7.23 3.31 5.72 2.77 5.78 4.83 3.17 3.62 4.29 5.33 4.77 4.77 2.83 6.67 3.35 3.39 2.73 5.16 4.99 2.07 8.48 1.87 2.31 
7.68 5.55 7.45 5.95 6.33 5.27 6.80 6.38 5.34 5.11 7.69 7.49 5.86 5.81 3.30 6.17 8.18 7.74 0.35 7.88 5.78 5.05 4.54 6.14 4.86 2.01 8.09 5.58 1.74 5.85 5.59 2.04 5.54 5.05 7.23 3.67 4.90 7.84 4.59 0.93 
1.74 5.75 2.61 7.94 3.79 1.95 5.89 3.79 4.36 7.49 3.40 5.94 6.78 6.71 6.21 7.01 1.76 1.39 7.53 3.11 6.87 3.67 3.17 5.86 2.61 6.32 5.29 1.63 8.26 6.86 4.41 5.36 3.40 8.53 2.75 4.78 7.37 4.23 7.48 7.32 
5.37 9.12 4.49 1.66 8.42 5.04 1.41 2.77 8.07 1.54 4.10 10.49 0.47 9.85 7.73 0.75 5.91 7.61 5.95 4.51 0.56 7.30 6.24 0.78 4.18 6.72 3.18 5.35 7.40 0.55 8.29 5.61 2.92 2.74 4.19 6.95 1.55 9.64 1.90 4.93 
5.37 3.22 5.52 6.99 3.25 2.70 6.51 5.15 2.44 6.22 6.03 4.84 6.32 3.92 2.11 6.65 5.76 4.67 3.44 6.06 6.32 1.94 1.39 6.03 2.79 1.91 7.14 2.89 3.89 6.36 2.68 1.14 4.19 6.74 5.39 1.02 6.01 4.76 5.87 3.67 
2.51 9.16 1.56 5.40 7.62 4.23 2.66 1.63 7.81 5.39 0.77 9.85 4.19 10.08 8.70 4.24 2.84 5.53 8.36 1.11 4.32 6.99 6.04 3.09 3.82 8.18 1.23 4.30 9.60 4.28 7.95 6.96 2.52 6.59 1.45 7.44 5.38 8.34 5.68 7.62 
1.74 7.53 0.94 5.30 6.07 2.60 2.97 0.89 6.20 5.03 1.09 8.30 4.07 8.44 7.07 4.25 2.29 4.33 6.98 1.26 4.19 5.37 4.40 3.05 2.18 6.61 2.49 2.71 8.13 4.16 6.34 5.39 1.13 6.18 0.65 5.80 4.95 6.92 5.16 6.36 
3.70 9.47 2.69 3.96 8.21 4.65 1.19 1.54 8.20 4.04 2.01 10.42 2.78 10.33 8.64 2.80 4.13 6.53 7.73 2.44 2.93 7.37 6.34 1.73 4.01 7.92 0.72 4.83 9.08 2.87 8.37 6.70 2.43 5.23 2.46 7.53 4.06 9.13 4.40 6.86 
8.54 5.35 8.40 7.01 6.50 6.02 7.91 7.42 5.43 6.18 8.69 7.34 6.96 5.43 3.03 7.27 9.02 8.28 0.84 8.85 6.88 5.31 5.00 7.25 5.72 1.92 9.17 6.30 0.64 6.95 5.66 2.55 6.55 6.02 8.19 3.82 5.97 7.98 5.64 1.93 
1.75 6.60 1.47 5.60 5.18 1.67 3.60 1.54 5.27 5.20 1.94 7.40 4.43 7.51 6.19 4.66 2.31 3.68 6.37 1.98 4.52 4.44 3.47 3.52 1.31 5.80 3.39 1.80 7.43 4.51 5.41 4.62 1.06 6.28 1.30 4.89 5.09 6.09 5.24 5.85 
5.06 3.44 5.20 6.79 3.27 2.40 6.23 4.84 2.55 6.04 5.71 4.98 6.09 4.17 2.42 6.41 5.46 4.48 3.58 5.74 6.09 1.96 1.24 5.76 2.47 2.19 6.83 2.60 4.12 6.13 2.79 1.28 3.88 6.61 5.07 1.28 5.83 4.76 5.71 3.71 
8.79 1.74 9.19 10.72 3.93 6.27 10.51 9.10 3.02 9.89 9.81 3.26 10.20 0.99 2.17 10.54 9.03 6.87 5.33 9.76 10.18 3.68 4.44 10.01 6.64 3.41 11.10 6.29 4.47 10.23 3.04 4.27 8.15 10.16 9.12 3.03 9.68 4.87 9.46 6.23 
4.96 5.04 4.77 5.17 4.81 2.65 4.89 3.90 4.17 4.40 5.08 6.61 4.53 5.71 3.60 4.86 5.46 5.35 3.06 5.23 4.52 3.52 2.59 4.34 2.15 2.76 5.79 2.99 4.14 4.56 4.41 1.55 2.98 4.99 4.57 2.83 4.20 6.25 4.08 2.71 
5.12 3.24 5.29 6.99 3.09 2.45 6.41 4.98 2.35 6.23 5.82 4.78 6.28 3.99 2.32 6.61 5.50 4.41 3.68 5.83 6.29 1.78 1.13 5.94 2.58 2.19 6.97 2.62 4.16 6.32 2.59 1.38 4.02 6.81 5.17 1.11 6.03 4.59 5.91 3.86 
6.72 3.59 6.76 7.05 4.37 4.09 7.14 6.12 3.35 6.22 7.18 5.50 6.61 3.97 1.52 6.95 7.14 6.13 2.19 7.27 6.58 3.13 2.84 6.57 3.99 0.51 8.05 4.31 2.42 6.63 3.59 0.73 5.17 6.49 6.60 1.69 6.00 5.87 5.78 2.75 
3.30 9.64 2.31 4.76 8.22 4.73 1.99 1.75 8.32 4.85 1.55 10.45 3.59 10.53 8.99 3.60 3.67 6.28 8.33 1.93 3.73 7.49 6.50 2.54 4.20 8.36 0.40 4.85 9.64 3.68 8.47 7.14 2.71 6.04 2.15 7.81 4.87 9.02 5.20 7.51 
9.20 3.98 9.30 9.05 5.73 6.54 9.56 8.67 4.61 8.21 9.74 5.91 8.84 3.73 2.05 9.16 9.59 8.17 2.98 9.82 8.78 4.84 5.00 8.95 6.53 2.05 10.58 6.71 1.73 8.84 4.78 3.27 7.73 8.19 9.14 3.43 8.00 7.06 7.70 4.06 
6.62 8.07 5.97 2.42 7.96 5.24 3.80 4.37 7.32 1.58 5.85 9.75 2.48 8.63 6.24 2.76 7.19 8.06 3.76 6.19 2.38 6.69 5.73 3.12 4.42 5.04 5.45 5.60 5.24 2.45 7.56 4.18 3.96 1.83 5.68 5.86 1.37 9.38 1.07 2.68 
7.90 1.50 8.25 9.68 3.45 5.33 9.46 8.08 2.39 8.86 8.84 3.44 9.15 1.39 1.17 9.48 8.18 6.22 4.48 8.81 9.13 2.90 3.52 8.96 5.64 2.46 10.08 5.38 3.83 9.18 2.49 3.23 7.13 9.16 8.17 2.02 8.65 4.64 8.44 5.31 
8.22 1.01 8.68 10.63 3.20 5.78 10.23 8.71 2.36 9.82 9.33 2.56 10.03 0.32 2.23 10.36 8.43 6.17 5.57 9.25 10.02 3.09 3.95 9.76 6.23 3.53 10.70 5.76 4.88 10.07 2.35 4.20 7.77 10.18 8.64 2.72 9.61 4.11 9.42 6.38 
9.76 5.11 9.75 8.74 6.76 7.14 9.58 8.94 5.63 7.91 10.12 7.06 8.69 4.88 3.02 9.00 10.19 9.03 2.57 10.24 8.62 5.77 5.77 8.94 7.00 2.57 10.76 7.35 1.10 8.68 5.82 3.68 8.03 7.72 9.57 4.29 7.70 8.13 7.37 3.66 
3.01 10.03 2.24 6.11 8.38 5.11 3.35 2.67 8.66 6.20 1.56 10.59 4.95 10.96 9.68 4.95 3.18 6.04 9.40 1.68 5.09 7.85 6.94 3.89 4.79 9.20 1.59 5.14 10.63 5.04 8.78 7.98 3.55 7.40 2.26 8.39 6.22 8.97 6.54 8.65 
