2.72 10.26 4.40 10.22 6.94 3.07 4.22 8.20 5.83 10.62 4.06 9.61 0.88 6.04 9.27 1.11 10.59 10.29 1.30 7.08 
4.77 8.49 1.81 8.78 8.06 4.07 1.90 8.80 2.31 8.90 4.89 8.69 3.52 3.76 9.92 4.08 8.83 9.11 3.13 3.46 
4.38 9.09 2.41 9.31 8.00 3.87 2.41 8.87 3.17 9.50 4.78 9.11 2.88 4.38 10.00 3.45 9.43 9.59 2.27 4.31 
6.29 6.16 8.12 5.29 2.18 6.05 7.89 0.80 9.64 6.15 5.03 3.86 8.13 7.10 0.33 7.91 6.25 4.67 10.05 10.59 
9.81 1.70 8.37 1.55 7.58 8.88 8.33 6.32 8.76 1.28 8.15 2.67 10.92 6.41 6.45 11.04 1.38 1.78 12.30 8.94 
7.79 5.91 3.52 6.62 9.25 6.70 3.76 9.23 2.17 6.31 6.92 7.26 7.40 2.94 10.18 7.88 6.19 7.24 7.56 1.52 
6.70 1.85 4.99 1.98 5.64 5.67 4.94 4.97 5.63 2.22 5.10 2.30 7.60 3.08 5.68 7.77 2.18 2.41 8.89 6.10 
7.41 5.15 8.50 4.21 3.59 6.98 8.30 2.03 9.81 5.06 5.97 2.84 9.15 7.16 1.54 9.00 5.17 3.50 11.00 10.60 
2.33 9.01 3.14 9.00 6.33 2.18 2.94 7.44 4.69 9.38 3.21 8.48 0.80 4.73 8.54 1.35 9.34 9.12 1.88 5.98 
6.49 2.24 5.64 1.77 4.71 5.58 5.53 3.85 6.56 2.43 4.83 1.28 7.67 3.90 4.49 7.76 2.47 1.77 9.17 7.16 
6.51 7.30 8.88 6.43 2.29 6.46 8.64 1.64 10.49 7.29 5.47 5.00 8.42 8.03 1.00 8.13 7.39 5.80 10.38 11.50 
2.71 8.01 6.25 7.47 1.79 3.07 5.97 3.33 8.09 8.20 2.35 6.28 4.64 6.26 4.20 4.28 8.24 7.15 6.62 9.31 
3.41 5.32 4.40 4.93 2.59 2.68 4.16 2.97 6.03 5.57 1.76 4.00 4.88 3.72 4.08 4.84 5.59 4.79 6.64 7.09 
7.29 5.19 8.42 4.25 3.46 6.86 8.22 1.90 9.75 5.11 5.85 2.87 9.03 7.10 1.43 8.88 5.22 3.55 10.89 10.55 
6.03 7.88 8.80 7.05 1.98 6.13 8.54 2.00 10.49 7.91 5.18 5.63 7.96 8.14 1.77 7.63 8.00 6.46 9.94 11.56 
2.47 6.50 4.72 6.09 2.18 2.09 4.45 3.17 6.51 6.75 1.07 5.08 4.20 4.51 4.28 4.04 6.77 5.90 6.10 7.68 
8.71 8.85 4.47 9.52 11.21 7.81 4.75 11.50 2.65 9.26 8.36 10.05 7.67 5.13 12.54 8.22 9.14 10.11 7.05 1.67 
1.54 8.24 5.43 7.82 2.84 2.09 5.15 4.28 7.30 8.48 1.70 6.77 3.46 5.78 5.26 3.10 8.51 7.61 5.43 8.56 
5.44 5.66 7.12 4.88 1.63 5.11 6.89 0.28 8.65 5.72 4.09 3.48 7.23 6.14 1.33 7.05 5.80 4.35 9.14 9.62 
6.49 5.81 8.10 4.93 2.48 6.18 7.88 0.96 9.57 5.79 5.16 3.50 8.30 6.99 0.53 8.11 5.89 4.29 10.21 10.48 
4.26 4.27 4.01 4.01 3.57 3.33 3.83 3.53 5.42 4.56 2.61 3.32 5.43 2.88 4.56 5.50 4.57 4.00 7.01 6.36 
7.42 8.21 3.20 8.79 9.99 6.52 3.48 10.36 1.45 8.63 7.10 9.17 6.41 4.09 11.42 6.97 8.52 9.33 5.93 1.07 
3.62 5.03 4.27 4.67 2.84 2.83 4.05 3.08 5.85 5.29 1.96 3.79 5.01 3.48 4.18 5.00 5.31 4.56 6.73 6.89 
7.18 8.83 3.23 9.36 10.06 6.36 3.49 10.55 1.82 9.26 7.04 9.64 5.99 4.48 11.64 6.55 9.16 9.86 5.30 1.89 
6.83 6.32 2.47 6.91 8.68 5.77 2.73 8.85 1.04 6.74 6.10 7.34 6.31 2.44 9.86 6.80 6.63 7.45 6.42 1.06 
4.91 7.63 7.80 6.88 0.98 5.03 7.54 1.83 9.54 7.71 4.10 5.50 6.84 7.29 2.24 6.51 7.79 6.37 8.81 10.65 
4.14 5.07 1.95 5.19 5.31 3.00 1.81 5.58 3.33 5.45 2.96 4.99 4.53 1.12 6.64 4.81 5.41 5.45 5.66 4.36 
4.32 7.06 7.01 6.37 0.18 4.32 6.75 1.60 8.74 7.18 3.36 5.04 6.23 6.49 2.39 5.94 7.25 5.92 8.19 9.85 
6.94 2.80 4.11 3.38 6.86 5.81 4.14 6.45 4.26 3.22 5.53 4.00 7.40 2.15 7.26 7.70 3.12 3.97 8.37 4.52 
6.44 7.08 2.07 7.60 8.74 5.46 2.35 9.06 0.21 7.50 5.94 7.91 5.70 2.79 10.12 6.22 7.40 8.10 5.61 1.10 
7.54 2.56 7.19 1.63 4.87 6.76 7.06 3.60 8.13 2.49 5.89 0.32 8.92 5.47 3.84 8.94 2.60 0.98 10.54 8.70 
2.72 10.89 5.38 10.75 6.83 3.44 5.18 8.21 6.89 11.22 4.30 10.02 1.53 6.89 9.23 1.26 11.21 10.76 2.18 8.16 
7.19 7.12 9.31 6.21 2.97 7.07 9.08 1.96 10.85 7.07 6.07 4.80 9.08 8.32 0.90 8.82 7.17 5.53 11.04 11.80 
6.20 2.35 5.10 2.10 4.80 5.23 5.00 4.11 6.00 2.62 4.55 1.83 7.27 3.35 4.84 7.39 2.63 2.25 8.72 6.62 
7.54 5.38 3.40 6.08 8.80 6.43 3.61 8.73 2.32 5.79 6.58 6.72 7.28 2.54 9.67 7.73 5.67 6.70 7.59 1.95 
7.03 4.46 7.81 3.55 3.51 6.50 7.63 2.00 9.08 4.40 5.51 2.14 8.69 6.41 1.94 8.59 4.51 2.87 10.50 9.85 
5.29 5.81 1.17 6.20 7.11 4.20 1.34 7.37 1.55 6.23 4.48 6.34 5.01 1.17 8.42 5.45 6.15 6.62 5.52 2.56 
2.47 7.57 1.98 7.60 5.69 1.64 1.73 6.56 3.77 7.95 2.48 7.16 2.05 3.32 7.69 2.44 7.91 7.76 3.19 5.08 
3.74 6.44 0.78 6.62 6.06 2.68 0.51 6.61 2.61 6.84 3.13 6.42 3.52 1.90 7.72 3.92 6.79 6.89 4.34 3.87 
6.06 8.73 2.46 9.15 9.17 5.31 2.67 9.78 1.80 9.15 6.06 9.26 4.81 4.11 10.89 5.37 9.06 9.57 4.16 2.57 
5.98 6.58 8.10 5.74 1.79 5.83 7.86 0.81 9.69 6.59 4.82 4.31 7.86 7.21 0.67 7.61 6.69 5.14 9.80 10.68 
6.77 5.82 2.50 6.41 8.39 5.68 2.73 8.48 1.42 6.24 5.93 6.87 6.39 2.09 9.48 6.85 6.13 6.96 6.64 1.52 
5.84 6.63 8.01 5.80 1.64 5.70 7.77 0.78 9.61 6.65 4.69 4.37 7.72 7.15 0.82 7.47 6.74 5.21 9.67 10.61 
5.53 5.19 1.73 5.61 6.96 4.41 1.84 7.10 2.01 5.61 4.56 5.82 5.45 0.70 8.12 5.85 5.53 6.06 6.08 2.79 
8.66 0.88 6.40 1.83 7.47 7.60 6.41 6.58 6.54 1.19 7.08 3.12 9.43 4.42 7.09 9.65 1.05 2.59 10.57 6.62 
6.72 6.34 2.35 6.91 8.60 5.66 2.61 8.78 0.95 6.76 6.01 7.32 6.19 2.38 9.80 6.68 6.65 7.45 6.31 1.11 
8.05 2.06 7.37 1.09 5.52 7.22 7.27 4.26 8.18 1.91 6.39 0.65 9.35 5.57 4.46 9.40 2.04 0.35 10.91 8.65 
3.89 7.56 0.97 7.77 6.90 3.04 0.90 7.61 2.45 7.97 3.77 7.59 3.06 2.89 8.72 3.56 7.91 8.06 3.39 3.75 
8.57 0.97 6.27 1.91 7.45 7.51 6.29 6.59 6.40 1.30 7.00 3.17 9.33 4.29 7.11 9.55 1.17 2.66 10.45 6.49 
9.55 2.16 8.53 1.56 7.00 8.69 8.47 5.65 9.10 1.78 7.89 2.18 10.79 6.63 5.68 10.87 1.91 1.37 12.28 9.40 
3.99 4.72 4.48 4.33 2.86 3.19 4.27 2.91 5.99 4.96 2.33 3.43 5.37 3.53 3.98 5.37 4.99 4.20 7.08 6.99 
6.75 6.91 8.87 6.01 2.53 6.63 8.64 1.53 10.43 6.88 5.62 4.59 8.64 7.91 0.57 8.38 6.98 5.36 10.59 11.40 
4.14 8.82 2.16 9.02 7.70 3.58 2.14 8.56 3.08 9.22 4.49 8.81 2.73 4.13 9.69 3.30 9.16 9.30 2.36 4.28 
1.21 9.70 5.04 9.47 5.20 2.22 4.79 6.60 6.79 10.01 2.88 8.62 1.56 6.16 7.61 1.00 10.00 9.40 3.32 8.09 
7.52 1.14 5.56 1.61 6.38 6.48 5.54 5.59 5.98 1.55 5.93 2.45 8.37 3.60 6.20 8.56 1.48 2.24 9.60 6.29 
7.87 2.98 7.72 2.01 4.93 7.14 7.59 3.54 8.69 2.84 6.24 0.88 9.32 6.03 3.61 9.31 2.96 1.28 10.98 9.26 
6.02 2.50 4.86 2.31 4.79 5.04 4.76 4.17 5.78 2.79 4.38 2.07 7.06 3.11 4.94 7.19 2.79 2.48 8.49 6.41 
3.67 9.20 2.68 9.33 7.47 3.29 2.60 8.45 3.81 9.59 4.27 9.01 2.07 4.59 9.57 2.64 9.54 9.55 1.69 5.01 
3.53 9.25 2.79 9.37 7.38 3.19 2.69 8.38 3.96 9.64 4.18 9.01 1.90 4.67 9.50 2.47 9.59 9.57 1.57 5.18 
4.74 7.98 7.85 7.25 1.16 4.95 7.58 2.23 9.61 8.08 4.07 5.88 6.67 7.44 2.65 6.32 8.15 6.76 8.65 10.75 
7.33 2.23 4.68 2.87 6.93 6.22 4.71 6.38 4.84 2.65 5.85 3.64 7.89 2.71 7.12 8.16 2.55 3.51 8.91 5.05 
4.19 7.68 7.26 7.00 0.76 4.36 6.99 2.18 9.03 7.81 3.47 5.67 6.12 6.89 2.84 5.78 7.87 6.55 8.09 10.18 
6.42 7.64 8.98 6.77 2.26 6.45 8.73 1.87 10.62 7.63 5.48 5.35 8.35 8.20 1.37 8.04 7.73 6.15 10.32 11.65 
7.03 7.09 9.17 6.18 2.81 6.92 8.94 1.82 10.73 7.04 5.91 4.77 8.93 8.20 0.81 8.66 7.15 5.51 10.88 11.69 
0.70 9.06 4.43 8.85 4.90 1.56 4.18 6.23 6.22 9.38 2.30 8.05 1.35 5.49 7.27 0.95 9.37 8.81 3.29 7.53 
6.69 6.99 2.31 7.55 8.89 5.69 2.59 9.17 0.49 7.41 6.14 7.90 5.98 2.84 10.22 6.49 7.31 8.07 5.90 0.84 
6.21 6.31 8.14 5.45 2.06 6.00 7.91 0.79 9.68 6.31 4.98 4.02 8.06 7.16 0.37 7.83 6.41 4.83 10.00 10.64 
6.88 7.19 2.51 7.76 9.13 5.89 2.79 9.42 0.65 7.61 6.36 8.14 6.11 3.08 10.46 6.64 7.51 8.29 5.96 0.67 
5.01 5.38 6.53 4.66 1.59 4.60 6.30 0.84 8.07 5.48 3.58 3.32 6.75 5.56 1.92 6.60 5.55 4.21 8.63 9.04 
4.87 8.97 2.28 9.25 8.34 4.27 2.35 9.14 2.71 9.38 5.14 9.14 3.45 4.24 10.26 4.02 9.31 9.58 2.81 3.78 
