9.54 5.18 9.01 7.80 3.72 
6.09 4.84 0.87 2.34 12.29 
5.94 1.83 5.95 5.55 5.65 
12.20 7.19 9.41 7.23 8.28 
5.84 3.72 7.62 7.68 4.61 
2.71 2.65 3.11 4.55 9.49 
2.93 2.81 5.38 6.29 7.61 
7.57 2.80 6.52 5.43 5.56 
5.38 1.34 5.44 5.23 6.19 
6.66 4.28 8.29 8.18 3.79 
5.00 0.93 4.97 4.90 6.68 
6.44 5.59 1.52 2.96 13.06 
3.27 2.84 5.68 6.47 7.23 
6.26 1.42 5.31 4.60 6.40 
1.17 4.57 5.77 7.33 9.35 
6.59 2.19 6.23 5.57 5.42 
7.92 3.75 7.76 6.88 4.06 
10.68 5.72 7.55 5.34 8.55 
1.37 3.94 5.25 6.73 9.08 
1.30 3.71 4.51 6.10 9.50 
5.02 3.64 7.27 7.60 5.41 
4.20 3.03 1.37 3.00 10.47 
9.77 4.80 6.82 4.73 8.08 
9.19 4.31 7.62 6.08 5.68 
7.60 3.61 7.68 6.93 4.01 
8.69 4.14 4.93 2.67 9.44 
10.34 6.09 9.92 8.67 3.31 
4.61 0.55 4.35 4.45 7.32 
4.39 2.62 6.17 6.56 6.16 
10.74 5.73 8.08 6.01 7.64 
7.70 4.55 8.67 8.19 2.97 
3.84 2.11 2.37 3.43 9.47 
1.96 4.17 3.35 5.38 10.82 
1.22 3.85 4.30 6.01 9.84 
2.17 3.94 3.13 5.12 10.69 
10.45 6.36 10.27 9.09 2.83 
2.16 2.85 4.02 5.38 9.03 
9.67 6.15 10.23 9.40 1.64 
10.06 6.45 10.51 9.60 1.65 
3.69 1.50 3.26 4.03 8.63 
5.84 0.93 4.07 3.39 7.67 
11.09 6.30 9.60 7.91 5.41 
10.72 6.31 10.03 8.65 3.81 
9.66 6.53 10.65 9.97 0.97 
3.02 3.55 2.28 4.25 10.67 
6.71 3.47 7.58 7.23 4.09 
3.76 4.24 7.13 7.98 6.85 
7.75 3.10 4.45 2.53 8.76 
5.50 2.68 1.69 1.70 10.08 
11.16 6.51 9.98 8.39 4.83 
10.53 5.53 7.66 5.54 8.00 
8.69 3.68 6.37 4.64 7.04 
8.53 4.19 8.09 7.03 4.05 
6.83 2.78 6.88 6.27 4.75 
10.10 6.66 10.74 9.90 1.25 
7.74 3.26 4.17 2.15 9.15 
6.80 4.05 1.88 0.59 11.22 
3.26 3.75 2.04 4.13 10.94 
7.88 3.29 4.42 2.42 8.96 
10.54 5.58 7.45 5.27 8.43 
7.82 4.91 9.02 8.60 2.70 
4.23 4.39 7.48 8.22 6.42 
9.43 4.45 7.43 5.71 6.37 
7.35 3.51 3.16 0.97 10.11 
1.86 6.54 7.14 9.01 10.84 
8.42 3.49 5.58 3.70 7.94 
7.90 3.24 7.02 5.91 5.11 
1.57 4.68 3.87 5.97 11.09 
1.49 6.19 6.77 8.63 10.69 
0.78 5.24 5.98 7.73 10.08 
3.46 3.06 1.98 3.72 10.34 
10.18 5.18 7.39 5.33 7.81 
7.25 4.00 2.54 0.11 10.91 
4.31 2.18 5.75 6.11 6.41 
0.47 5.06 5.66 7.44 10.15 
1.02 4.08 5.02 6.62 9.48 
2.52 3.33 5.59 6.67 7.93 
8.49 6.20 10.27 9.99 2.08 
5.33 1.43 5.51 5.34 6.13 
8.68 3.69 6.09 4.26 7.49 
