8.88 0.85 5.31 7.50 2.56 4.83 4.67 6.26 10.05 1.11 3.95 4.82 9.52 8.79 3.97 5.21 4.27 4.86 6.85 4.91 2.32 7.48 5.96 9.62 5.76 5.97 6.90 5.74 0.78 5.41 8.85 11.80 8.56 8.79 3.14 0.62 8.37 10.28 5.69 3.79 5.59 6.90 1.50 10.04 9.62 9.46 10.65 3.91 9.75 7.17 8.31 3.53 7.58 8.46 9.59 
8.43 0.47 5.25 7.82 3.15 5.12 5.16 6.57 10.13 1.72 3.57 4.36 9.54 8.49 4.20 4.70 3.94 5.07 6.40 5.24 1.70 7.78 5.90 9.61 6.38 6.31 6.57 6.38 0.78 4.95 8.39 11.87 8.16 8.58 2.52 1.14 7.97 10.09 5.67 4.06 5.49 6.87 1.13 9.82 9.43 9.43 10.48 4.05 9.54 6.67 7.83 4.15 7.89 7.98 9.34 
8.36 5.71 3.09 1.71 3.76 1.03 1.85 0.46 4.95 4.82 5.21 5.97 4.83 6.86 2.01 6.50 4.95 1.33 6.89 0.88 7.70 1.70 3.23 5.17 3.32 0.20 5.78 3.80 5.34 6.20 8.30 6.62 7.49 6.06 6.47 5.18 7.47 7.01 2.85 2.07 3.54 3.39 5.41 7.13 6.54 5.17 7.13 2.38 6.72 7.52 8.10 3.52 1.78 8.30 6.90 
2.79 5.28 3.49 7.59 6.83 5.80 7.21 6.75 7.44 6.25 2.20 1.28 6.52 3.33 5.12 1.04 2.04 5.29 0.76 6.09 5.85 7.37 3.60 6.29 9.09 6.71 1.70 9.40 5.36 0.69 2.75 8.86 2.62 3.99 3.36 5.92 2.40 5.47 3.85 5.37 3.12 4.23 4.60 4.99 4.83 5.99 5.97 4.60 4.87 1.14 2.21 7.62 7.62 2.37 4.47 
2.37 8.01 4.06 7.02 8.62 6.43 8.09 6.70 5.19 8.54 4.92 4.39 4.22 0.17 6.24 4.37 4.52 5.91 2.79 6.70 9.01 6.75 3.61 3.81 9.92 6.82 1.89 10.34 7.96 3.89 2.31 6.18 1.39 1.05 6.52 8.39 1.57 2.17 4.03 6.57 3.58 3.36 7.33 1.64 1.62 3.49 2.69 5.83 1.61 3.14 2.59 9.13 7.00 2.71 1.12 
2.78 5.52 2.77 6.78 6.65 5.22 6.73 6.03 6.47 6.28 2.37 1.76 5.54 2.63 4.66 1.80 2.03 4.69 1.03 5.51 6.38 6.55 2.77 5.31 8.63 6.02 0.78 8.97 5.53 1.30 2.72 7.88 2.26 3.11 3.90 6.03 2.10 4.63 3.07 4.95 2.34 3.30 4.83 4.20 3.97 5.02 5.11 4.16 4.03 1.67 2.35 7.35 6.80 2.54 3.68 
10.65 4.91 5.42 4.56 1.98 3.09 1.48 3.65 8.23 3.41 6.28 7.27 8.13 9.59 3.27 7.81 6.27 3.59 8.83 2.87 6.81 4.69 5.86 8.46 1.27 3.35 8.10 1.28 4.51 7.71 10.59 9.86 9.94 9.00 6.72 3.99 9.85 10.13 5.44 2.96 5.91 6.38 5.04 10.17 9.61 8.45 10.32 3.75 9.78 9.38 10.25 0.98 4.64 10.43 9.87 
7.42 10.99 6.22 5.69 10.16 7.18 8.53 6.34 1.82 10.80 8.57 8.55 1.96 5.24 7.69 8.77 8.11 6.88 7.63 7.29 12.58 5.47 5.58 1.86 9.78 6.64 6.28 10.30 10.76 8.25 7.37 1.21 6.48 4.13 10.37 10.92 6.67 3.18 5.79 7.98 6.05 4.60 10.40 3.79 3.52 2.08 2.74 7.60 3.59 8.12 7.70 10.16 5.63 7.81 4.14 
6.76 1.83 2.95 5.92 2.86 3.27 3.94 4.71 7.87 2.24 1.87 2.87 7.25 6.43 2.28 3.37 2.04 3.06 4.75 3.47 3.57 5.83 3.60 7.31 5.64 4.49 4.56 5.82 1.65 3.40 6.71 9.60 6.30 6.38 2.27 2.02 6.14 7.86 3.38 2.29 3.20 4.57 1.26 7.63 7.21 7.13 8.24 1.96 7.33 5.18 6.23 3.76 5.98 6.40 7.18 
4.21 4.17 1.95 6.07 5.22 4.09 5.47 5.12 6.60 4.83 1.13 1.22 5.77 3.89 3.39 1.68 0.68 3.60 2.28 4.38 5.28 5.87 2.28 5.67 7.36 5.06 1.99 7.68 4.13 1.32 4.16 8.19 3.71 4.04 2.90 4.60 3.55 5.58 2.39 3.64 1.72 3.14 3.48 5.26 4.91 5.42 6.02 2.87 5.01 2.83 3.74 5.95 6.10 3.92 4.77 
3.82 7.47 2.95 5.43 7.56 5.09 6.75 5.18 3.83 7.72 4.63 4.43 2.86 1.77 5.07 4.60 4.18 4.59 3.49 5.34 8.77 5.15 2.37 2.54 8.51 5.33 2.10 8.96 7.34 4.09 3.75 5.09 2.81 0.83 6.40 7.67 2.91 2.18 2.77 5.40 2.55 1.85 6.81 2.04 1.54 2.23 2.55 4.73 1.68 4.03 3.88 7.95 5.41 4.04 1.70 
3.72 4.66 4.28 8.40 6.72 6.29 7.50 7.43 8.65 5.88 2.09 1.18 7.75 4.64 5.47 0.66 2.22 5.84 1.94 6.57 4.82 8.20 4.55 7.55 9.34 7.34 3.02 9.59 4.83 1.09 3.70 10.12 3.81 5.33 2.46 5.45 3.57 6.80 4.71 5.66 4.01 5.31 4.04 6.32 6.17 7.26 7.30 4.96 6.21 1.91 3.09 7.62 8.43 3.20 5.79 
7.04 5.31 1.79 2.45 4.06 1.14 2.75 1.48 4.52 4.78 4.15 4.82 4.16 5.58 1.64 5.32 3.84 0.78 5.58 1.34 7.20 2.29 1.90 4.39 4.50 1.48 4.46 4.94 4.99 4.98 6.97 6.27 6.17 4.85 5.61 5.00 6.14 5.92 1.52 1.89 2.22 2.18 4.87 5.98 5.41 4.33 6.11 1.71 5.58 6.22 6.78 4.15 2.49 6.97 5.71 
2.63 8.48 4.41 7.13 9.01 6.73 8.39 6.90 5.03 8.98 5.40 4.89 4.07 0.54 6.59 4.86 4.99 6.21 3.27 6.99 9.50 6.86 3.92 3.63 10.19 7.04 2.38 10.63 8.42 4.39 2.58 5.90 1.72 0.97 7.02 8.84 1.93 1.74 4.34 6.93 3.95 3.56 7.80 1.18 1.27 3.32 2.26 6.20 1.21 3.59 2.94 9.48 7.12 3.04 0.68 
5.53 8.99 4.22 4.96 8.51 5.66 7.20 5.20 2.07 8.96 6.43 6.36 1.15 3.33 5.97 6.58 5.97 5.26 5.49 5.83 10.49 4.70 3.57 0.66 8.73 5.44 4.11 9.22 8.79 6.07 5.48 3.09 4.54 2.13 8.22 9.02 4.70 1.89 3.84 6.29 3.99 2.63 8.37 2.32 1.81 0.38 1.81 5.78 1.96 6.02 5.72 8.67 4.92 5.86 2.45 
4.66 7.48 2.75 4.63 7.24 4.58 6.21 4.49 3.09 7.56 4.87 4.83 2.14 2.61 4.70 5.08 4.41 4.11 4.18 4.80 8.94 4.36 2.11 1.93 7.91 4.66 2.74 8.37 7.30 4.57 4.60 4.50 3.65 1.54 6.66 7.57 3.74 2.47 2.44 5.03 2.46 1.30 6.85 2.54 1.95 1.65 2.71 4.44 2.13 4.76 4.69 7.53 4.61 4.86 2.33 
6.99 6.13 2.12 2.06 4.89 1.90 3.38 1.54 3.67 5.64 4.72 5.27 3.35 5.32 2.49 5.74 4.36 1.63 5.74 2.03 8.00 1.83 1.96 3.62 4.97 1.70 4.48 5.45 5.83 5.34 6.93 5.42 6.07 4.45 6.29 5.85 6.07 5.36 1.69 2.74 2.43 1.81 5.68 5.49 4.90 3.59 5.49 2.54 5.08 6.39 6.81 4.90 2.08 7.00 5.28 
8.05 9.91 5.34 3.77 8.65 5.65 6.82 4.59 0.50 9.47 7.95 8.16 1.47 5.86 6.33 8.49 7.51 5.46 7.73 5.70 11.68 3.58 4.78 1.90 7.90 4.90 6.29 8.41 9.63 8.00 7.99 1.64 7.04 4.64 9.70 9.68 7.18 4.33 4.85 6.58 5.33 3.85 9.40 4.84 4.37 2.21 4.07 6.35 4.51 8.31 8.17 8.51 3.70 8.33 5.02 
5.51 3.88 0.92 4.69 4.05 2.56 3.98 3.66 5.92 4.03 1.92 2.60 5.24 4.68 1.90 3.12 1.60 2.08 3.73 2.85 5.48 4.52 1.55 5.27 5.88 3.57 3.00 6.21 3.69 2.83 5.46 7.63 4.84 4.43 3.52 3.98 4.73 5.87 1.38 2.19 1.16 2.54 3.27 5.69 5.23 5.08 6.22 1.40 5.36 4.32 5.11 4.64 4.73 5.30 5.27 
7.04 8.60 3.98 3.15 7.51 4.51 5.84 3.66 1.06 8.24 6.60 6.83 0.93 4.91 5.10 7.18 6.16 4.25 6.51 4.61 10.34 2.90 3.43 1.40 7.14 3.95 5.07 7.65 8.33 6.69 6.98 2.81 6.03 3.72 8.35 8.42 6.13 3.84 3.50 5.37 3.98 2.50 8.07 4.23 3.68 1.58 3.73 5.08 3.84 7.12 7.10 7.47 3.10 7.26 4.27 
8.61 2.21 4.03 5.50 0.90 2.89 2.65 4.26 8.32 1.02 3.82 4.83 7.90 8.01 2.17 5.33 3.94 3.03 6.64 2.93 4.21 5.50 4.64 8.08 3.97 3.97 6.26 4.06 1.79 5.34 8.56 10.07 8.07 7.74 3.96 1.43 7.93 9.13 4.29 1.91 4.43 5.48 2.26 9.00 8.51 7.97 9.43 2.31 8.65 7.11 8.12 1.87 5.58 8.29 8.60 
8.22 1.36 4.08 6.15 1.68 3.47 3.47 4.90 8.70 0.78 3.30 4.29 8.20 7.84 2.60 4.76 3.51 3.49 6.21 3.56 3.38 6.12 4.73 8.33 4.83 4.63 6.00 4.91 0.95 4.84 8.17 10.45 7.76 7.70 3.17 0.78 7.60 9.15 4.43 2.42 4.42 5.64 1.42 8.97 8.51 8.19 9.49 2.57 8.64 6.63 7.69 2.70 6.22 7.86 8.53 
11.11 5.54 5.82 4.48 2.61 3.40 1.74 3.71 8.26 4.03 6.85 7.83 8.24 9.96 3.72 8.37 6.81 3.92 9.32 3.15 7.44 4.64 6.22 8.59 0.68 3.43 8.54 0.66 5.14 8.24 11.05 9.84 10.37 9.31 7.33 4.62 10.29 10.38 5.80 3.43 6.31 6.66 5.67 10.46 9.88 8.60 10.54 4.21 10.05 9.89 10.72 1.60 4.56 10.91 10.18 
6.76 2.87 2.11 4.75 2.69 2.13 3.07 3.54 6.80 2.70 2.35 3.31 6.25 6.05 1.15 3.85 2.29 1.88 4.87 2.35 4.73 4.65 2.75 6.36 4.90 3.34 4.33 5.16 2.59 3.72 6.71 8.55 6.16 5.79 3.34 2.73 6.03 7.20 2.44 1.25 2.48 3.66 2.40 7.05 6.57 6.21 7.52 0.78 6.71 5.40 6.31 3.37 4.81 6.50 6.64 
3.08 8.49 4.24 6.74 8.86 6.47 8.13 6.56 4.56 8.90 5.46 5.02 3.60 0.90 6.40 5.05 5.04 5.96 3.54 6.72 9.59 6.47 3.70 3.16 9.90 6.71 2.50 10.35 8.40 4.56 3.03 5.44 2.14 0.58 7.13 8.79 2.34 1.40 4.12 6.73 3.79 3.24 7.81 0.92 0.84 2.85 1.92 6.03 0.82 3.92 3.36 9.29 6.72 3.47 0.41 
2.13 8.00 4.16 7.21 8.69 6.56 8.22 6.87 5.43 8.58 4.89 4.32 4.45 0.09 6.34 4.27 4.50 6.03 2.64 6.84 8.95 6.94 3.73 4.04 10.05 6.98 1.86 10.47 7.96 3.80 2.07 6.41 1.16 1.28 6.46 8.40 1.35 2.36 4.15 6.67 3.68 3.53 7.31 1.80 1.83 3.73 2.88 5.92 1.80 2.96 2.37 9.22 7.20 2.49 1.30 
1.09 8.06 4.74 8.12 9.08 7.22 8.85 7.67 6.48 8.81 4.90 4.15 5.50 1.12 6.88 3.97 4.57 6.68 2.20 7.50 8.77 7.85 4.42 5.09 10.72 7.76 2.07 11.12 8.07 3.58 1.03 7.44 0.31 2.33 6.28 8.57 0.55 3.26 4.83 7.20 4.25 4.39 7.37 2.66 2.82 4.78 3.78 6.42 2.76 2.30 1.43 9.70 8.11 1.51 2.21 
3.52 8.02 3.60 6.00 8.22 5.76 7.42 5.82 4.03 8.33 5.09 4.78 3.05 1.34 5.73 4.88 4.65 5.26 3.56 6.00 9.24 5.73 3.03 2.66 9.17 5.97 2.30 9.62 7.90 4.37 3.46 5.10 2.52 0.17 6.82 8.26 2.67 1.62 3.43 6.06 3.18 2.51 7.35 1.39 0.95 2.34 2.06 5.38 1.07 4.04 3.69 8.61 5.99 3.82 1.03 
3.09 6.55 2.52 5.90 7.06 4.96 6.60 5.39 4.95 7.00 3.56 3.24 4.00 1.67 4.70 3.38 3.12 4.42 2.31 5.24 7.71 5.64 2.14 3.74 8.46 5.47 0.89 8.87 6.47 2.87 3.03 6.30 2.16 1.61 5.28 6.87 2.16 3.15 2.55 5.03 2.03 2.17 5.88 2.82 2.49 3.43 3.61 4.28 2.58 2.90 2.98 7.57 5.90 3.16 2.34 
5.25 6.14 1.36 3.74 5.73 3.11 4.76 3.27 3.71 6.09 3.88 4.13 2.98 3.59 3.19 4.51 3.43 2.62 4.15 3.35 7.74 3.49 0.73 3.00 6.53 3.38 2.80 6.97 5.92 4.04 5.19 5.38 4.31 2.82 5.64 6.14 4.32 3.98 0.96 3.52 1.26 0.26 5.55 3.98 3.42 2.82 4.23 2.93 3.58 4.80 5.10 6.02 3.75 5.29 3.68 
11.63 5.40 6.44 5.44 2.54 4.14 2.51 4.62 9.19 3.83 7.13 8.14 9.13 10.61 4.27 8.67 7.16 4.63 9.77 3.91 7.16 5.60 6.90 9.47 1.53 4.34 9.10 1.17 5.01 8.60 11.57 10.80 10.94 10.04 7.39 4.42 10.84 11.18 6.48 3.95 6.93 7.42 5.64 11.22 10.65 9.47 11.35 4.73 10.82 10.31 11.20 1.58 5.52 11.39 10.91 
7.10 7.47 3.09 2.16 6.24 3.24 4.57 2.43 2.30 7.02 5.76 6.15 2.10 5.14 3.87 6.56 5.35 3.01 6.21 3.33 9.29 1.89 2.66 2.47 5.94 2.70 4.82 6.45 7.18 6.11 7.03 4.04 6.11 4.07 7.44 7.23 6.17 4.61 2.60 4.12 3.22 1.96 6.99 4.88 4.29 2.53 4.63 3.90 4.46 6.85 7.04 6.19 2.13 7.22 4.79 
3.99 4.23 2.32 6.44 5.47 4.45 5.82 5.50 6.88 5.00 1.08 0.88 6.04 3.87 3.73 1.31 0.73 3.97 2.01 4.74 5.19 6.24 2.62 5.91 7.70 5.44 1.95 8.00 4.23 0.94 3.95 8.45 3.56 4.13 2.76 4.73 3.39 5.68 2.76 3.98 2.07 3.45 3.53 5.32 5.01 5.65 6.13 3.22 5.10 2.52 3.49 6.23 6.48 3.67 4.81 
8.92 7.03 3.93 0.41 4.98 2.33 2.87 0.87 4.17 6.12 6.33 7.01 4.30 7.18 3.31 7.51 6.03 2.53 7.66 2.20 9.02 0.52 3.87 4.73 3.80 1.14 6.42 4.32 6.66 7.16 8.86 5.72 7.98 6.21 7.70 6.49 7.99 6.90 3.57 3.38 4.30 3.69 6.72 7.13 6.54 4.81 6.92 3.63 6.71 8.31 8.74 4.60 0.49 8.93 6.99 
1.95 9.82 6.45 9.51 10.87 8.90 10.54 9.21 7.27 10.60 6.66 5.86 6.35 2.36 8.62 5.62 6.35 8.36 3.84 9.17 10.42 9.24 6.07 5.88 12.39 9.33 3.85 12.80 9.84 5.28 1.96 7.87 2.06 3.37 7.95 10.35 2.24 3.52 6.48 8.94 5.96 5.87 9.13 2.95 3.40 5.59 3.93 8.17 3.26 3.75 2.59 11.46 9.50 2.53 2.77 
11.97 5.99 6.71 5.30 3.10 4.31 2.65 4.60 9.12 4.43 7.59 8.59 9.13 10.86 4.58 9.12 7.59 4.83 10.15 4.06 7.78 5.48 7.13 9.49 1.19 4.34 9.42 0.71 5.60 9.03 11.91 10.67 11.25 10.23 7.93 5.02 11.16 11.30 6.71 4.28 7.21 7.58 6.21 11.38 10.80 9.51 11.45 5.07 10.97 10.71 11.57 2.10 5.37 11.76 11.10 
2.92 5.39 2.66 6.69 6.50 5.09 6.59 5.91 6.45 6.13 2.23 1.67 5.53 2.74 4.52 1.75 1.89 4.56 1.14 5.38 6.27 6.46 2.68 5.32 8.49 5.91 0.86 8.83 5.39 1.23 2.87 7.89 2.41 3.18 3.79 5.88 2.24 4.70 2.96 4.81 2.23 3.24 4.70 4.28 4.04 5.03 5.18 4.02 4.11 1.78 2.49 7.21 6.71 2.68 3.77 
7.35 4.11 2.05 3.34 2.83 0.72 2.08 2.12 5.81 3.49 3.58 4.43 5.41 6.22 0.35 4.97 3.38 0.53 5.64 0.98 6.06 3.26 2.51 5.62 3.98 1.92 4.77 4.35 3.77 4.73 7.29 7.56 6.59 5.68 4.75 3.73 6.51 6.92 2.09 0.61 2.54 3.15 3.74 6.89 6.34 5.52 7.16 0.68 6.51 6.24 6.99 3.09 3.41 7.18 6.55 
4.10 9.46 4.97 6.78 9.57 6.97 8.61 6.81 3.97 9.75 6.52 6.15 3.11 2.04 7.05 6.21 6.08 6.50 4.72 7.19 10.67 6.51 4.37 2.61 10.28 7.01 3.63 10.75 9.35 5.71 4.05 4.54 3.23 1.35 8.23 9.69 3.45 0.23 4.75 7.38 4.58 3.69 8.79 0.41 0.50 2.35 0.75 6.74 0.39 5.09 4.45 9.90 6.75 4.55 0.84 
7.35 3.35 2.30 4.08 2.33 1.39 2.27 2.84 6.51 2.78 3.15 4.08 6.06 6.44 0.41 4.63 3.05 1.29 5.53 1.58 5.31 4.01 2.87 6.24 4.13 2.61 4.84 4.42 3.01 4.46 7.30 8.27 6.68 6.03 4.13 2.98 6.57 7.35 2.49 0.43 2.76 3.65 3.00 7.27 6.75 6.12 7.63 0.50 6.91 6.09 6.94 2.81 4.15 7.13 6.90 
7.24 1.61 5.14 8.43 4.50 5.76 6.21 7.21 10.15 3.18 2.79 3.29 9.44 7.65 4.78 3.49 3.24 5.57 5.27 5.95 1.37 8.33 5.74 9.43 7.67 6.99 5.75 7.74 1.98 3.85 7.21 11.85 7.13 7.95 1.16 2.59 6.91 9.50 5.62 4.75 5.23 6.72 1.46 9.14 8.83 9.20 9.94 4.46 8.92 5.43 6.62 5.52 8.49 6.74 8.64 
6.48 1.64 3.39 6.66 3.49 4.04 4.74 5.46 8.39 2.60 1.54 2.45 7.71 6.42 3.06 2.89 1.87 3.80 4.45 4.25 3.01 6.56 4.01 7.73 6.40 5.26 4.51 6.56 1.65 3.02 6.44 10.10 6.14 6.52 1.47 2.21 5.96 8.04 3.85 3.09 3.54 4.99 0.95 7.76 7.37 7.52 8.45 2.70 7.49 4.81 5.92 4.45 6.72 6.08 7.28 
10.27 6.51 4.95 2.35 3.88 2.54 1.68 1.96 6.22 5.25 6.78 7.64 6.33 8.77 3.37 8.19 6.60 3.04 8.74 2.26 8.53 2.56 5.14 6.74 1.78 1.80 7.68 2.30 6.10 7.93 10.21 7.72 9.41 7.94 7.77 5.75 9.38 8.79 4.75 3.25 5.42 5.28 6.40 8.96 8.37 6.80 8.86 3.87 8.55 9.36 9.99 3.16 2.42 10.19 8.77 
5.49 2.65 2.75 6.48 4.20 4.03 5.05 5.35 7.75 3.51 0.54 1.53 7.01 5.42 3.11 2.03 0.87 3.67 3.46 4.29 3.79 6.33 3.31 6.97 6.84 5.20 3.51 7.06 2.66 2.07 5.45 9.42 5.13 5.57 1.63 3.19 4.95 7.11 3.24 3.24 2.79 4.29 1.96 6.80 6.44 6.75 7.53 2.64 6.54 3.86 4.94 5.08 6.53 5.11 6.31 
8.24 0.40 5.14 7.80 3.24 5.10 5.20 6.55 10.04 1.82 3.39 4.18 9.44 8.32 4.16 4.51 3.77 5.03 6.21 5.22 1.65 7.75 5.79 9.50 6.46 6.29 6.41 6.47 0.78 4.76 8.21 11.78 7.99 8.43 2.33 1.23 7.79 9.94 5.57 4.04 5.36 6.76 0.98 9.67 9.28 9.32 10.34 3.99 9.39 6.49 7.65 4.24 7.87 7.79 9.19 
6.54 9.71 4.94 4.83 8.97 6.01 7.45 5.31 1.27 9.55 7.31 7.31 0.79 4.33 6.47 7.56 6.85 5.68 6.52 6.15 11.30 4.59 4.30 0.58 8.82 5.59 5.13 9.32 9.49 7.04 6.48 2.06 5.56 3.14 9.10 9.66 5.72 2.61 4.51 6.77 4.78 3.32 9.12 3.14 2.72 0.83 2.33 6.35 2.84 7.05 6.74 9.02 4.78 6.88 3.37 
1.36 6.75 4.11 7.95 8.07 6.60 8.14 7.30 7.04 7.63 3.61 2.77 6.06 2.13 6.08 2.53 3.35 6.06 0.75 6.89 7.34 7.71 3.99 5.74 10.03 7.33 1.43 10.39 6.80 2.18 1.32 8.24 1.16 3.10 4.86 7.33 0.92 4.39 4.34 6.37 3.65 4.29 6.06 3.84 3.83 5.42 4.91 5.58 3.82 0.92 0.93 8.78 7.96 1.13 3.34 
8.48 8.69 4.56 1.92 7.07 4.13 5.09 2.88 2.05 8.04 7.23 7.66 2.51 6.43 4.96 8.08 6.84 4.07 7.71 4.12 10.58 1.75 4.17 3.01 6.05 3.20 6.30 6.56 8.36 7.63 8.42 3.46 7.48 5.27 8.87 8.32 7.56 5.48 4.07 5.15 4.72 3.46 8.26 5.86 5.30 3.21 5.36 5.10 5.47 8.34 8.47 6.81 1.84 8.64 5.88 
1.75 6.35 4.27 8.27 7.90 6.69 8.17 7.53 7.62 7.34 3.29 2.35 6.66 2.85 6.09 2.01 3.11 6.18 0.47 6.99 6.79 8.03 4.26 6.36 10.07 7.53 1.84 10.39 6.43 1.77 1.72 8.89 1.84 3.78 4.33 7.00 1.60 5.11 4.57 6.36 3.84 4.69 5.68 4.56 4.53 6.04 5.63 5.58 4.54 0.22 1.14 8.67 8.28 1.29 4.05 
7.39 2.58 6.01 9.45 5.51 6.80 7.27 8.24 11.00 4.14 3.47 3.72 10.25 8.09 5.81 3.77 3.93 6.58 5.53 6.99 1.33 9.34 6.57 10.20 8.70 8.02 6.24 8.76 2.98 4.21 7.37 12.67 7.42 8.52 1.67 3.55 7.19 10.06 6.49 5.80 6.04 7.54 2.51 9.66 9.40 9.96 10.53 5.48 9.47 5.57 6.75 6.53 9.51 6.85 9.15 
7.08 10.45 5.68 5.27 9.64 6.66 8.04 5.86 1.43 10.26 8.06 8.05 1.42 4.89 7.16 8.28 7.59 6.35 7.19 6.78 12.05 5.04 5.05 1.33 9.33 6.15 5.82 9.84 10.22 7.77 7.03 1.44 6.13 3.74 9.85 10.38 6.31 2.94 5.25 7.45 5.52 4.06 9.87 3.53 3.20 1.57 2.57 7.06 3.29 7.70 7.33 9.65 5.20 7.46 3.84 
4.59 5.50 0.93 4.54 5.54 3.33 4.98 3.87 4.64 5.67 2.96 3.14 3.84 3.26 3.11 3.52 2.51 2.80 3.26 3.61 6.96 4.31 0.55 3.78 6.83 3.92 2.02 7.24 5.33 3.05 4.53 6.26 3.73 2.82 4.75 5.63 3.69 4.22 0.94 3.44 0.50 1.19 4.86 4.08 3.59 3.55 4.57 2.72 3.73 3.91 4.35 6.00 4.56 4.54 3.68 
4.57 3.77 4.11 8.14 5.96 5.84 6.92 7.08 8.80 5.04 1.56 1.05 7.95 5.25 4.96 0.91 1.85 5.44 2.66 6.11 3.96 7.96 4.50 7.80 8.71 6.96 3.47 8.93 3.96 1.40 4.54 10.35 4.55 5.80 1.55 4.59 4.32 7.32 4.58 5.11 3.94 5.36 3.17 6.88 6.66 7.53 7.80 4.47 6.72 2.75 3.94 6.89 8.18 4.06 6.36 
8.74 8.60 4.62 1.61 6.86 3.98 4.83 2.66 2.43 7.88 7.28 7.75 2.88 6.72 4.84 8.19 6.89 3.96 7.89 3.94 10.52 1.47 4.28 3.38 5.72 2.97 6.50 6.23 8.26 7.75 8.67 3.80 7.74 5.58 8.87 8.19 7.81 5.83 4.14 5.01 4.82 3.64 8.19 6.21 5.64 3.57 5.72 5.02 5.81 8.53 8.70 6.56 1.53 8.88 6.21 
8.50 1.84 4.10 5.81 1.19 3.17 3.02 4.57 8.53 0.76 3.64 4.64 8.08 8.00 2.38 5.14 3.80 3.26 6.50 3.23 3.84 5.80 4.73 8.24 4.33 4.28 6.20 4.40 1.42 5.17 8.45 10.29 7.99 7.78 3.65 1.08 7.84 9.19 4.39 2.15 4.48 5.60 1.92 9.04 8.56 8.12 9.51 2.45 8.71 6.95 7.99 2.20 5.89 8.16 8.63 
6.10 2.28 4.36 8.00 4.82 5.44 6.19 6.83 9.34 3.70 1.79 2.15 8.58 6.53 4.46 2.35 2.25 5.15 4.12 5.66 2.49 7.87 4.91 8.52 7.83 6.65 4.64 7.97 2.53 2.71 6.07 11.00 5.98 6.89 0.03 3.18 5.76 8.43 4.85 4.52 4.37 5.87 1.78 8.06 7.76 8.28 8.88 4.06 7.85 4.29 5.48 5.81 8.05 5.61 7.55 
9.34 4.69 4.04 3.36 2.12 1.62 0.15 2.29 6.84 3.44 5.29 6.23 6.69 8.17 1.98 6.78 5.20 2.13 7.61 1.39 6.70 3.44 4.43 7.00 2.00 1.97 6.77 2.35 4.28 6.60 9.29 8.51 8.59 7.54 6.07 3.93 8.51 8.65 4.01 1.73 4.53 4.90 4.61 8.70 8.13 6.98 8.83 2.50 8.30 8.19 8.98 1.65 3.44 9.17 8.41 
5.16 6.09 1.31 3.84 5.73 3.14 4.80 3.34 3.80 6.06 3.79 4.03 3.05 3.52 3.19 4.41 3.35 2.65 4.05 3.39 7.67 3.59 0.67 3.06 6.58 3.45 2.70 7.02 5.88 3.94 5.09 5.46 4.23 2.77 5.56 6.10 4.23 3.96 0.94 3.52 1.18 0.33 5.49 3.95 3.40 2.87 4.23 2.92 3.56 4.69 5.00 6.04 3.84 5.19 3.64 
7.64 0.77 4.89 7.87 3.68 5.17 5.48 6.63 9.86 2.34 2.88 3.59 9.21 7.83 4.20 3.89 3.29 5.03 5.62 5.33 1.55 7.79 5.52 9.24 6.87 6.39 5.91 6.92 1.15 4.17 7.61 11.59 7.43 8.00 1.66 1.75 7.22 9.53 5.34 4.13 5.06 6.50 0.79 9.23 8.86 9.04 9.95 3.95 8.97 5.87 7.04 4.70 7.93 7.18 8.74 
3.59 9.80 5.52 7.65 10.15 7.67 9.32 7.62 4.88 10.22 6.75 6.25 4.03 1.88 7.66 6.23 6.33 7.18 4.59 7.91 10.86 7.38 4.96 3.52 11.05 7.81 3.74 11.51 9.72 5.76 3.56 5.34 2.88 1.79 8.38 10.11 3.12 1.03 5.37 8.00 5.09 4.39 9.12 0.62 1.21 3.27 1.40 7.31 1.03 4.86 4.05 10.54 7.62 4.10 0.92 
9.55 2.43 5.02 6.14 0.77 3.68 3.01 4.94 9.19 0.86 4.68 5.68 8.82 9.01 3.09 6.17 4.85 3.90 7.56 3.66 4.22 6.17 5.64 9.02 3.88 4.63 7.24 3.83 2.05 6.22 9.50 10.93 9.04 8.75 4.54 1.45 8.89 10.12 5.28 2.80 5.43 6.46 2.74 10.00 9.51 8.92 10.42 3.28 9.65 8.00 9.04 1.64 6.22 9.21 9.60 
7.76 1.79 5.74 8.93 4.73 6.24 6.58 7.70 10.75 3.33 3.40 3.87 10.05 8.24 5.26 4.04 3.86 6.08 5.82 6.41 0.78 8.84 6.34 10.03 7.94 7.46 6.35 7.97 2.20 4.42 7.74 12.45 7.69 8.56 1.72 2.74 7.47 10.10 6.21 5.21 5.84 7.32 1.86 9.75 9.44 9.81 10.55 4.98 9.53 5.94 7.13 5.74 8.99 7.25 9.24 
7.88 1.37 3.79 6.05 1.91 3.35 3.51 4.80 8.47 1.12 2.97 3.96 7.95 7.51 2.43 4.44 3.17 3.32 5.87 3.46 3.39 6.00 4.44 8.07 4.97 4.53 5.66 5.08 0.99 4.51 7.84 10.23 7.42 7.38 2.94 1.03 7.26 8.83 4.15 2.29 4.12 5.36 1.26 8.64 8.19 7.92 9.18 2.34 8.32 6.29 7.35 2.90 6.12 7.52 8.21 
8.33 2.65 6.70 9.90 5.54 7.21 7.48 8.67 11.71 4.11 4.28 4.62 10.99 9.00 6.23 4.70 4.74 7.06 6.47 7.37 0.74 9.82 7.29 10.97 8.76 8.43 7.13 8.76 3.06 5.13 8.31 13.40 8.36 9.39 2.51 3.52 8.13 10.94 7.17 6.17 6.78 8.27 2.83 10.55 10.27 10.74 11.39 5.96 10.35 6.52 7.70 6.54 9.97 7.80 10.04 
5.03 8.42 3.68 4.92 8.08 5.30 6.90 5.00 2.52 8.46 5.81 5.73 1.55 2.84 5.53 5.94 5.35 4.87 4.88 5.50 9.89 4.65 3.02 1.17 8.50 5.22 3.49 8.98 8.24 5.43 4.97 3.70 4.02 1.63 7.60 8.49 4.17 1.86 3.33 5.86 3.41 2.13 7.80 2.14 1.56 0.85 1.95 5.31 1.73 5.41 5.17 8.30 4.89 5.32 2.13 
7.20 9.06 4.42 3.49 7.97 4.97 6.28 4.08 0.60 8.71 7.01 7.21 0.74 5.04 5.57 7.54 6.57 4.72 6.80 5.06 10.79 3.25 3.85 1.25 7.53 4.38 5.36 8.04 8.79 7.04 7.14 2.35 6.19 3.83 8.77 8.88 6.31 3.75 3.94 5.83 4.39 2.90 8.53 4.20 3.68 1.50 3.59 5.54 3.83 7.39 7.30 7.92 3.43 7.45 4.30 
7.77 0.35 4.69 7.50 3.22 4.79 5.04 6.25 9.62 1.90 2.90 3.70 9.00 7.83 3.83 4.06 3.28 4.69 5.74 4.94 1.89 7.43 5.33 9.05 6.41 6.00 5.92 6.47 0.70 4.29 7.74 11.35 7.50 7.94 1.95 1.32 7.31 9.46 5.12 3.74 4.89 6.31 0.50 9.18 8.79 8.86 9.86 3.62 8.90 6.03 7.18 4.24 7.56 7.33 8.70 
2.82 5.88 2.54 6.38 6.75 5.03 6.61 5.71 5.85 6.51 2.77 2.32 4.92 2.18 4.59 2.42 2.37 4.50 1.48 5.32 6.88 6.14 2.39 4.68 8.50 5.74 0.28 8.87 5.85 1.91 2.76 7.25 2.10 2.51 4.41 6.30 2.00 4.04 2.75 4.90 2.06 2.78 5.19 3.64 3.38 4.39 4.52 4.11 3.45 2.11 2.52 7.38 6.39 2.71 3.13 
6.67 1.75 4.59 8.02 4.45 5.39 5.99 6.82 9.60 3.24 2.17 2.69 8.87 7.04 4.40 2.92 2.63 5.15 4.68 5.59 1.99 7.91 5.17 8.84 7.54 6.61 5.13 7.65 2.05 3.26 6.64 11.28 6.53 7.34 0.60 2.70 6.32 8.88 5.07 4.42 4.65 6.15 1.35 8.53 8.21 8.61 9.32 4.05 8.30 4.88 6.06 5.46 8.08 6.19 8.02 
8.89 3.27 3.88 4.56 0.88 2.13 1.58 3.36 7.66 2.02 4.37 5.37 7.34 8.03 1.73 5.90 4.39 2.42 7.00 2.08 5.27 4.59 4.43 7.58 3.01 3.05 6.41 3.17 2.86 5.82 8.84 9.39 8.25 7.60 4.84 2.49 8.13 8.89 4.03 1.40 4.35 5.14 3.25 8.83 8.30 7.50 9.14 2.09 8.46 7.53 8.45 1.24 4.64 8.63 8.47 
2.30 10.01 6.47 9.38 10.95 8.88 10.54 9.13 6.99 10.74 6.85 6.09 6.09 2.31 8.65 5.88 6.52 8.35 4.10 9.15 10.69 9.10 6.05 5.61 12.37 9.26 3.96 12.79 10.02 5.52 2.30 7.52 2.25 3.20 8.21 10.51 2.46 3.19 6.47 8.98 5.99 5.79 9.32 2.64 3.14 5.32 3.58 8.22 2.99 4.06 2.93 11.52 9.36 2.88 2.53 
9.58 1.90 5.42 6.93 1.62 4.38 3.85 5.71 9.83 0.62 4.64 5.59 9.41 9.24 3.68 6.04 4.88 4.54 7.56 4.39 3.47 6.94 6.06 9.57 4.70 5.41 7.40 4.63 1.61 6.16 9.54 11.58 9.15 9.08 4.16 0.96 8.98 10.51 5.73 3.42 5.79 6.94 2.39 10.34 9.87 9.45 10.84 3.78 10.01 7.95 9.04 2.47 7.00 9.20 9.92 
12.09 6.32 6.80 5.12 3.41 4.35 2.69 4.51 8.97 4.77 7.80 8.79 9.02 10.92 4.70 9.33 7.78 4.88 10.31 4.09 8.14 5.32 7.18 9.40 1.00 4.26 9.52 0.48 5.92 9.22 12.03 10.50 11.34 10.25 8.22 5.36 11.27 11.28 6.76 4.41 7.29 7.58 6.51 11.37 10.79 9.43 11.41 5.20 10.97 10.87 11.71 2.39 5.19 11.90 11.11 
7.30 3.32 2.27 4.12 2.36 1.43 2.33 2.88 6.52 2.78 3.10 4.03 6.06 6.40 0.45 4.58 2.99 1.31 5.47 1.62 5.28 4.04 2.84 6.23 4.18 2.66 4.79 4.48 2.98 4.41 7.25 8.27 6.63 6.00 4.07 2.97 6.52 7.33 2.47 0.49 2.72 3.64 2.96 7.24 6.73 6.11 7.61 0.47 6.88 6.04 6.89 2.85 4.18 7.08 6.87 
8.47 3.54 3.35 4.04 1.49 1.52 1.37 2.82 7.05 2.48 4.15 5.12 6.73 7.52 1.17 5.66 4.10 1.80 6.64 1.50 5.56 4.05 3.87 6.96 3.10 2.52 5.95 3.35 3.14 5.53 8.42 8.78 7.79 7.04 4.84 2.88 7.69 8.30 3.46 0.83 3.82 4.54 3.40 8.26 7.73 6.89 8.55 1.59 7.89 7.19 8.06 1.72 4.12 8.25 7.92 
10.30 6.43 4.97 2.47 3.77 2.54 1.60 2.03 6.33 5.16 6.76 7.63 6.43 8.82 3.35 8.17 6.58 3.05 8.75 2.25 8.45 2.67 5.18 6.83 1.66 1.86 7.71 2.18 6.02 7.92 10.24 7.84 9.44 8.00 7.72 5.66 9.41 8.87 4.78 3.21 5.44 5.34 6.33 9.03 8.44 6.89 8.95 3.84 8.62 9.37 10.02 3.04 2.54 10.21 8.83 
6.91 3.88 1.69 3.70 2.99 1.18 2.53 2.51 5.87 3.45 3.10 3.94 5.39 5.86 0.50 4.48 2.90 0.83 5.17 1.45 5.78 3.59 2.22 5.56 4.43 2.34 4.35 4.78 3.57 4.25 6.86 7.62 6.18 5.40 4.34 3.61 6.09 6.69 1.83 0.83 2.17 2.98 3.45 6.63 6.10 5.44 6.96 0.29 6.26 5.77 6.54 3.38 3.76 6.73 6.27 
1.84 6.99 3.59 7.15 7.91 6.08 7.70 6.61 5.98 7.67 3.84 3.20 5.00 1.21 5.71 3.14 3.48 5.54 1.54 6.37 7.85 6.89 3.31 4.66 9.57 6.68 0.90 9.96 6.98 2.68 1.78 7.16 0.97 2.03 5.35 7.45 0.92 3.40 3.71 6.03 3.10 3.42 6.30 2.89 2.80 4.35 3.91 5.25 2.81 1.96 1.76 8.53 7.15 1.93 2.37 
6.49 1.72 3.20 6.43 3.35 3.81 4.53 5.23 8.19 2.53 1.53 2.49 7.53 6.35 2.83 2.96 1.82 3.57 4.46 4.02 3.20 6.33 3.83 7.55 6.21 5.03 4.45 6.38 1.68 3.05 6.45 9.90 6.11 6.41 1.69 2.19 5.93 7.92 3.66 2.86 3.37 4.81 1.05 7.65 7.26 7.35 8.32 2.47 7.37 4.84 5.94 4.29 6.49 6.10 7.18 
5.95 2.42 2.52 5.99 3.60 3.47 4.42 4.83 7.53 3.03 1.10 2.10 6.84 5.68 2.52 2.63 1.24 3.15 3.95 3.71 3.87 5.86 3.14 6.86 6.21 4.66 3.80 6.43 2.33 2.61 5.91 9.23 5.51 5.70 2.03 2.78 5.35 7.21 2.99 2.64 2.67 4.13 1.75 6.95 6.55 6.65 7.61 2.08 6.67 4.39 5.43 4.46 6.04 5.60 6.48 
4.92 3.58 1.76 5.74 4.51 3.55 4.85 4.71 6.69 4.15 0.92 1.56 5.93 4.51 2.78 2.10 0.55 3.10 2.98 3.84 4.88 5.56 2.26 5.89 6.73 4.61 2.64 7.02 3.51 1.87 4.87 8.35 4.40 4.54 2.66 3.94 4.25 6.07 2.25 3.01 1.72 3.22 2.91 5.79 5.40 5.66 6.48 2.26 5.51 3.51 4.45 5.25 5.78 4.63 5.31 
7.79 4.11 2.50 3.29 2.52 0.59 1.64 2.05 6.04 3.33 3.91 4.79 5.70 6.66 0.50 5.34 3.75 0.77 6.06 0.74 6.10 3.25 2.95 5.93 3.54 1.79 5.21 3.90 3.74 5.12 7.73 7.78 7.04 6.11 4.96 3.63 6.96 7.32 2.53 0.47 2.99 3.55 3.81 7.31 6.76 5.86 7.55 1.00 6.92 6.66 7.43 2.68 3.36 7.62 6.98 
0.97 7.96 4.72 8.15 9.03 7.21 8.83 7.69 6.58 8.73 4.80 4.03 5.60 1.24 6.84 3.84 4.48 6.67 2.06 7.49 8.65 7.89 4.42 5.20 10.70 7.77 2.02 11.09 7.98 3.46 0.91 7.56 0.19 2.44 6.16 8.48 0.41 3.41 4.82 7.16 4.23 4.42 7.27 2.80 2.95 4.88 3.92 6.38 2.90 2.15 1.28 9.66 8.15 1.37 2.35 
8.75 5.89 3.47 1.63 3.77 1.29 1.70 0.54 5.12 4.91 5.54 6.33 5.06 7.24 2.27 6.86 5.30 1.67 7.27 1.08 7.90 1.68 3.62 5.42 3.01 0.28 6.17 3.50 5.50 6.56 8.69 6.76 7.88 6.42 6.75 5.30 7.85 7.34 3.24 2.28 3.92 3.76 5.63 7.48 6.89 5.45 7.44 2.68 7.06 7.91 8.49 3.43 1.71 8.69 7.26 
6.90 5.68 1.82 2.32 4.48 1.54 3.11 1.54 4.10 5.19 4.34 4.94 3.73 5.35 2.05 5.43 4.00 1.20 5.55 1.72 7.55 2.12 1.78 3.98 4.79 1.62 4.35 5.25 5.37 5.05 6.84 5.85 6.01 4.55 5.88 5.40 5.99 5.57 1.45 2.31 2.19 1.88 5.23 5.65 5.07 3.92 5.74 2.09 5.25 6.20 6.68 4.56 2.35 6.87 5.40 
4.46 4.02 1.75 5.85 4.97 3.83 5.21 4.89 6.52 4.62 1.10 1.40 5.72 4.05 3.12 1.89 0.64 3.35 2.55 4.12 5.22 5.66 2.14 5.63 7.10 4.82 2.17 7.41 3.96 1.56 4.41 8.14 3.92 4.13 2.90 4.41 3.77 5.67 2.22 3.38 1.58 3.05 3.34 5.37 5.00 5.39 6.09 2.61 5.10 3.10 3.99 5.69 5.89 4.18 4.88 
2.92 6.64 2.68 6.06 7.19 5.12 6.77 5.56 5.06 7.11 3.61 3.25 4.10 1.53 4.85 3.36 3.18 4.59 2.21 5.40 7.75 5.81 2.31 3.82 8.62 5.64 0.81 9.03 6.56 2.85 2.86 6.38 1.99 1.58 5.31 6.97 1.99 3.12 2.72 5.18 2.19 2.34 5.95 2.76 2.46 3.52 3.59 4.42 2.54 2.78 2.82 7.72 6.07 3.00 2.27 
8.32 7.67 3.83 0.97 5.96 3.04 3.98 1.77 2.93 6.95 6.45 6.98 3.11 6.41 3.91 7.44 6.08 3.03 7.30 3.02 9.59 0.73 3.57 3.55 5.04 2.08 5.95 5.56 7.33 7.03 8.25 4.50 7.34 5.35 8.00 7.26 7.38 5.84 3.38 4.08 4.09 3.08 7.27 6.14 5.55 3.67 5.82 4.10 5.73 7.94 8.22 5.70 0.92 8.40 6.06 
4.57 6.58 1.88 4.44 6.44 3.91 5.57 4.06 3.71 6.69 4.02 4.06 2.84 2.79 3.92 4.37 3.55 3.41 3.70 4.16 8.05 4.18 1.25 2.72 7.34 4.19 2.28 7.79 6.41 3.87 4.50 5.25 3.60 2.01 5.81 6.68 3.63 3.25 1.62 4.25 1.57 0.72 5.96 3.20 2.65 2.48 3.54 3.61 2.81 4.32 4.48 6.78 4.44 4.66 2.88 
8.11 11.02 6.31 5.18 9.96 6.95 8.19 5.97 1.42 10.70 8.81 8.88 2.01 5.91 7.56 9.15 8.35 6.71 8.14 7.03 12.71 4.99 5.71 2.14 9.31 6.28 6.75 9.82 10.77 8.64 8.05 0.43 7.14 4.74 10.60 10.87 7.32 3.97 5.85 7.83 6.22 4.72 10.47 4.57 4.23 2.43 3.57 7.53 4.32 8.67 8.34 9.87 5.11 8.47 4.87 
10.63 3.77 5.77 5.94 1.21 3.90 2.67 4.87 9.37 2.20 5.88 6.89 9.14 9.90 3.63 7.40 5.99 4.27 8.68 3.77 5.48 6.03 6.33 9.40 2.86 4.55 8.22 2.69 3.40 7.40 10.58 11.07 10.05 9.50 5.88 2.79 9.92 10.78 5.93 3.30 6.23 7.03 4.09 10.73 10.20 9.34 11.03 3.98 10.36 9.17 10.16 0.94 6.03 10.34 10.37 
8.37 4.03 3.12 3.48 2.02 1.00 1.12 2.25 6.52 3.04 4.30 5.23 6.24 7.28 0.98 5.78 4.19 1.36 6.61 0.94 6.05 3.49 3.57 6.49 3.00 1.95 5.81 3.33 3.64 5.60 8.32 8.25 7.64 6.74 5.17 3.42 7.56 7.94 3.16 0.72 3.61 4.17 3.84 7.93 7.38 6.43 8.16 1.49 7.55 7.19 7.99 2.06 3.56 8.18 7.61 
6.16 6.95 2.32 2.91 6.09 3.18 4.72 2.80 2.72 6.68 4.96 5.27 2.16 4.27 3.59 5.66 4.53 2.81 5.25 3.35 8.67 2.64 1.80 2.35 6.30 3.01 3.85 6.78 6.70 5.19 6.10 4.45 5.18 3.27 6.69 6.82 5.23 4.04 1.83 3.88 2.36 1.00 6.41 4.21 3.62 2.28 4.16 3.49 3.80 5.88 6.08 6.20 2.90 6.26 4.05 
5.01 5.73 0.96 4.05 5.50 3.06 4.73 3.44 4.20 5.76 3.39 3.64 3.44 3.51 2.99 4.03 2.94 2.54 3.77 3.33 7.29 3.81 0.31 3.44 6.54 3.52 2.48 6.97 5.53 3.57 4.94 5.86 4.11 2.89 5.16 5.78 4.09 4.18 0.69 3.33 0.78 0.73 5.12 4.11 3.58 3.24 4.48 2.67 3.74 4.42 4.81 5.87 4.06 5.00 3.77 
5.87 5.44 0.90 3.31 4.82 2.20 3.86 2.58 4.23 5.25 3.58 4.05 3.64 4.40 2.27 4.50 3.18 1.70 4.51 2.46 7.16 3.09 0.74 3.75 5.66 2.64 3.31 6.09 5.19 4.10 5.81 5.96 4.99 3.72 5.24 5.34 4.97 4.91 0.44 2.60 1.17 1.14 4.89 4.90 4.35 3.62 5.15 2.06 4.51 5.16 5.64 5.09 3.33 5.83 4.59 
8.05 9.68 5.15 3.48 8.39 5.38 6.54 4.31 0.60 9.22 7.78 8.02 1.50 5.87 6.08 8.37 7.35 5.21 7.66 5.43 11.47 3.29 4.61 1.96 7.61 4.62 6.22 8.12 9.39 7.88 7.99 1.92 7.04 4.66 9.52 9.44 7.17 4.44 4.66 6.32 5.17 3.70 9.18 4.93 4.44 2.26 4.21 6.11 4.58 8.25 8.15 8.23 3.41 8.31 5.08 
5.97 2.25 2.80 6.29 3.71 3.76 4.66 5.13 7.82 3.02 1.03 2.02 7.12 5.81 2.80 2.52 1.29 3.45 3.94 3.99 3.60 6.16 3.41 7.12 6.41 4.95 3.91 6.62 2.22 2.56 5.93 9.51 5.58 5.89 1.73 2.72 5.40 7.41 3.28 2.89 2.92 4.40 1.57 7.13 6.74 6.91 7.81 2.37 6.85 4.35 5.43 4.61 6.35 5.59 6.65 
6.57 3.05 5.69 9.37 5.89 6.79 7.45 8.19 10.63 4.61 3.04 3.08 9.83 7.39 5.81 3.04 3.49 6.51 4.77 7.01 2.18 9.24 6.20 9.74 9.01 8.01 5.59 9.11 3.41 3.52 6.56 12.25 6.66 7.90 1.35 4.03 6.42 9.43 6.18 5.85 5.66 7.15 2.79 9.00 8.77 9.48 9.91 5.42 8.84 4.76 5.93 6.90 9.42 6.03 8.48 
0.27 7.82 5.09 8.75 9.16 7.59 9.16 8.20 7.40 8.72 4.69 3.82 6.42 2.09 7.12 3.52 4.45 7.05 1.78 7.88 8.31 8.50 4.88 6.03 11.05 8.25 2.33 11.42 7.88 3.23 0.22 8.42 0.85 3.27 5.86 8.42 0.73 4.26 5.26 7.42 4.61 5.03 7.14 3.66 3.81 5.71 4.77 6.63 3.76 1.61 0.49 9.86 8.76 0.52 3.21 
3.56 9.62 5.32 7.45 9.94 7.46 9.11 7.41 4.73 10.02 6.58 6.10 3.87 1.75 7.46 6.09 6.16 6.97 4.47 7.70 10.70 7.18 4.75 3.37 10.84 7.60 3.58 11.30 9.53 5.61 3.52 5.26 2.80 1.58 8.22 9.92 3.04 0.91 5.16 7.79 4.89 4.18 8.93 0.42 1.01 3.10 1.33 7.11 0.83 4.76 3.99 10.34 7.42 4.06 0.73 
