6.08 8.92 4.15 4.39 8.24 5.31 6.79 4.72 1.47 8.78 6.53 6.57 0.50 3.89 5.72 6.83 6.07 4.95 5.88 5.46 10.51 4.12 3.51 0.21 8.24 4.98 4.46 8.74 8.70 6.32 6.02 2.75 5.08 2.68 8.33 8.88 5.22 2.55 3.73 6.02 3.99 2.53 8.33 2.98 2.46 0.28 2.43 5.58 2.61 6.44 6.23 8.33 4.34 6.37 3.09 
1.48 7.46 4.07 7.53 8.42 6.56 8.18 7.05 6.14 8.16 4.30 3.61 5.16 0.98 6.21 3.49 3.95 6.02 1.79 6.84 8.26 7.27 3.77 4.78 10.05 7.12 1.40 10.45 7.45 3.06 1.42 7.22 0.50 2.05 5.76 7.94 0.56 3.25 4.17 6.52 3.58 3.80 6.77 2.70 2.71 4.47 3.78 5.75 2.69 2.07 1.55 9.03 7.53 1.70 2.19 
8.86 8.92 4.88 1.91 7.20 4.31 5.16 2.99 2.26 8.21 7.55 8.00 2.81 6.80 5.17 8.42 7.16 4.29 8.08 4.28 10.83 1.79 4.51 3.32 6.00 3.30 6.67 6.51 8.58 7.98 8.79 3.53 7.85 5.64 9.16 8.52 7.93 5.80 4.40 5.34 5.06 3.83 8.50 6.21 5.65 3.54 5.67 5.34 5.82 8.71 8.84 6.89 1.83 9.02 6.24 
5.12 3.18 4.06 7.97 5.46 5.57 6.55 6.88 8.91 4.48 1.39 1.31 8.09 5.67 4.65 1.39 1.79 5.20 3.17 5.83 3.42 7.82 4.52 7.98 8.29 6.73 3.83 8.49 3.38 1.80 5.10 10.50 5.05 6.13 0.97 4.02 4.82 7.66 4.55 4.77 3.96 5.44 2.59 7.25 7.00 7.72 8.14 4.18 7.07 3.32 4.50 6.41 8.02 4.63 6.74 
2.86 8.79 4.64 7.20 9.25 6.91 8.58 7.02 4.92 9.26 5.72 5.21 3.98 0.87 6.82 5.19 5.31 6.40 3.59 7.17 9.82 6.93 4.13 3.52 10.35 7.17 2.71 10.80 8.72 4.72 2.81 5.71 2.00 1.04 7.35 9.12 2.22 1.47 4.54 7.15 4.19 3.70 8.10 0.87 1.08 3.22 1.98 6.44 0.99 3.90 3.21 9.71 7.18 3.30 0.43 
11.41 5.47 6.17 5.01 2.55 3.81 2.16 4.22 8.78 3.91 7.01 8.01 8.74 10.33 4.02 8.54 7.01 4.31 9.58 3.57 7.29 5.18 6.60 9.09 1.12 3.94 8.86 0.82 5.07 8.45 11.35 10.37 10.70 9.73 7.37 4.51 10.60 10.83 6.18 3.72 6.66 7.09 5.66 10.89 10.32 9.09 11.00 4.50 10.49 10.13 11.00 1.54 5.09 11.19 10.60 
5.87 5.79 1.19 3.19 5.11 2.40 4.05 2.59 3.89 5.58 3.87 4.29 3.29 4.29 2.57 4.73 3.46 1.92 4.62 2.63 7.50 2.95 0.84 3.41 5.80 2.68 3.35 6.25 5.54 4.30 5.81 5.62 4.96 3.54 5.56 5.68 4.96 4.66 0.70 2.89 1.36 0.89 5.24 4.68 4.12 3.28 4.88 2.38 4.29 5.27 5.68 5.35 3.20 5.87 4.40 
10.82 6.14 5.46 3.43 3.29 2.97 1.51 2.85 7.28 4.74 6.92 7.85 7.34 9.47 3.57 8.40 6.81 3.50 9.15 2.68 8.11 3.62 5.76 7.73 0.70 2.62 8.22 1.21 5.73 8.21 10.76 8.81 10.01 8.72 7.68 5.29 9.95 9.68 5.35 3.35 5.95 6.05 6.14 9.80 9.22 7.77 9.78 4.09 9.39 9.75 10.49 2.41 3.51 10.68 9.57 
6.29 2.27 2.53 5.77 3.22 3.19 4.07 4.59 7.50 2.72 1.48 2.49 6.85 5.93 2.22 3.01 1.59 2.91 4.30 3.42 3.89 5.65 3.17 6.89 5.83 4.40 4.07 6.06 2.13 2.99 6.25 9.22 5.82 5.89 2.27 2.52 5.66 7.38 2.98 2.31 2.74 4.15 1.65 7.15 6.72 6.70 7.76 1.81 6.85 4.76 5.78 4.08 5.83 5.96 6.69 
6.31 6.66 2.12 2.69 5.73 2.81 4.35 2.47 3.00 6.35 4.79 5.16 2.50 4.50 3.23 5.58 4.37 2.44 5.29 2.98 8.41 2.43 1.67 2.71 5.94 2.67 3.92 6.42 6.39 5.13 6.25 4.75 5.35 3.54 6.49 6.50 5.38 4.39 1.63 3.53 2.23 1.06 6.13 4.54 3.94 2.65 4.51 3.16 4.12 5.93 6.20 5.83 2.69 6.38 4.35 
8.55 5.37 3.21 2.11 3.30 0.84 1.37 0.92 5.43 4.41 5.12 5.94 5.29 7.14 1.79 6.48 4.91 1.30 6.99 0.59 7.38 2.14 3.45 5.62 2.95 0.60 5.96 3.41 4.99 6.21 8.49 7.11 7.71 6.39 6.27 4.79 7.67 7.40 3.04 1.77 3.69 3.72 5.12 7.50 6.91 5.62 7.54 2.23 7.09 7.61 8.26 3.04 2.19 8.45 7.25 
8.71 6.87 3.71 0.54 4.89 2.17 2.82 0.72 4.12 5.99 6.12 6.79 4.20 6.99 3.13 7.30 5.81 2.34 7.44 2.06 8.85 0.55 3.66 4.61 3.86 1.00 6.20 4.37 6.50 6.94 8.65 5.70 7.78 6.03 7.50 6.35 7.79 6.75 3.35 3.23 4.09 3.49 6.55 6.97 6.37 4.69 6.78 3.44 6.55 8.09 8.53 4.55 0.61 8.72 6.82 
3.84 6.88 2.39 5.20 7.01 4.62 6.28 4.83 4.07 7.13 4.07 3.92 3.13 2.02 4.53 4.14 3.61 4.10 3.19 4.88 8.20 4.94 1.83 2.89 8.08 4.95 1.76 8.51 6.74 3.62 3.78 5.46 2.85 1.35 5.85 7.07 2.91 2.77 2.25 4.87 1.97 1.49 6.22 2.60 2.12 2.60 3.15 4.18 2.26 3.78 3.80 7.42 5.20 3.97 2.22 
9.94 3.79 4.90 4.96 0.86 2.90 1.70 3.87 8.36 2.29 5.36 6.36 8.13 9.06 2.72 6.89 5.40 3.29 8.04 2.76 5.70 5.04 5.42 8.40 2.37 3.55 7.45 2.39 3.39 6.84 9.88 10.06 9.29 8.60 5.65 2.87 9.18 9.84 5.01 2.39 5.37 6.08 3.94 9.82 9.28 8.35 10.08 3.12 9.44 8.56 9.49 0.20 5.04 9.68 9.47 
1.27 8.53 5.11 8.35 9.51 7.58 9.21 7.96 6.49 9.26 5.37 4.63 5.53 1.19 7.27 4.44 5.04 7.04 2.66 7.86 9.24 8.08 4.76 5.10 11.07 8.06 2.50 11.48 8.54 4.05 1.23 7.35 0.78 2.37 6.75 9.03 1.01 3.08 5.17 7.59 4.62 4.65 7.84 2.46 2.72 4.78 3.58 6.82 2.63 2.73 1.75 10.11 8.34 1.79 2.08 
6.17 8.51 3.75 3.90 7.74 4.80 6.28 4.20 1.47 8.32 6.22 6.33 0.58 4.01 5.24 6.62 5.77 4.46 5.79 4.95 10.14 3.64 3.13 0.71 7.73 4.46 4.36 8.23 8.27 6.12 6.11 3.00 5.16 2.81 8.01 8.43 5.28 2.93 3.31 5.53 3.64 2.14 7.93 3.30 2.74 0.73 2.87 5.12 2.91 6.38 6.26 7.82 3.86 6.42 3.34 
4.60 4.10 4.68 8.72 6.44 6.43 7.48 7.67 9.30 5.46 2.15 1.56 8.43 5.52 5.53 1.26 2.44 6.02 2.83 6.69 4.01 8.54 5.05 8.27 9.25 7.55 3.83 9.46 4.33 1.78 4.58 10.83 4.71 6.15 1.80 4.97 4.47 7.65 5.15 5.68 4.49 5.89 3.55 7.18 7.01 7.99 8.14 5.05 7.05 2.79 3.96 7.39 8.76 4.06 6.66 
3.48 9.27 4.94 7.13 9.57 7.09 8.74 7.06 4.53 9.65 6.24 5.79 3.64 1.51 7.08 5.80 5.82 6.60 4.23 7.33 10.37 6.86 4.38 3.15 10.47 7.24 3.27 10.94 9.18 5.32 3.44 5.17 2.65 1.21 7.91 9.55 2.87 0.84 4.78 7.42 4.52 3.82 8.59 0.23 0.70 2.87 1.35 6.73 0.54 4.56 3.86 9.96 7.10 3.94 0.37 
3.11 5.48 2.31 6.28 6.38 4.78 6.33 5.54 6.01 6.11 2.37 1.97 5.10 2.58 4.28 2.13 1.97 4.25 1.52 5.08 6.49 6.05 2.27 4.89 8.22 5.55 0.68 8.59 5.44 1.62 3.05 7.46 2.46 2.86 4.04 5.90 2.33 4.40 2.58 4.58 1.86 2.79 4.79 4.02 3.74 4.61 4.87 3.79 3.82 2.17 2.75 7.04 6.30 2.94 3.52 
3.20 5.24 2.35 6.39 6.25 4.78 6.29 5.61 6.26 5.92 2.11 1.68 5.35 2.84 4.23 1.85 1.72 4.25 1.45 5.07 6.21 6.17 2.38 5.16 8.19 5.60 0.92 8.54 5.22 1.34 3.14 7.73 2.62 3.15 3.75 5.69 2.47 4.69 2.66 4.52 1.93 2.98 4.55 4.31 4.03 4.88 5.16 3.73 4.10 2.09 2.78 6.93 6.41 2.97 3.80 
9.03 1.00 5.71 8.03 3.07 5.35 5.20 6.78 10.51 1.63 4.15 4.96 9.96 9.06 4.48 5.31 4.51 5.36 7.00 5.44 1.88 8.00 6.36 10.05 6.26 6.50 7.15 6.21 1.14 5.55 8.99 12.26 8.76 9.11 3.11 1.15 8.56 10.62 6.11 4.30 5.97 7.32 1.69 10.37 9.96 9.88 11.00 4.39 10.08 7.28 8.44 4.02 8.10 8.59 9.90 
8.75 5.40 3.41 2.16 3.23 0.99 1.22 1.02 5.58 4.39 5.26 6.10 5.46 7.35 1.90 6.64 5.06 1.48 7.18 0.71 7.42 2.21 3.65 5.80 2.75 0.70 6.15 3.21 5.01 6.37 8.69 7.24 7.91 6.60 6.38 4.79 7.87 7.59 3.24 1.85 3.88 3.92 5.17 7.70 7.11 5.80 7.73 2.36 7.29 7.80 8.45 2.91 2.24 8.64 7.45 
6.27 4.81 0.94 3.32 4.08 1.60 3.25 2.36 4.85 4.53 3.30 3.93 4.32 4.98 1.54 4.44 2.97 1.07 4.73 1.89 6.60 3.14 1.24 4.46 5.10 2.32 3.68 5.51 4.54 4.09 6.21 6.60 5.45 4.39 4.85 4.65 5.40 5.62 0.82 1.87 1.40 1.88 4.30 5.59 5.05 4.34 5.88 1.33 5.21 5.37 5.98 4.38 3.36 6.17 5.26 
6.37 7.90 3.22 3.20 7.00 4.03 5.49 3.42 1.80 7.63 5.80 6.02 1.22 4.31 4.51 6.37 5.36 3.71 5.74 4.17 9.60 2.93 2.64 1.49 6.95 3.68 4.31 7.45 7.64 5.88 6.31 3.51 5.37 3.17 7.56 7.77 5.46 3.58 2.74 4.80 3.19 1.70 7.35 3.87 3.29 1.50 3.58 4.43 3.46 6.36 6.39 7.05 3.16 6.56 3.82 
4.50 3.64 3.59 7.62 5.62 5.36 6.48 6.58 8.32 4.80 1.08 0.61 7.47 4.97 4.49 0.75 1.34 4.94 2.51 5.63 4.10 7.45 3.99 7.34 8.29 6.46 3.13 8.52 3.78 1.10 4.47 9.89 4.37 5.43 1.60 4.38 4.15 6.97 4.07 4.65 3.43 4.87 2.99 6.55 6.31 7.08 7.44 3.99 6.37 2.72 3.89 6.53 7.67 4.03 6.03 
7.23 9.65 4.95 4.15 8.65 5.65 6.97 4.78 0.39 9.35 7.48 7.60 0.71 5.03 6.22 7.89 7.03 5.38 7.02 5.75 11.34 3.92 4.35 1.06 8.22 5.07 5.59 8.73 9.40 7.39 7.17 1.76 6.23 3.82 9.26 9.51 6.38 3.46 4.49 6.49 4.88 3.37 9.10 3.98 3.51 1.37 3.21 6.17 3.64 7.58 7.38 8.61 4.09 7.53 4.16 
8.67 6.56 3.58 0.85 4.56 1.87 2.50 0.41 4.39 5.67 5.91 6.61 4.42 7.01 2.85 7.12 5.62 2.08 7.34 1.74 8.55 0.87 3.58 4.81 3.62 0.68 6.14 4.13 6.19 6.78 8.61 5.99 7.76 6.09 7.25 6.04 7.76 6.87 3.25 2.92 3.97 3.50 6.25 7.07 6.47 4.87 6.93 3.18 6.65 7.99 8.47 4.23 0.93 8.66 6.90 
4.59 6.39 1.69 4.40 6.26 3.76 5.42 3.96 3.84 6.49 3.84 3.92 2.99 2.89 3.74 4.24 3.38 3.25 3.64 4.01 7.87 4.14 1.06 2.89 7.21 4.08 2.23 7.65 6.22 3.74 4.53 5.40 3.64 2.16 5.64 6.49 3.66 3.43 1.44 4.07 1.38 0.67 5.76 3.37 2.83 2.65 3.73 3.43 2.99 4.27 4.48 6.61 4.40 4.66 3.04 
6.79 8.73 4.04 3.52 7.75 4.76 6.14 3.98 0.98 8.43 6.61 6.78 0.56 4.64 5.30 7.11 6.16 4.47 6.36 4.87 10.43 3.27 3.46 1.02 7.48 4.26 4.92 7.99 8.47 6.61 6.73 2.68 5.78 3.44 8.38 8.58 5.90 3.48 3.57 5.58 3.99 2.50 8.18 3.89 3.34 1.21 3.36 5.24 3.50 6.95 6.87 7.74 3.46 7.03 3.95 
9.69 3.61 4.67 4.90 0.69 2.73 1.66 3.77 8.22 2.14 5.12 6.12 7.98 8.83 2.50 6.65 5.16 3.10 7.79 2.62 5.54 4.96 5.20 8.24 2.54 3.45 7.21 2.59 3.20 6.59 9.64 9.93 9.05 8.38 5.43 2.71 8.94 9.64 4.80 2.17 5.14 5.88 3.73 9.60 9.07 8.18 9.88 2.89 9.23 8.31 9.25 0.44 4.98 9.43 9.25 
9.05 8.25 4.59 0.98 6.35 3.57 4.25 2.16 3.12 7.44 7.18 7.74 3.50 7.10 4.49 8.20 6.83 3.64 8.06 3.49 10.21 0.92 4.34 3.99 5.03 2.46 6.71 5.54 7.90 7.79 8.99 4.50 8.06 6.01 8.70 7.78 8.12 6.39 4.14 4.62 4.85 3.84 7.89 6.73 6.15 4.15 6.32 4.73 6.32 8.71 8.97 5.98 0.89 9.15 6.69 
9.98 6.33 4.67 2.19 3.76 2.27 1.53 1.69 6.03 5.11 6.52 7.37 6.11 8.49 3.11 7.91 6.33 2.76 8.45 1.98 8.35 2.38 4.86 6.51 1.94 1.53 7.40 2.46 5.92 7.65 9.92 7.57 9.12 7.66 7.53 5.60 9.09 8.53 4.46 3.00 5.13 5.01 6.20 8.70 8.11 6.57 8.62 3.60 8.28 9.07 9.71 3.11 2.27 9.90 8.50 
8.26 10.50 5.88 4.37 9.28 6.27 7.44 5.21 0.87 10.09 8.46 8.62 1.77 6.05 6.94 8.93 8.01 6.08 8.08 6.33 12.25 4.18 5.31 2.09 8.50 5.53 6.65 9.01 10.22 8.43 8.20 1.02 7.27 4.85 10.23 10.29 7.42 4.33 5.40 7.19 5.85 4.35 9.98 4.89 4.47 2.41 4.01 6.95 4.59 8.64 8.43 9.13 4.29 8.57 5.12 
6.23 4.11 1.00 3.89 3.63 1.71 3.21 2.81 5.55 3.92 2.72 3.46 4.99 5.17 1.20 3.98 2.44 1.22 4.53 2.00 5.89 3.74 1.58 5.10 5.10 2.71 3.65 5.46 3.84 3.69 6.17 7.30 5.48 4.73 4.17 3.99 5.40 6.07 1.22 1.52 1.47 2.42 3.59 5.97 5.46 4.95 6.36 0.80 5.61 5.14 5.87 4.07 3.94 6.06 5.60 
4.81 3.61 1.89 5.89 4.63 3.72 5.01 4.87 6.79 4.23 0.80 1.40 6.01 4.46 2.94 1.93 0.39 3.27 2.85 4.00 4.84 5.72 2.37 5.96 6.88 4.77 2.57 7.18 3.55 1.71 4.76 8.43 4.31 4.54 2.58 4.00 4.15 6.07 2.38 3.17 1.82 3.31 2.92 5.78 5.40 5.72 6.49 2.42 5.51 3.37 4.32 5.39 5.93 4.50 5.30 
6.74 8.11 3.48 2.99 7.08 4.09 5.48 3.34 1.55 7.77 6.10 6.35 1.19 4.66 4.64 6.71 5.67 3.80 6.11 4.20 9.84 2.73 2.93 1.56 6.86 3.62 4.67 7.36 7.84 6.23 6.68 3.30 5.73 3.50 7.85 7.94 5.82 3.82 3.00 4.91 3.49 2.02 7.57 4.15 3.57 1.64 3.78 4.59 3.75 6.73 6.76 7.07 2.95 6.93 4.13 
7.60 0.48 4.49 7.35 3.20 4.65 4.95 6.11 9.43 1.92 2.71 3.53 8.81 7.64 3.68 3.90 3.08 4.53 5.57 4.80 2.04 7.28 5.13 8.85 6.37 5.87 5.72 6.44 0.72 4.12 7.56 11.16 7.32 7.74 1.85 1.37 7.12 9.26 4.93 3.60 4.69 6.11 0.31 8.98 8.59 8.66 9.66 3.45 8.71 5.87 7.01 4.22 7.42 7.16 8.50 
8.84 0.87 5.63 8.07 3.20 5.38 5.30 6.82 10.48 1.76 3.99 4.78 9.91 8.91 4.48 5.11 4.36 5.36 6.81 5.48 1.69 8.03 6.28 9.98 6.41 6.54 7.00 6.38 1.09 5.36 8.81 12.22 8.58 8.99 2.89 1.23 8.39 10.50 6.04 4.32 5.88 7.25 1.54 10.24 9.84 9.81 10.89 4.37 9.95 7.08 8.24 4.17 8.14 8.39 9.76 
6.52 7.16 2.61 2.62 6.15 3.19 4.66 2.64 2.50 6.82 5.27 5.61 2.06 4.60 3.69 6.01 4.85 2.87 5.62 3.33 8.92 2.35 2.13 2.33 6.16 2.88 4.22 6.66 6.89 5.55 6.45 4.25 5.53 3.55 6.99 6.98 5.58 4.23 2.12 3.97 2.69 1.37 6.64 4.44 3.85 2.31 4.30 3.64 4.02 6.26 6.45 6.20 2.60 6.63 4.31 
1.19 9.25 6.36 9.78 10.57 8.86 10.47 9.34 7.91 10.16 6.14 5.25 6.96 2.65 8.46 4.93 5.88 8.32 3.22 9.14 9.69 9.51 6.07 6.51 12.35 9.42 3.62 12.73 9.32 4.67 1.23 8.67 1.81 3.82 7.26 9.86 1.88 4.33 6.48 8.77 5.87 6.06 8.58 3.72 4.07 6.20 4.79 7.98 3.96 2.98 1.79 11.24 9.77 1.67 3.42 
8.26 5.37 2.94 2.05 3.45 0.70 1.64 0.80 5.19 4.49 4.94 5.74 5.02 6.83 1.69 6.27 4.71 1.08 6.73 0.54 7.37 2.03 3.15 5.34 3.26 0.53 5.67 3.72 5.00 5.98 8.20 6.88 7.41 6.08 6.16 4.84 7.38 7.09 2.75 1.73 3.41 3.41 5.08 7.19 6.60 5.33 7.24 2.08 6.78 7.36 7.98 3.26 2.12 8.17 6.93 
5.34 8.23 3.46 4.47 7.76 4.93 6.50 4.57 2.25 8.20 5.73 5.73 1.28 3.18 5.22 5.99 5.27 4.52 5.04 5.12 9.76 4.19 2.81 1.03 8.08 4.79 3.62 8.57 8.03 5.48 5.28 3.59 4.33 1.99 7.53 8.25 4.46 2.31 3.08 5.53 3.24 1.86 7.62 2.59 2.00 0.76 2.37 5.02 2.18 5.60 5.45 7.94 4.43 5.60 2.56 
7.88 0.76 4.17 6.64 2.35 3.94 4.11 5.39 8.97 1.20 2.93 3.87 8.41 7.68 3.00 4.31 3.21 3.88 5.85 4.06 2.78 6.59 4.82 8.50 5.51 5.13 5.80 5.58 0.42 4.44 7.84 10.71 7.50 7.64 2.54 0.80 7.32 9.13 4.56 2.88 4.45 5.77 0.76 8.90 8.47 8.33 9.50 2.86 8.60 6.23 7.33 3.37 6.71 7.49 8.45 
8.40 9.94 5.45 3.53 8.56 5.57 6.66 4.44 0.90 9.44 8.10 8.35 1.84 6.22 6.30 8.70 7.66 5.42 8.01 5.61 11.75 3.36 4.93 2.29 7.66 4.75 6.57 8.17 9.64 8.22 8.34 1.85 7.39 5.01 9.83 9.67 7.52 4.74 4.96 6.53 5.49 4.03 9.45 5.25 4.77 2.59 4.49 6.36 4.91 8.60 8.51 8.37 3.46 8.66 5.41 
5.68 9.05 4.27 4.89 8.53 5.65 7.18 5.16 1.93 9.00 6.52 6.47 1.02 3.47 5.99 6.70 6.06 5.27 5.62 5.82 10.57 4.63 3.62 0.53 8.69 5.41 4.24 9.18 8.85 6.18 5.62 2.95 4.69 2.27 8.32 9.06 4.84 2.01 3.89 6.30 4.05 2.67 8.44 2.45 1.95 0.27 1.89 5.81 2.09 6.15 5.86 8.67 4.85 6.00 2.59 
7.26 8.37 3.85 2.71 7.17 4.16 5.44 3.25 1.37 7.94 6.50 6.80 1.37 5.17 4.80 7.17 6.07 3.94 6.62 4.24 10.15 2.46 3.34 1.83 6.71 3.54 5.18 7.22 8.08 6.69 7.20 3.11 6.25 4.00 8.23 8.14 6.34 4.23 3.36 5.05 3.90 2.47 7.86 4.60 4.03 1.98 4.15 4.81 4.20 7.24 7.28 7.09 2.66 7.45 4.61 
1.51 9.56 6.55 9.86 10.81 9.03 10.65 9.47 7.86 10.44 6.43 5.57 6.92 2.69 8.67 5.26 6.17 8.49 3.53 9.32 10.03 9.59 6.23 6.46 12.53 9.56 3.83 12.92 9.62 4.98 1.54 8.55 2.00 3.82 7.59 10.16 2.10 4.20 6.64 8.98 6.05 6.16 8.88 3.60 4.00 6.16 4.64 8.20 3.87 3.32 2.13 11.47 9.85 2.02 3.35 
10.35 5.05 5.07 4.01 2.16 2.66 1.00 3.11 7.69 3.61 6.14 7.11 7.61 9.21 2.96 7.65 6.09 3.17 8.57 2.42 7.00 4.15 5.47 7.95 1.14 2.82 7.78 1.37 4.64 7.51 10.29 9.32 9.61 8.58 6.71 4.17 9.53 9.67 5.05 2.67 5.56 5.93 5.11 9.73 9.16 7.95 9.84 3.46 9.33 9.15 9.97 1.27 4.09 10.16 9.45 
1.63 6.52 3.83 7.69 7.79 6.31 7.85 7.03 6.86 7.37 3.37 2.57 5.90 2.12 5.80 2.37 3.10 5.78 0.62 6.60 7.17 7.45 3.71 5.58 9.75 7.05 1.17 10.11 6.56 1.99 1.58 8.11 1.29 3.00 4.68 7.09 1.07 4.36 4.06 6.09 3.37 4.04 5.84 3.83 3.77 5.27 4.87 5.30 3.78 1.00 1.22 8.50 7.70 1.41 3.31 
11.34 5.84 6.03 4.48 2.91 3.58 1.93 3.79 8.30 4.33 7.12 8.10 8.31 10.15 3.95 8.64 7.08 4.11 9.57 3.32 7.73 4.66 6.41 8.68 0.46 3.52 8.76 0.37 5.44 8.51 11.28 9.86 10.58 9.48 7.63 4.91 10.51 10.52 5.99 3.67 6.53 6.82 5.97 10.61 10.03 8.70 10.66 4.46 10.20 10.14 10.96 1.90 4.56 11.15 10.34 
5.65 9.51 4.75 5.41 9.06 6.20 7.73 5.71 2.19 9.51 6.90 6.79 1.41 3.45 6.52 6.98 6.44 5.81 5.79 6.37 10.98 5.15 4.10 0.91 9.23 5.96 4.46 9.73 9.32 6.46 5.60 2.88 4.69 2.31 8.69 9.55 4.87 1.66 4.38 6.84 4.50 3.17 8.89 2.19 1.78 0.79 1.44 6.33 1.89 6.29 5.89 9.22 5.36 6.02 2.44 
8.78 2.20 4.22 5.63 0.80 3.05 2.71 4.40 8.50 0.89 3.97 4.97 8.09 8.20 2.35 5.48 4.10 3.20 6.80 3.07 4.17 5.63 4.84 8.27 3.96 4.10 6.44 4.02 1.78 5.49 8.73 10.25 8.25 7.94 4.04 1.36 8.10 9.32 4.48 2.08 4.63 5.67 2.31 9.20 8.70 8.16 9.62 2.50 8.85 7.27 8.28 1.81 5.71 8.46 8.79 
9.22 5.02 3.88 2.89 2.56 1.39 0.40 1.83 6.40 3.84 5.37 6.28 6.28 7.95 1.98 6.82 5.23 1.92 7.54 1.11 7.04 2.97 4.22 6.60 2.11 1.52 6.63 2.53 4.62 6.61 9.16 8.06 8.43 7.27 6.27 4.31 8.37 8.33 3.80 1.79 4.37 4.61 4.89 8.41 7.83 6.59 8.49 2.49 8.00 8.15 8.88 2.12 2.97 9.08 8.13 
6.30 2.74 2.05 5.18 3.13 2.64 3.65 4.01 6.96 2.90 1.77 2.73 6.34 5.73 1.69 3.28 1.73 2.33 4.36 2.88 4.45 5.07 2.70 6.40 5.47 3.83 3.94 5.73 2.53 3.16 6.25 8.69 5.74 5.57 2.84 2.81 5.60 7.03 2.46 1.83 2.33 3.66 2.17 6.84 6.39 6.22 7.39 1.25 6.52 4.87 5.83 3.88 5.24 6.01 6.40 
8.04 5.53 2.76 1.88 3.73 0.83 1.98 0.65 4.87 4.72 4.91 5.66 4.69 6.57 1.79 6.19 4.64 1.04 6.56 0.78 7.51 1.82 2.91 5.00 3.57 0.50 5.46 4.04 5.17 5.87 7.98 6.57 7.18 5.78 6.20 5.05 7.15 6.77 2.52 1.89 3.21 3.11 5.20 6.88 6.29 4.99 6.91 2.12 6.47 7.19 7.78 3.59 1.95 7.97 6.63 
3.79 9.81 5.47 7.48 10.09 7.57 9.22 7.48 4.65 10.20 6.79 6.33 3.81 1.99 7.59 6.32 6.37 7.08 4.72 7.80 10.92 7.21 4.89 3.30 10.92 7.67 3.81 11.39 9.72 5.84 3.76 5.10 3.04 1.74 8.45 10.10 3.28 0.80 5.29 7.93 5.05 4.29 9.14 0.49 1.07 3.05 1.16 7.26 0.89 5.01 4.23 10.47 7.45 4.29 0.92 
11.69 5.68 6.45 5.21 2.78 4.08 2.42 4.45 9.00 4.12 7.28 8.28 8.98 10.61 4.30 8.81 7.29 4.59 9.86 3.84 7.47 5.38 6.88 9.33 1.19 4.17 9.14 0.79 5.28 8.72 11.63 10.58 10.98 10.00 7.62 4.71 10.89 11.10 6.46 4.00 6.94 7.36 5.89 11.16 10.58 9.34 11.26 4.78 10.75 10.41 11.28 1.78 5.29 11.47 10.87 
5.54 2.88 2.18 5.86 3.94 3.45 4.56 4.74 7.19 3.47 0.86 1.82 6.47 5.22 2.56 2.37 0.85 3.07 3.55 3.71 4.26 5.71 2.77 6.46 6.39 4.60 3.34 6.64 2.80 2.28 5.50 8.88 5.07 5.25 2.23 3.24 4.91 6.76 2.66 2.72 2.27 3.75 2.21 6.49 6.10 6.25 7.16 2.07 6.21 4.03 5.04 4.75 5.91 5.21 6.02 
3.76 4.32 3.37 7.49 6.07 5.42 6.69 6.53 7.84 5.37 1.37 0.36 6.96 4.22 4.63 0.25 1.37 4.96 1.75 5.70 4.87 7.29 3.66 6.79 8.54 6.45 2.41 8.81 4.42 0.34 3.73 9.35 3.60 4.74 2.37 5.00 3.38 6.26 3.81 4.84 3.11 4.45 3.66 5.82 5.60 6.51 6.74 4.11 5.66 2.02 3.17 6.92 7.52 3.31 5.30 
10.38 3.76 5.45 5.58 0.98 3.53 2.30 4.50 9.00 2.19 5.68 6.69 8.77 9.59 3.29 7.21 5.77 3.90 8.45 3.40 5.55 5.66 5.99 9.03 2.63 4.18 7.93 2.53 3.37 7.19 10.33 10.70 9.77 9.17 5.78 2.78 9.65 10.44 5.59 2.96 5.91 6.68 4.02 10.40 9.86 8.98 10.68 3.65 10.02 8.94 9.91 0.57 5.66 10.09 10.04 
