2.71 2.36 4.37 5.41 8.31 
11.99 7.01 9.70 7.68 7.19 
4.57 2.26 5.95 6.22 6.14 
5.31 0.82 3.50 3.16 8.14 
8.91 6.23 10.34 9.89 1.53 
1.56 4.55 6.03 7.50 9.01 
5.06 2.41 6.28 6.38 5.66 
2.76 2.49 4.76 5.74 8.02 
9.47 6.74 10.85 10.34 0.98 
5.46 1.97 6.03 5.88 5.67 
8.74 4.20 7.97 6.77 4.48 
8.04 3.04 6.05 4.54 6.72 
7.04 2.13 4.59 3.21 7.77 
1.77 4.67 6.26 7.70 8.89 
3.89 2.28 5.58 6.11 6.78 
6.37 3.27 1.99 0.82 10.45 
4.76 2.54 6.28 6.51 5.86 
4.92 4.70 8.02 8.61 5.81 
8.06 3.50 7.33 6.25 4.79 
11.79 6.78 8.91 6.72 8.32 
4.49 2.57 1.59 2.68 10.05 
11.24 6.25 8.21 6.01 8.45 
1.62 3.88 3.69 5.55 10.29 
9.44 4.50 6.43 4.36 8.16 
9.00 4.11 7.44 5.93 5.70 
8.26 3.37 5.34 3.45 8.10 
8.67 3.90 7.45 6.11 5.25 
4.16 2.20 5.68 6.09 6.54 
7.97 2.97 6.07 4.62 6.60 
7.59 3.85 7.95 7.30 3.67 
3.06 2.06 4.43 5.31 8.01 
5.08 0.63 3.55 3.37 8.07 
3.34 2.93 5.82 6.60 7.13 
8.37 5.55 9.66 9.22 2.09 
5.58 4.67 0.55 2.67 12.16 
4.84 3.88 0.46 2.73 11.36 
4.80 1.21 2.91 3.02 8.69 
6.84 3.10 7.21 6.69 4.39 
6.97 3.14 7.25 6.68 4.36 
6.35 4.19 8.14 8.12 4.09 
9.12 5.65 9.75 8.99 1.95 
0.77 5.56 6.07 7.91 10.47 
8.11 3.22 5.22 3.38 8.07 
10.32 6.82 10.90 10.01 1.30 
5.80 4.65 8.34 8.63 4.78 
9.29 4.35 7.50 5.87 6.04 
8.00 5.65 9.71 9.45 2.48 
4.81 1.78 2.34 2.64 9.26 
8.65 3.64 6.16 4.37 7.33 
1.51 3.75 5.12 6.55 8.97 
10.68 6.46 10.30 9.03 3.22 
8.56 3.62 5.72 3.81 7.92 
4.47 2.29 1.87 2.74 9.77 
10.50 7.23 11.33 10.53 0.72 
6.35 4.70 1.06 1.89 12.10 
8.83 4.23 5.11 2.85 9.38 
