1.49 4.45 3.85 5.88 10.83 
0.83 4.47 4.46 6.36 10.43 
6.86 2.73 3.24 1.58 9.37 
5.61 3.90 7.68 7.87 4.83 
8.61 4.96 9.05 8.28 2.65 
6.03 3.36 7.37 7.28 4.54 
5.95 4.59 0.68 2.20 12.05 
11.93 7.01 9.91 7.98 6.65 
2.82 2.19 3.92 4.99 8.58 
4.80 2.18 5.99 6.16 5.98 
8.25 3.90 7.83 6.82 4.20 
4.74 4.42 7.74 8.33 5.89 
6.41 1.65 3.96 2.86 8.08 
9.10 5.34 9.39 8.52 2.49 
9.88 5.09 8.48 6.92 5.25 
8.34 3.67 7.38 6.17 5.00 
7.22 2.32 4.68 3.21 7.82 
10.95 5.94 8.23 6.13 7.79 
4.80 0.66 4.63 4.63 7.03 
9.63 4.62 7.22 5.33 7.09 
3.33 3.08 2.10 3.85 10.31 
2.50 3.18 2.95 4.66 10.03 
6.58 5.03 1.31 2.09 12.44 
3.94 1.20 3.41 3.99 8.38 
9.16 5.18 9.18 8.21 2.91 
8.58 5.05 9.15 8.44 2.50 
8.50 5.56 9.67 9.18 2.00 
8.75 4.54 8.49 7.47 3.63 
7.24 3.41 7.51 6.89 4.11 
7.08 2.21 5.88 4.85 6.09 
6.34 5.59 1.49 3.05 13.07 
8.54 3.55 5.94 4.13 7.53 
4.78 2.55 6.29 6.52 5.84 
8.17 3.82 4.28 2.03 9.65 
10.21 7.30 11.42 10.79 0.23 
6.95 5.90 1.93 2.93 13.34 
5.91 3.23 7.22 7.15 4.68 
5.24 1.29 2.97 2.73 8.68 
10.19 5.92 9.76 8.52 3.35 
4.48 1.37 2.78 3.17 8.84 
1.18 4.58 5.78 7.35 9.34 
2.37 2.77 4.63 5.79 8.42 
7.65 4.45 2.79 0.51 11.28 
3.27 2.39 5.20 5.97 7.41 
0.78 4.37 4.55 6.39 10.25 
10.66 5.74 8.79 7.00 6.10 
7.11 4.77 8.80 8.64 3.33 
9.79 4.91 6.50 4.30 8.69 
6.61 4.82 8.72 8.76 3.88 
1.77 5.52 6.81 8.40 9.55 
11.40 6.47 9.41 7.52 6.45 
6.36 1.87 5.91 5.29 5.73 
3.84 4.06 7.04 7.83 6.70 
9.71 4.89 6.25 4.00 9.01 
2.96 3.16 2.45 4.21 10.25 
2.28 3.96 6.02 7.23 8.19 
5.83 3.28 1.35 1.35 10.65 
7.02 2.18 5.90 4.92 6.02 
0.85 4.21 4.97 6.64 9.68 
10.45 6.47 10.43 9.31 2.50 
3.38 4.08 1.98 4.21 11.29 
0.93 5.14 6.03 7.74 9.88 
2.52 2.90 3.12 4.68 9.69 
1.56 6.12 6.85 8.66 10.49 
9.29 4.58 8.13 6.72 4.95 
10.08 5.07 7.66 5.73 7.11 
1.07 3.95 4.52 6.20 9.77 
6.47 3.26 7.36 7.06 4.33 
1.69 4.08 5.70 7.08 8.76 
4.40 2.96 1.29 2.78 10.43 
10.44 7.35 11.46 10.73 0.33 
2.67 4.49 2.83 5.05 11.42 
7.30 6.02 2.18 2.80 13.40 
4.45 1.33 2.83 3.22 8.80 
4.69 2.45 1.67 2.50 9.94 
7.57 4.44 2.67 0.47 11.33 
4.98 0.84 3.31 3.21 8.30 
7.51 4.39 8.50 8.06 3.16 
2.53 2.56 4.46 5.57 8.39 
3.23 1.98 4.58 5.37 7.79 
4.32 1.69 5.30 5.60 6.67 
5.26 1.72 2.54 2.38 9.12 
8.38 5.52 9.63 9.17 2.09 
7.04 3.09 3.12 1.23 9.74 
6.77 1.89 4.36 3.09 7.85 
4.71 1.93 5.73 5.90 6.19 
7.30 3.55 7.66 7.06 3.95 
8.79 4.02 5.40 3.26 8.81 
7.45 2.81 6.66 5.67 5.29 
12.02 7.03 9.59 7.54 7.47 
4.66 4.84 1.28 3.71 12.26 
5.19 2.30 1.92 2.09 9.74 
7.96 2.96 5.99 4.52 6.71 
6.64 1.88 5.76 4.94 6.01 
6.45 1.44 4.95 4.05 6.90 
10.73 5.73 7.95 5.84 7.87 
2.99 2.28 4.74 5.63 7.86 
2.47 5.33 7.15 8.54 8.74 
8.13 5.81 9.86 9.61 2.37 
10.27 6.26 10.22 9.10 2.60 
