10.65 4.97 5.41 4.48 2.04 3.06 1.43 3.59 8.16 3.47 6.30 7.29 8.08 9.57 3.26 7.83 6.29 3.56 8.83 2.83 6.88 4.62 5.84 8.40 1.19 3.29 8.10 1.23 4.56 7.72 10.59 9.79 9.93 8.97 6.76 4.05 9.84 10.10 5.42 2.95 5.90 6.34 5.09 10.14 9.57 8.40 10.27 3.74 9.74 9.39 10.25 1.05 4.56 10.44 9.84 
8.66 1.32 4.56 6.48 1.63 3.83 3.65 5.23 9.14 0.34 3.72 4.69 8.66 8.32 3.01 5.14 3.95 3.89 6.63 3.89 3.24 6.46 5.21 8.80 4.85 4.95 6.47 4.87 0.92 5.25 8.61 10.89 8.22 8.19 3.40 0.42 8.05 9.63 4.90 2.80 4.91 6.12 1.60 9.45 8.99 8.66 9.97 3.02 9.13 7.04 8.12 2.64 6.55 8.28 9.01 
9.30 2.15 4.86 6.17 0.90 3.65 3.12 4.96 9.13 0.59 4.42 5.41 8.73 8.80 3.00 5.89 4.60 3.83 7.30 3.65 3.98 6.19 5.48 8.92 4.09 4.65 7.01 4.07 1.77 5.95 9.25 10.88 8.80 8.57 4.25 1.18 8.65 9.96 5.13 2.72 5.26 6.32 2.46 9.83 9.34 8.81 10.27 3.15 9.48 7.74 8.79 1.85 6.25 8.96 9.42 
6.87 9.97 5.21 4.85 9.15 6.18 7.57 5.41 1.11 9.78 7.62 7.64 0.94 4.67 6.67 7.89 7.16 5.87 6.86 6.30 11.59 4.61 4.58 0.89 8.88 5.69 5.47 9.39 9.74 7.38 6.82 1.71 5.90 3.48 9.41 9.90 6.06 2.88 4.78 6.96 5.07 3.59 9.40 3.44 3.03 1.16 2.57 6.58 3.15 7.39 7.08 9.17 4.79 7.22 3.69 
1.85 9.71 6.35 9.43 10.76 8.79 10.44 9.12 7.23 10.49 6.55 5.75 6.30 2.27 8.51 5.51 6.24 8.26 3.73 9.07 10.32 9.16 5.97 5.83 12.29 9.24 3.74 12.70 9.73 5.17 1.86 7.84 1.95 3.29 7.84 10.24 2.13 3.49 6.38 8.83 5.86 5.78 9.02 2.91 3.35 5.53 3.91 8.06 3.22 3.64 2.49 11.36 9.42 2.43 2.71 
5.72 3.29 5.07 8.91 5.93 6.43 7.27 7.78 9.93 4.78 2.39 2.26 9.11 6.53 5.48 2.18 2.81 6.10 3.90 6.67 2.90 8.77 5.54 8.99 8.93 7.62 4.75 9.08 3.59 2.67 5.70 11.52 5.79 7.07 1.09 4.24 5.55 8.59 5.56 5.56 4.98 6.46 2.86 8.15 7.93 8.73 9.07 5.04 8.00 3.90 5.08 6.93 8.97 5.18 7.63 
2.32 6.46 3.05 6.73 7.34 5.55 7.15 6.14 5.85 7.11 3.33 2.77 4.89 1.63 5.15 2.78 2.95 5.01 1.44 5.84 7.39 6.48 2.82 4.60 9.03 6.19 0.33 9.42 6.44 2.29 2.26 7.14 1.52 2.16 4.91 6.90 1.44 3.64 3.20 5.46 2.56 3.04 5.77 3.19 3.00 4.29 4.14 4.68 3.05 1.99 2.11 7.96 6.73 2.30 2.67 
5.85 10.31 5.57 6.19 9.92 7.06 8.59 6.54 2.68 10.35 7.61 7.43 2.12 3.72 7.38 7.58 7.16 6.67 6.26 7.23 11.73 5.93 4.92 1.67 10.07 6.80 5.01 10.57 10.13 7.06 5.80 2.83 4.95 2.72 9.40 10.38 5.15 1.56 5.22 7.69 5.29 4.01 9.68 2.17 1.98 1.62 1.11 7.18 2.02 6.70 6.17 10.08 6.13 6.28 2.56 
9.37 3.97 4.20 4.18 1.26 2.07 0.98 3.05 7.53 2.63 5.00 5.99 7.30 8.38 2.02 6.53 4.98 2.49 7.53 1.93 5.96 4.25 4.69 7.58 2.30 2.74 6.84 2.49 3.55 6.41 9.32 9.23 8.68 7.86 5.55 3.15 8.58 9.07 4.28 1.70 4.69 5.30 3.97 9.06 8.51 7.53 9.29 2.48 8.68 8.09 8.96 0.95 4.26 9.15 8.73 
2.90 7.27 3.15 6.19 7.73 5.51 7.17 5.81 4.75 7.71 4.25 3.87 3.78 1.06 5.33 3.95 3.82 4.99 2.64 5.78 8.40 5.92 2.69 3.44 9.00 5.92 1.37 9.42 7.19 3.45 2.84 5.96 1.90 0.96 5.95 7.58 1.99 2.49 3.11 5.66 2.68 2.48 6.59 2.12 1.83 3.13 2.96 4.93 1.90 3.15 2.94 8.22 6.18 3.10 1.63 
8.02 10.73 6.04 4.86 9.64 6.63 7.87 5.65 1.10 10.40 8.56 8.66 1.76 5.81 7.25 8.94 8.11 6.40 7.98 6.71 12.43 4.66 5.44 1.95 8.99 5.95 6.57 9.50 10.47 8.43 7.96 0.67 7.05 4.63 10.34 10.57 7.21 3.96 5.58 7.52 5.96 4.46 10.19 4.54 4.17 2.26 3.59 7.23 4.27 8.52 8.23 9.54 4.79 8.37 4.82 
8.65 7.96 4.19 0.94 6.17 3.31 4.13 1.96 2.95 7.21 6.80 7.34 3.24 6.71 4.20 7.80 6.44 3.34 7.65 3.26 9.91 0.77 3.93 3.71 5.07 2.27 6.29 5.58 7.62 7.39 8.58 4.44 7.66 5.63 8.35 7.53 7.71 6.06 3.74 4.36 4.45 3.43 7.58 6.38 5.80 3.85 6.01 4.42 5.97 8.30 8.56 5.86 0.87 8.74 6.33 
5.91 6.25 1.61 3.08 5.52 2.71 4.33 2.67 3.43 6.03 4.27 4.63 2.83 4.19 2.98 5.05 3.85 2.28 4.80 2.93 7.96 2.83 1.14 2.96 6.03 2.81 3.46 6.49 6.00 4.60 5.84 5.15 4.96 3.33 5.99 6.15 4.98 4.34 1.13 3.30 1.70 0.68 5.70 4.42 3.84 2.85 4.53 2.83 4.01 5.44 5.76 5.71 3.09 5.95 4.18 
5.89 10.23 5.49 6.05 9.82 6.95 8.47 6.42 2.54 10.25 7.56 7.39 1.98 3.75 7.28 7.55 7.10 6.56 6.26 7.12 11.67 5.80 4.83 1.54 9.94 6.67 4.99 10.44 10.05 7.04 5.84 2.74 4.98 2.72 9.35 10.30 5.18 1.62 5.13 7.59 5.22 3.91 9.61 2.23 2.00 1.50 1.20 7.08 2.06 6.71 6.20 9.97 6.00 6.31 2.61 
8.60 10.64 6.07 4.29 9.32 6.33 7.43 5.21 1.13 10.18 8.68 8.87 2.08 6.39 7.04 9.20 8.24 6.16 8.38 6.37 12.41 4.13 5.52 2.43 8.41 5.52 6.95 8.93 10.35 8.70 8.54 1.12 7.60 5.19 10.43 10.40 7.75 4.69 5.59 7.27 6.06 4.57 10.13 5.25 4.82 2.75 4.37 7.07 4.95 8.95 8.76 9.14 4.22 8.91 5.48 
7.10 6.53 2.43 1.89 5.24 2.23 3.64 1.63 3.31 6.02 5.06 5.58 3.04 5.34 2.87 6.03 4.69 2.00 5.95 2.34 8.39 1.64 2.18 3.35 5.14 1.85 4.64 5.63 6.22 5.62 7.04 5.05 6.15 4.40 6.66 6.24 6.17 5.22 1.97 3.12 2.69 1.85 6.07 5.39 4.79 3.34 5.31 2.94 4.97 6.59 6.95 5.21 1.89 7.14 5.21 
8.67 2.92 7.07 10.23 5.76 7.54 7.75 8.99 12.08 4.32 4.66 4.99 11.37 9.37 6.56 5.06 5.12 7.39 6.82 7.69 0.92 10.15 7.66 11.34 8.98 8.75 7.51 8.97 3.33 5.50 8.65 13.77 8.72 9.77 2.88 3.75 8.48 11.31 7.54 6.49 7.15 8.65 3.15 10.93 10.65 11.12 11.77 6.30 10.73 6.86 8.03 6.75 10.30 8.13 10.42 
8.82 7.05 3.87 0.35 5.05 2.35 2.96 0.90 4.05 6.17 6.29 6.96 4.17 7.07 3.32 7.46 5.99 2.53 7.58 2.24 9.04 0.41 3.79 4.60 3.92 1.18 6.33 4.44 6.68 7.10 8.76 5.61 7.88 6.10 7.69 6.53 7.90 6.77 3.50 3.41 4.23 3.59 6.73 7.01 6.42 4.69 6.80 3.63 6.59 8.23 8.65 4.69 0.43 8.84 6.88 
6.37 8.97 4.22 4.17 8.19 5.23 6.67 4.56 1.18 8.78 6.66 6.74 0.20 4.18 5.69 7.02 6.21 4.90 6.12 5.37 10.60 3.91 3.59 0.36 8.08 4.83 4.70 8.58 8.74 6.51 6.31 2.57 5.37 2.97 8.45 8.90 5.51 2.84 3.78 5.98 4.09 2.60 8.40 3.28 2.76 0.58 2.70 5.58 2.92 6.69 6.51 8.24 4.11 6.65 3.39 
6.52 9.95 5.17 5.13 9.25 6.30 7.74 5.61 1.50 9.81 7.50 7.47 1.08 4.32 6.74 7.69 7.03 5.96 6.60 6.44 11.51 4.88 4.53 0.82 9.11 5.89 5.23 9.62 9.73 7.18 6.47 2.01 5.56 3.16 9.29 9.91 5.73 2.48 4.76 7.04 4.99 3.55 9.35 3.04 2.66 1.01 2.16 6.61 2.76 7.11 6.76 9.31 5.07 6.88 3.31 
4.83 5.84 1.10 4.21 5.68 3.26 4.93 3.63 4.19 5.91 3.41 3.61 3.40 3.31 3.18 3.98 2.96 2.74 3.64 3.53 7.36 3.96 0.48 3.36 6.74 3.71 2.32 7.17 5.65 3.51 4.76 5.82 3.92 2.70 5.19 5.91 3.91 4.01 0.88 3.51 0.84 0.72 5.22 3.93 3.40 3.15 4.32 2.85 3.56 4.28 4.64 6.06 4.22 4.83 3.58 
8.13 1.65 5.90 8.95 4.55 6.25 6.48 7.71 10.90 3.13 3.67 4.20 10.22 8.55 5.28 4.39 4.11 6.12 6.17 6.40 0.49 8.87 6.52 10.23 7.77 7.46 6.65 7.78 2.06 4.76 8.10 12.61 8.03 8.84 2.06 2.54 7.81 10.38 6.37 5.20 6.03 7.51 1.87 10.04 9.71 10.02 10.81 5.03 9.80 6.31 7.50 5.56 9.01 7.62 9.53 
5.62 6.13 1.41 3.38 5.55 2.83 4.47 2.91 3.60 5.98 4.03 4.36 2.94 3.94 3.00 4.76 3.60 2.36 4.49 3.06 7.79 3.13 0.87 3.03 6.21 3.03 3.16 6.66 5.89 4.31 5.55 5.31 4.68 3.13 5.77 6.07 4.69 4.22 0.94 3.32 1.43 0.46 5.56 4.26 3.69 2.88 4.44 2.79 3.86 5.14 5.46 5.78 3.38 5.65 3.99 
8.80 1.41 6.10 8.80 4.05 6.10 6.12 7.55 11.03 2.60 4.13 4.79 10.42 9.08 5.17 5.04 4.55 6.04 6.80 6.22 0.86 8.75 6.74 10.46 7.26 7.29 7.16 7.23 1.77 5.37 8.77 12.77 8.64 9.26 2.72 2.06 8.43 10.80 6.54 5.04 6.29 7.72 1.92 10.49 10.13 10.27 11.21 5.00 10.24 7.00 8.18 5.02 8.87 8.31 10.00 
6.25 2.19 4.49 8.08 4.79 5.50 6.21 6.90 9.47 3.64 1.93 2.31 8.72 6.69 4.52 2.50 2.40 5.22 4.28 5.72 2.33 7.95 5.04 8.66 7.83 6.71 4.80 7.96 2.46 2.87 6.22 11.13 6.14 7.04 0.17 3.11 5.92 8.59 4.97 4.57 4.50 6.01 1.72 8.21 7.92 8.42 9.04 4.13 8.00 4.44 5.63 5.79 8.13 5.76 7.71 
8.33 9.63 5.19 3.19 8.22 5.23 6.31 4.09 1.00 9.10 7.84 8.13 1.83 6.17 5.97 8.50 7.42 5.09 7.86 5.26 11.45 3.01 4.68 2.32 7.31 4.40 6.42 7.83 9.33 8.02 8.27 2.19 7.32 4.97 9.56 9.34 7.44 4.81 4.69 6.20 5.24 3.80 9.14 5.29 4.79 2.60 4.59 6.04 4.94 8.47 8.42 8.02 3.11 8.58 5.42 
5.39 3.74 1.13 4.95 4.10 2.79 4.16 3.92 6.14 3.99 1.66 2.35 5.44 4.66 2.08 2.88 1.34 2.32 3.56 3.07 5.28 4.79 1.74 5.45 6.05 3.82 2.92 6.38 3.57 2.60 5.34 7.84 4.75 4.48 3.27 3.89 4.63 5.95 1.61 2.34 1.28 2.72 3.11 5.75 5.30 5.25 6.32 1.56 5.43 4.14 4.97 4.74 5.00 5.16 5.31 
7.76 8.84 4.38 2.73 7.51 4.51 5.68 3.46 1.15 8.35 7.05 7.35 1.54 5.64 5.21 7.73 6.62 4.33 7.16 4.56 10.65 2.51 3.89 2.04 6.83 3.77 5.73 7.34 8.54 7.25 7.69 2.78 6.75 4.45 8.76 8.57 6.85 4.53 3.89 5.45 4.45 3.03 8.35 4.95 4.40 2.26 4.39 5.26 4.56 7.78 7.80 7.37 2.66 7.96 5.00 
2.84 5.24 3.30 7.40 6.71 5.63 7.05 6.56 7.27 6.17 2.12 1.25 6.34 3.25 4.96 1.10 1.92 5.12 0.80 5.92 5.87 7.18 3.41 6.12 8.94 6.53 1.55 9.25 5.30 0.67 2.80 8.69 2.60 3.86 3.37 5.85 2.39 5.35 3.66 5.22 2.93 4.04 4.55 4.89 4.71 5.83 5.85 4.45 4.76 1.27 2.28 7.49 7.43 2.45 4.37 
7.06 1.27 4.61 7.85 4.03 5.18 5.67 6.63 9.62 2.78 2.39 3.03 8.93 7.32 4.20 3.31 2.82 4.99 5.05 5.37 1.80 7.75 5.22 8.92 7.17 6.41 5.41 7.26 1.58 3.61 7.03 11.32 6.88 7.55 1.06 2.23 6.67 9.09 5.08 4.18 4.73 6.21 0.94 8.76 8.42 8.71 9.52 3.89 8.52 5.28 6.45 5.05 7.91 6.59 8.27 
3.26 8.84 4.55 6.90 9.17 6.74 8.40 6.77 4.51 9.24 5.82 5.38 3.58 1.17 6.70 5.40 5.40 6.24 3.86 6.99 9.95 6.62 4.00 3.11 10.15 6.94 2.86 10.60 8.75 4.91 3.21 5.29 2.37 0.82 7.49 9.14 2.58 1.10 4.41 7.04 4.12 3.48 8.16 0.57 0.66 2.81 1.62 6.34 0.57 4.22 3.59 9.59 6.87 3.69 0.05 
11.32 6.07 5.99 4.21 3.14 3.51 1.89 3.59 8.05 4.58 7.21 8.17 8.10 10.07 3.96 8.71 7.14 4.04 9.59 3.23 7.98 4.40 6.34 8.47 0.12 3.34 8.74 0.44 5.66 8.56 11.26 9.59 10.54 9.37 7.79 5.15 10.48 10.37 5.92 3.70 6.48 6.70 6.16 10.48 9.89 8.51 10.50 4.47 10.07 10.17 10.96 2.15 4.29 11.15 10.22 
7.83 11.16 6.41 5.59 10.23 7.23 8.53 6.32 1.74 10.91 8.83 8.84 2.10 5.65 7.79 9.08 8.37 6.96 7.99 7.32 12.80 5.39 5.79 2.10 9.71 6.62 6.62 10.22 10.92 8.57 7.78 0.78 6.89 4.52 10.63 11.06 7.07 3.61 5.97 8.07 6.28 4.80 10.59 4.22 3.93 2.36 3.18 7.72 4.01 8.50 8.10 10.18 5.53 8.22 4.56 
2.95 6.72 2.71 6.04 7.25 5.15 6.79 5.56 4.98 7.19 3.70 3.35 4.02 1.47 4.89 3.46 3.27 4.61 2.30 5.42 7.85 5.78 2.32 3.73 8.64 5.65 0.91 9.06 6.64 2.95 2.88 6.29 2.00 1.48 5.41 7.05 2.02 3.02 2.74 5.22 2.23 2.31 6.04 2.67 2.36 3.43 3.49 4.47 2.44 2.86 2.87 7.77 6.04 3.04 2.18 
5.21 3.46 4.65 8.58 5.93 6.17 7.11 7.48 9.45 4.87 1.99 1.74 8.61 5.98 5.24 1.64 2.37 5.81 3.36 6.42 3.34 8.42 5.09 8.48 8.83 7.34 4.20 9.01 3.71 2.13 5.19 11.03 5.26 6.53 1.16 4.36 5.02 8.05 5.14 5.35 4.53 5.99 2.95 7.61 7.39 8.22 8.53 4.78 7.45 3.39 4.58 6.90 8.63 4.68 7.09 
5.17 9.61 4.90 5.96 9.35 6.56 8.13 6.17 2.82 9.70 6.86 6.66 2.03 3.01 6.80 6.80 6.41 6.13 5.50 6.75 10.99 5.69 4.25 1.53 9.69 6.41 4.24 10.19 9.44 6.29 5.12 3.38 4.24 1.96 8.64 9.71 4.44 1.04 4.58 7.12 4.60 3.39 8.97 1.60 1.27 1.34 0.83 6.56 1.35 5.95 5.46 9.56 5.91 5.57 1.90 
5.92 2.23 2.94 6.46 3.83 3.93 4.83 5.30 7.95 3.09 0.97 1.93 7.24 5.83 2.97 2.41 1.28 3.62 3.89 4.17 3.49 6.34 3.53 7.23 6.57 5.13 3.92 6.78 2.23 2.49 5.88 9.64 5.56 5.94 1.55 2.76 5.38 7.47 3.42 3.07 3.03 4.52 1.54 7.18 6.80 7.02 7.88 2.54 6.91 4.28 5.37 4.74 6.52 5.54 6.69 
7.93 3.36 2.84 4.07 1.84 1.39 1.80 2.82 6.81 2.53 3.63 4.59 6.42 7.00 0.71 5.14 3.57 1.51 6.09 1.48 5.37 4.04 3.39 6.63 3.61 2.55 5.41 3.88 2.98 4.99 7.87 8.56 7.25 6.56 4.44 2.83 7.15 7.86 3.00 0.40 3.31 4.12 3.12 7.80 7.27 6.53 8.12 1.06 7.43 6.64 7.51 2.24 4.14 7.70 7.43 
6.71 2.61 2.27 5.04 2.71 2.41 3.29 3.83 7.05 2.57 2.16 3.14 6.47 6.10 1.43 3.68 2.14 2.17 4.78 2.63 4.45 4.94 2.92 6.57 5.09 3.63 4.33 5.33 2.35 3.58 6.66 8.79 6.14 5.89 3.06 2.55 6.01 7.32 2.63 1.50 2.60 3.85 2.12 7.15 6.69 6.41 7.66 1.07 6.82 5.30 6.25 3.46 5.10 6.43 6.73 
8.79 0.73 5.40 7.74 2.86 5.05 4.95 6.49 10.20 1.42 3.89 4.72 9.64 8.77 4.17 5.09 4.23 5.05 6.76 5.15 2.00 7.71 6.05 9.73 6.08 6.21 6.87 6.05 0.82 5.31 8.75 11.95 8.49 8.81 2.94 0.88 8.30 10.31 5.79 4.00 5.66 7.01 1.42 10.07 9.65 9.57 10.70 4.08 9.78 7.05 8.20 3.84 7.81 8.35 9.60 
7.29 9.96 5.24 4.46 8.98 5.98 7.30 5.11 0.61 9.67 7.73 7.83 0.93 5.09 6.55 8.11 7.28 5.71 7.17 6.08 11.63 4.24 4.63 1.15 8.54 5.40 5.76 9.05 9.71 7.60 7.24 1.49 6.31 3.89 9.52 9.83 6.46 3.40 4.78 6.82 5.14 3.65 9.40 3.94 3.51 1.46 3.11 6.49 3.63 7.72 7.48 8.94 4.40 7.62 4.16 
5.75 2.56 4.19 7.92 4.98 5.41 6.25 6.78 9.14 3.93 1.55 1.82 8.35 6.21 4.45 2.00 2.01 5.09 3.78 5.65 2.83 7.78 4.71 8.28 7.93 6.61 4.33 8.09 2.79 2.37 5.73 10.77 5.64 6.59 0.33 3.43 5.42 8.13 4.68 4.53 4.16 5.66 2.01 7.74 7.46 8.03 8.59 4.02 7.54 3.95 5.14 5.96 7.98 5.27 7.23 
7.34 9.87 5.16 4.31 8.86 5.85 7.17 4.96 0.46 9.56 7.68 7.79 0.89 5.14 6.43 8.08 7.23 5.59 7.18 5.95 11.55 4.09 4.56 1.17 8.39 5.26 5.75 8.90 9.61 7.57 7.28 1.55 6.35 3.93 9.46 9.72 6.50 3.50 4.70 6.70 5.08 3.58 9.32 4.03 3.58 1.49 3.22 6.38 3.71 7.73 7.51 8.81 4.24 7.65 4.23 
5.30 2.82 2.76 6.56 4.40 4.16 5.21 5.45 7.73 3.71 0.35 1.32 6.97 5.27 3.25 1.83 0.72 3.78 3.27 4.42 3.89 6.41 3.29 6.92 7.01 5.31 3.35 7.25 2.84 1.87 5.26 9.38 4.95 5.45 1.63 3.38 4.76 6.99 3.25 3.40 2.75 4.26 2.13 6.66 6.32 6.69 7.42 2.77 6.42 3.66 4.74 5.27 6.61 4.91 6.17 
0.52 7.55 4.97 8.72 8.95 7.46 9.02 8.12 7.50 8.48 4.44 3.55 6.52 2.25 6.97 3.23 4.21 6.93 1.52 7.75 8.01 8.46 4.80 6.15 10.91 8.16 2.23 11.27 7.62 2.96 0.49 8.57 1.02 3.40 5.56 8.17 0.83 4.47 5.17 7.26 4.49 5.01 6.87 3.87 3.99 5.83 4.99 6.47 3.95 1.31 0.21 9.67 8.72 0.33 3.41 
6.28 2.09 4.41 7.98 4.67 5.39 6.09 6.80 9.40 3.53 1.89 2.32 8.65 6.68 4.41 2.53 2.35 5.12 4.30 5.61 2.33 7.85 4.97 8.60 7.71 6.61 4.79 7.84 2.36 2.88 6.25 11.07 6.15 7.02 0.21 3.01 5.94 8.56 4.90 4.46 4.44 5.94 1.61 8.19 7.89 8.37 9.01 4.02 7.98 4.48 5.66 5.67 8.03 5.79 7.69 
2.73 8.96 4.89 7.49 9.49 7.18 8.84 7.30 5.17 9.46 5.87 5.32 4.24 0.94 7.06 5.27 5.46 6.66 3.63 7.44 9.95 7.21 4.38 3.77 10.63 7.45 2.84 11.07 8.90 4.81 2.69 5.90 1.93 1.32 7.46 9.32 2.17 1.60 4.80 7.40 4.43 3.98 8.27 0.98 1.30 3.47 2.10 6.68 1.19 3.89 3.13 9.95 7.47 3.20 0.65 
7.80 1.94 3.39 5.47 1.70 2.77 3.01 4.23 7.96 1.42 3.00 4.01 7.46 7.27 1.87 4.52 3.12 2.76 5.82 2.89 3.95 5.43 4.03 7.60 4.57 3.96 5.48 4.72 1.56 4.52 7.75 9.71 7.27 7.06 3.28 1.52 7.13 8.48 3.71 1.72 3.76 4.93 1.75 8.32 7.85 7.46 8.81 1.83 7.99 6.29 7.30 2.61 5.55 7.48 7.90 
0.66 7.41 4.88 8.65 8.83 7.37 8.91 8.04 7.50 8.35 4.31 3.41 6.52 2.29 6.86 3.09 4.08 6.83 1.39 7.66 7.87 8.40 4.72 6.15 10.81 8.08 2.15 11.17 7.48 2.82 0.63 8.59 1.07 3.42 5.43 8.04 0.86 4.53 5.09 7.15 4.40 4.95 6.73 3.94 4.03 5.83 5.05 6.36 4.00 1.17 0.19 9.55 8.66 0.37 3.47 
2.54 9.99 6.26 9.02 10.80 8.63 10.29 8.82 6.54 10.65 6.83 6.12 5.65 2.09 8.45 5.95 6.48 8.11 4.18 8.90 10.75 8.74 5.81 5.16 12.10 8.96 3.87 12.54 9.98 5.56 2.53 7.04 2.29 2.85 8.26 10.45 2.52 2.72 6.23 8.78 5.78 5.48 9.30 2.18 2.70 4.88 3.10 8.03 2.54 4.21 3.14 11.33 8.99 3.12 2.11 
5.32 6.33 1.56 3.67 5.87 3.19 4.84 3.26 3.51 6.26 4.08 4.31 2.78 3.59 3.32 4.69 3.63 2.72 4.28 3.43 7.94 3.41 0.93 2.81 6.58 3.40 2.91 7.03 6.11 4.22 5.25 5.18 4.37 2.76 5.84 6.31 4.39 3.86 1.14 3.65 1.46 0.09 5.74 3.89 3.32 2.63 4.10 3.09 3.49 4.92 5.19 6.13 3.67 5.37 3.62 
7.62 10.73 5.99 5.18 9.78 6.78 8.09 5.88 1.31 10.47 8.43 8.47 1.66 5.42 7.34 8.72 7.97 6.51 7.68 6.88 12.38 4.97 5.37 1.71 9.29 6.18 6.30 9.80 10.48 8.21 7.57 0.91 6.66 4.26 10.23 10.61 6.83 3.49 5.54 7.62 5.87 4.38 10.16 4.08 3.74 1.99 3.10 7.28 3.83 8.21 7.86 9.73 5.11 7.99 4.38 
9.04 2.14 4.55 5.91 0.80 3.36 2.92 4.69 8.82 0.67 4.19 5.19 8.42 8.51 2.69 5.68 4.34 3.53 7.05 3.37 4.05 5.92 5.17 8.60 4.02 4.39 6.73 4.04 1.74 5.72 8.99 10.57 8.53 8.26 4.13 1.22 8.38 9.65 4.81 2.41 4.95 6.01 2.35 9.52 9.03 8.49 9.95 2.83 9.17 7.50 8.53 1.81 5.99 8.71 9.11 
10.19 6.19 4.85 2.58 3.52 2.39 1.35 2.02 6.42 4.91 6.56 7.45 6.48 8.75 3.15 7.99 6.40 2.90 8.61 2.09 8.20 2.77 5.08 6.88 1.56 1.82 7.60 2.07 5.78 7.76 10.13 7.96 9.35 7.96 7.50 5.42 9.31 8.86 4.68 3.00 5.32 5.29 6.09 9.01 8.42 6.92 8.96 3.66 8.60 9.22 9.89 2.81 2.66 10.09 8.80 
1.50 6.90 3.85 7.55 8.02 6.35 7.93 6.97 6.49 7.68 3.74 3.00 5.51 1.60 5.91 2.85 3.42 5.81 1.14 6.64 7.63 7.30 3.65 5.18 9.82 7.01 1.09 10.20 6.92 2.44 1.44 7.68 0.87 2.54 5.14 7.42 0.70 3.85 4.03 6.22 3.37 3.85 6.21 3.31 3.27 4.86 4.37 5.43 3.27 1.47 1.29 8.68 7.56 1.48 2.80 
3.65 9.39 5.03 7.11 9.65 7.14 8.79 7.07 4.43 9.76 6.38 5.95 3.55 1.69 7.15 5.96 5.95 6.65 4.41 7.37 10.52 6.83 4.45 3.05 10.50 7.26 3.42 10.97 9.29 5.48 3.61 5.03 2.83 1.30 8.06 9.66 3.05 0.68 4.85 7.49 4.61 3.86 8.71 0.08 0.66 2.78 1.17 6.81 0.49 4.74 4.04 10.03 7.08 4.12 0.51 
3.07 6.49 2.50 5.92 7.01 4.95 6.59 5.40 5.02 6.95 3.48 3.16 4.07 1.70 4.67 3.30 3.04 4.41 2.24 5.23 7.63 5.67 2.13 3.82 8.44 5.48 0.81 8.85 6.41 2.78 3.00 6.38 2.15 1.69 5.20 6.81 2.14 3.24 2.54 5.00 2.01 2.21 5.80 2.90 2.57 3.52 3.69 4.24 2.66 2.83 2.94 7.54 5.93 3.12 2.41 
9.47 2.88 4.69 5.49 0.10 3.11 2.34 4.31 8.64 1.37 4.72 5.73 8.31 8.78 2.63 6.24 4.82 3.38 7.51 3.06 4.78 5.54 5.28 8.53 3.29 4.00 7.07 3.30 2.48 6.23 9.41 10.37 8.89 8.43 4.82 1.95 8.76 9.76 4.89 2.31 5.13 6.04 3.07 9.68 9.16 8.45 10.04 2.91 9.31 8.00 8.99 1.07 5.57 9.16 9.29 
9.53 3.05 4.69 5.36 0.12 3.02 2.19 4.19 8.55 1.55 4.82 5.82 8.24 8.80 2.60 6.34 4.90 3.32 7.58 2.96 4.96 5.41 5.27 8.48 3.11 3.88 7.11 3.13 2.65 6.32 9.48 10.28 8.94 8.43 4.97 2.13 8.81 9.74 4.88 2.27 5.14 6.01 3.23 9.67 9.15 8.39 10.01 2.90 9.30 8.08 9.06 0.90 5.44 9.24 9.30 
8.68 9.65 5.32 2.96 8.12 5.16 6.15 3.94 1.42 9.06 7.99 8.33 2.23 6.53 5.95 8.71 7.58 5.07 8.14 5.17 11.51 2.81 4.85 2.72 7.07 4.26 6.71 7.58 9.34 8.24 8.62 2.47 7.67 5.33 9.69 9.33 7.78 5.22 4.83 6.16 5.41 4.01 9.19 5.70 5.18 3.00 5.01 6.06 5.33 8.76 8.74 7.87 2.88 8.91 5.81 
2.25 5.82 3.64 7.67 7.27 6.04 7.51 6.90 7.23 6.75 2.71 1.83 6.28 2.83 5.43 1.60 2.49 5.53 0.21 6.34 6.41 7.44 3.66 6.02 9.41 6.89 1.40 9.74 5.89 1.25 2.21 8.58 2.06 3.59 3.92 6.44 1.83 5.02 3.95 5.71 3.22 4.16 5.14 4.52 4.40 5.71 5.53 4.92 4.43 0.80 1.70 8.03 7.69 1.87 4.00 
8.37 9.06 4.77 2.45 7.54 4.57 5.59 3.37 1.55 8.47 7.45 7.81 2.14 6.27 5.36 8.21 7.03 4.47 7.72 4.58 10.92 2.28 4.32 2.65 6.58 3.69 6.29 7.09 8.74 7.74 8.31 2.93 7.36 5.08 9.12 8.73 7.46 5.15 4.28 5.56 4.88 3.53 8.60 5.57 5.03 2.88 4.99 5.46 5.19 8.35 8.40 7.31 2.38 8.57 5.63 
8.35 10.83 6.18 4.73 9.64 6.63 7.81 5.58 1.17 10.44 8.74 8.87 1.98 6.15 7.29 9.17 8.29 6.43 8.26 6.69 12.56 4.55 5.60 2.23 8.86 5.89 6.84 9.37 10.55 8.66 8.30 0.65 7.37 4.95 10.51 10.63 7.53 4.33 5.71 7.54 6.13 4.63 10.30 4.90 4.52 2.55 3.97 7.29 4.62 8.81 8.55 9.50 4.66 8.69 5.17 
7.80 11.03 6.29 5.44 10.08 7.08 8.37 6.16 1.59 10.77 8.72 8.74 1.96 5.61 7.64 8.99 8.26 6.81 7.92 7.17 12.67 5.23 5.66 1.99 9.55 6.47 6.55 10.07 10.79 8.48 7.75 0.75 6.85 4.47 10.51 10.92 7.03 3.61 5.84 7.92 6.16 4.68 10.46 4.21 3.90 2.26 3.19 7.58 3.99 8.43 8.06 10.03 5.37 8.18 4.54 
9.54 5.68 4.20 2.43 3.17 1.72 0.93 1.58 6.13 4.49 5.91 6.78 6.10 8.15 2.50 7.33 5.74 2.24 7.94 1.43 7.70 2.56 4.45 6.47 1.98 1.32 6.95 2.46 5.27 7.09 9.48 7.74 8.71 7.39 6.89 4.96 8.67 8.35 4.04 2.36 4.67 4.71 5.54 8.47 7.89 6.49 8.47 3.00 8.06 8.56 9.24 2.62 2.51 9.43 8.24 
6.95 1.54 4.74 8.07 4.32 5.42 5.94 6.86 9.75 3.07 2.40 2.95 9.04 7.29 4.43 3.19 2.85 5.20 4.96 5.61 1.75 7.97 5.33 9.02 7.45 6.64 5.39 7.54 1.86 3.53 6.92 11.44 6.80 7.57 0.88 2.50 6.59 9.11 5.22 4.42 4.83 6.32 1.22 8.77 8.44 8.80 9.55 4.10 8.54 5.15 6.33 5.34 8.13 6.47 8.27 
7.03 10.00 5.24 4.74 9.12 6.14 7.51 5.33 0.95 9.77 7.68 7.73 0.93 4.82 6.66 7.99 7.22 5.84 6.99 6.25 11.63 4.51 4.62 0.97 8.79 5.62 5.59 9.30 9.76 7.47 6.97 1.60 6.05 3.63 9.47 9.90 6.21 3.06 4.80 6.94 5.12 3.63 9.42 3.61 3.20 1.27 2.75 6.57 3.32 7.52 7.23 9.12 4.68 7.36 3.85 
7.13 1.55 4.98 8.28 4.41 5.62 6.09 7.06 9.99 3.11 2.64 3.16 9.29 7.52 4.63 3.38 3.09 5.42 5.15 5.80 1.51 8.18 5.58 9.27 7.57 6.84 5.61 7.65 1.91 3.73 7.11 11.69 7.01 7.81 1.05 2.54 6.79 9.35 5.46 4.61 5.07 6.56 1.34 9.00 8.68 9.05 9.79 4.31 8.77 5.33 6.51 5.43 8.34 6.64 8.50 
6.08 8.38 3.63 3.87 7.64 4.70 6.19 4.14 1.59 8.20 6.09 6.20 0.71 3.94 5.12 6.50 5.64 4.35 5.68 4.86 10.01 3.61 3.00 0.81 7.66 4.39 4.24 8.16 8.15 5.99 6.02 3.13 5.07 2.74 7.88 8.31 5.19 2.93 3.19 5.42 3.51 2.01 7.81 3.28 2.71 0.79 2.89 5.00 2.88 6.27 6.17 7.72 3.83 6.33 3.30 
9.14 1.63 4.97 6.63 1.48 4.04 3.66 5.40 9.44 0.17 4.20 5.17 9.00 8.78 3.29 5.62 4.43 4.16 7.12 4.07 3.40 6.64 5.61 9.15 4.68 5.11 6.94 4.66 1.28 5.73 9.09 11.19 8.70 8.63 3.83 0.64 8.53 10.06 5.29 3.05 5.33 6.50 2.03 9.89 9.42 9.02 10.39 3.36 9.56 7.52 8.60 2.44 6.71 8.77 9.46 
