2.76 5.12 2.88 6.14 3.88 0.41 4.69 2.85 3.82 5.56 3.44 6.06 5.11 6.02 4.72 5.40 3.21 3.22 5.36 3.43 5.17 2.99 1.98 4.42 0.47 4.46 4.82 0.77 6.24 5.18 3.99 3.34 2.00 6.49 2.77 3.40 5.41 4.99 5.45 5.05 
7.90 2.08 8.17 9.20 3.84 5.27 9.13 7.87 2.73 8.37 8.72 4.06 8.73 2.04 0.66 9.06 8.22 6.46 3.85 8.72 8.71 3.09 3.52 8.60 5.49 1.87 9.85 5.36 3.18 8.75 2.88 2.78 6.91 8.62 8.06 1.92 8.16 5.13 7.93 4.70 
4.40 5.34 4.17 4.94 4.86 2.25 4.38 3.29 4.35 4.22 4.46 6.79 4.18 6.08 4.10 4.51 4.91 5.04 3.65 4.62 4.19 3.63 2.61 3.88 1.62 3.35 5.20 2.61 4.75 4.22 4.58 2.12 2.36 4.94 3.95 3.18 4.03 6.23 3.97 3.20 
8.01 2.63 8.21 8.86 4.27 5.35 8.94 7.79 3.15 8.02 8.72 4.61 8.45 2.59 0.64 8.78 8.35 6.76 3.33 8.75 8.42 3.41 3.68 8.38 5.48 1.46 9.76 5.48 2.62 8.47 3.32 2.52 6.83 8.21 8.08 2.07 7.81 5.62 7.56 4.23 
0.18 7.29 1.18 7.22 5.43 2.74 4.81 2.80 5.89 6.93 1.91 7.60 5.99 8.24 7.43 6.16 0.40 2.94 8.14 1.54 6.11 5.13 4.43 4.95 2.94 7.30 3.85 2.58 9.09 6.08 5.96 6.19 2.85 8.07 1.43 6.03 6.84 5.89 7.03 7.71 
6.58 3.89 7.46 11.96 2.45 5.48 10.44 8.41 3.45 11.32 8.25 2.35 10.97 4.48 5.96 11.26 6.45 3.55 8.97 7.96 11.03 3.76 4.60 10.26 6.33 6.96 10.11 5.19 8.88 11.04 3.22 6.79 7.75 12.10 7.58 5.10 11.14 0.94 11.12 9.35 
4.92 6.19 4.50 4.02 5.83 3.12 3.87 3.27 5.28 3.27 4.64 7.73 3.38 6.87 4.71 3.71 5.47 5.94 3.46 4.87 3.36 4.59 3.59 3.27 2.36 3.75 4.99 3.48 4.77 3.41 5.52 2.60 2.49 3.95 4.25 3.99 3.07 7.22 2.99 2.75 
4.08 4.32 4.97 9.81 2.13 3.27 8.06 5.99 3.13 9.25 5.75 3.88 8.74 5.22 5.61 9.01 3.99 1.09 7.92 5.46 8.81 2.83 3.11 7.94 4.15 6.20 7.62 2.94 8.24 8.82 3.04 5.61 5.42 10.15 5.09 4.32 9.09 1.94 9.12 8.03 
4.99 2.30 5.53 8.74 1.05 2.75 7.66 5.85 0.91 8.04 6.23 3.07 7.87 3.26 3.12 8.19 5.18 3.07 5.61 6.10 7.91 0.34 1.21 7.33 3.42 3.75 7.79 2.64 5.78 7.93 1.01 3.36 5.00 8.73 5.52 1.84 7.85 2.53 7.78 5.90 
3.23 10.13 2.40 5.80 8.53 5.20 3.04 2.57 8.77 5.92 1.66 10.75 4.65 11.05 9.69 4.64 3.44 6.28 9.28 1.85 4.80 7.95 7.02 3.61 4.81 9.16 1.26 5.25 10.55 4.74 8.89 7.94 3.49 7.11 2.36 8.43 5.94 9.17 6.28 8.50 
2.56 9.82 2.11 7.01 8.02 5.01 4.24 3.15 8.43 7.03 1.73 10.20 5.81 10.77 9.71 5.84 2.55 5.46 9.77 1.58 5.95 7.64 6.83 4.72 4.86 9.36 2.56 4.97 10.93 5.90 8.52 8.16 3.88 8.23 2.25 8.36 7.02 8.46 7.32 9.11 
8.28 2.20 8.55 9.51 4.10 5.65 9.49 8.25 3.01 8.68 9.10 4.12 9.07 1.99 1.02 9.40 8.59 6.78 4.01 9.10 9.04 3.42 3.89 8.96 5.87 2.13 10.23 5.74 3.21 9.09 3.13 3.12 7.29 8.89 8.45 2.30 8.46 5.33 8.23 4.92 
7.45 2.42 8.21 11.85 2.17 5.72 10.73 8.83 2.62 11.13 8.97 0.53 10.99 2.79 4.71 11.30 7.46 4.64 7.97 8.75 11.03 3.28 4.33 10.43 6.48 5.87 10.69 5.53 7.63 11.05 2.37 6.01 8.04 11.76 8.27 4.21 10.94 1.67 10.85 8.53 
1.99 5.57 2.25 6.45 4.05 0.69 4.67 2.66 4.21 5.95 2.91 6.28 5.34 6.50 5.41 5.60 2.41 2.75 6.15 2.82 5.42 3.39 2.50 4.52 1.03 5.23 4.50 0.69 7.03 5.42 4.34 4.13 2.00 6.95 2.21 4.04 5.82 4.97 5.90 5.82 
1.59 8.64 0.84 6.22 6.95 3.76 3.55 2.00 7.26 6.11 0.52 9.16 4.99 9.58 8.42 5.08 1.85 4.64 8.48 0.27 5.12 6.45 5.59 3.89 3.56 8.05 2.24 3.76 9.62 5.08 7.37 6.85 2.62 7.31 0.94 7.09 6.08 7.54 6.34 7.85 
2.54 4.78 3.04 7.23 3.15 0.72 5.58 3.58 3.40 6.67 3.75 5.38 6.16 5.73 4.92 6.44 2.82 2.11 6.16 3.61 6.23 2.60 1.88 5.39 1.57 4.95 5.41 0.36 6.87 6.24 3.50 3.97 2.88 7.61 3.04 3.50 6.52 4.06 6.57 6.00 
5.69 4.03 6.59 11.27 2.17 4.74 9.65 7.59 3.28 10.66 7.37 2.87 10.24 4.77 5.89 10.52 5.56 2.65 8.68 7.08 10.31 3.40 4.08 9.49 5.61 6.75 9.25 4.43 8.74 10.31 3.09 6.43 6.97 11.49 6.72 4.84 10.49 0.86 10.49 8.97 
7.38 6.06 7.07 5.19 6.62 5.13 6.13 5.87 5.71 4.35 7.24 7.96 5.12 6.41 3.90 5.43 7.90 7.74 1.01 7.46 5.05 5.32 4.66 5.46 4.61 2.60 7.50 5.46 2.48 5.11 5.95 2.28 5.09 4.30 6.83 4.05 4.14 8.13 3.82 0.28 
3.60 6.76 3.05 4.01 5.89 2.53 2.83 1.77 5.62 3.48 3.13 8.00 2.99 7.56 5.70 3.29 4.17 5.23 4.96 3.38 3.04 4.82 3.75 2.41 1.66 4.95 3.60 2.86 6.22 3.06 5.82 3.73 1.00 4.48 2.78 4.68 3.34 7.10 3.43 4.25 
4.92 2.75 5.62 9.52 0.59 3.16 8.19 6.25 1.55 8.86 6.38 2.74 8.58 3.68 4.09 8.87 4.99 2.43 6.70 6.18 8.62 1.42 2.11 7.93 3.97 4.82 8.09 2.94 6.84 8.64 1.45 4.43 5.48 9.62 5.67 2.91 8.68 1.55 8.64 6.97 
3.97 3.32 4.51 8.09 1.77 1.79 6.79 4.91 1.93 7.44 5.21 3.98 7.14 4.28 3.79 7.44 4.18 2.39 5.75 5.08 7.19 1.17 0.93 6.51 2.55 4.13 6.82 1.63 6.16 7.20 2.03 3.44 4.10 8.23 4.51 2.38 7.26 2.97 7.23 5.85 
8.02 2.66 8.21 8.84 4.30 5.36 8.94 7.79 3.18 8.01 8.73 4.64 8.44 2.62 0.65 8.77 8.37 6.78 3.31 8.76 8.41 3.43 3.70 8.38 5.48 1.44 9.76 5.49 2.59 8.46 3.35 2.52 6.83 8.20 8.09 2.08 7.79 5.64 7.55 4.21 
6.32 1.00 6.86 9.67 1.27 4.04 8.83 7.11 0.44 8.92 7.55 2.09 8.90 1.96 2.60 9.22 6.49 4.18 5.69 7.43 8.92 1.27 2.31 8.45 4.64 3.62 9.07 3.95 5.51 8.95 0.36 3.68 6.22 9.49 6.85 1.89 8.72 2.54 8.61 6.21 
5.76 2.31 6.04 7.90 2.58 3.13 7.35 5.87 1.62 7.12 6.62 3.97 7.21 3.04 1.65 7.54 6.08 4.55 3.96 6.60 7.22 1.36 1.40 6.89 3.42 2.06 7.87 3.22 4.09 7.25 1.87 1.81 4.93 7.63 5.95 0.22 6.92 4.10 6.77 4.37 
7.02 5.36 6.79 5.60 5.93 4.64 6.24 5.74 5.00 4.75 7.04 7.25 5.39 5.73 3.23 5.71 7.52 7.17 1.01 7.23 5.33 4.63 4.02 5.60 4.21 1.95 7.48 4.95 2.29 5.39 5.25 1.59 4.89 4.84 6.57 3.34 4.54 7.44 4.26 0.99 
9.11 2.59 9.40 10.28 4.68 6.49 10.34 9.11 3.65 9.44 9.97 4.31 9.87 2.04 1.88 10.21 9.41 7.49 4.56 9.96 9.84 4.16 4.72 9.79 6.73 2.87 11.10 6.57 3.53 9.89 3.73 3.94 8.15 9.59 9.31 3.14 9.22 5.78 8.97 5.54 
6.86 1.06 7.26 9.21 2.46 4.33 8.72 7.21 1.35 8.42 7.88 3.00 8.57 1.67 1.37 8.90 7.12 5.14 4.63 7.82 8.57 1.82 2.51 8.26 4.74 2.52 9.21 4.36 4.30 8.60 1.49 2.87 6.27 8.85 7.19 1.23 8.21 3.78 8.04 5.27 
5.38 5.30 5.13 4.93 5.22 3.14 4.92 4.13 4.53 4.14 5.39 6.95 4.40 5.92 3.67 4.73 5.90 5.84 2.67 5.57 4.37 3.92 3.04 4.33 2.59 2.69 5.96 3.48 3.84 4.42 4.77 1.56 3.25 4.63 4.91 3.08 3.93 6.68 3.77 2.23 
2.95 4.93 3.83 8.89 2.81 2.46 7.01 4.92 3.60 8.38 4.62 4.84 7.78 5.88 5.80 8.03 2.89 0.39 7.66 4.33 7.86 3.05 2.92 6.93 3.30 6.16 6.50 2.10 8.17 7.86 3.58 5.37 4.41 9.34 3.97 4.41 8.23 3.03 8.30 7.61 
5.73 7.97 5.04 2.24 7.60 4.60 2.91 3.40 7.08 1.48 4.88 9.52 1.82 8.61 6.35 2.14 6.30 7.38 4.32 5.23 1.76 6.38 5.36 2.22 3.74 5.25 4.50 4.95 5.78 1.82 7.31 4.23 3.06 2.30 4.74 5.76 1.29 8.95 1.26 3.30 
3.50 6.05 3.14 4.64 5.19 1.93 3.53 2.21 4.90 4.05 3.39 7.29 3.67 6.86 5.07 3.98 4.04 4.72 4.68 3.56 3.72 4.11 3.04 3.13 1.07 4.41 4.16 2.28 5.83 3.74 5.11 3.19 1.27 4.97 2.91 4.00 3.89 6.43 3.93 4.10 
0.49 7.53 1.36 7.47 5.62 3.06 5.01 3.05 6.13 7.21 2.02 7.76 6.25 8.48 7.73 6.41 0.12 3.00 8.49 1.62 6.36 5.39 4.72 5.19 3.28 7.63 3.95 2.89 9.43 6.34 6.19 6.53 3.16 8.36 1.64 6.32 7.13 6.00 7.33 8.05 
6.29 6.24 5.89 4.26 6.37 4.25 4.90 4.63 5.61 3.42 6.02 8.00 4.00 6.76 4.35 4.32 6.83 7.01 2.22 6.26 3.94 5.06 4.22 4.24 3.61 3.15 6.23 4.61 3.64 4.00 5.86 2.32 3.88 3.67 5.64 4.06 3.20 7.85 2.95 1.37 
2.41 6.72 1.93 4.93 5.49 1.93 3.10 1.23 5.45 4.51 2.18 7.69 3.79 7.60 6.06 4.03 2.98 4.29 5.90 2.34 3.87 4.62 3.58 2.93 1.26 5.54 3.22 2.17 7.04 3.87 5.61 4.32 0.41 5.59 1.69 4.85 4.39 6.52 4.54 5.31 
6.27 3.72 6.29 6.71 4.25 3.65 6.70 5.65 3.29 5.89 6.71 5.56 6.23 4.20 1.85 6.56 6.71 5.81 2.33 6.80 6.20 2.97 2.53 6.14 3.53 0.98 7.58 3.89 2.79 6.25 3.54 0.28 4.70 6.23 6.13 1.63 5.68 5.76 5.47 2.70 
7.64 1.34 8.29 11.31 2.18 5.58 10.46 8.68 2.06 10.56 9.01 0.70 10.55 1.59 3.65 10.87 7.74 5.10 6.99 8.85 10.57 2.87 3.93 10.09 6.23 4.88 10.62 5.45 6.53 10.60 1.86 5.19 7.82 11.09 8.31 3.41 10.36 2.48 10.23 7.64 
6.62 7.16 6.10 3.46 7.23 4.86 4.52 4.66 6.50 2.62 6.11 8.90 3.39 7.67 5.24 3.69 7.18 7.67 2.75 6.41 3.31 5.93 5.04 3.84 4.12 4.02 6.03 5.22 4.23 3.38 6.75 3.23 4.05 2.76 5.83 4.98 2.41 8.69 2.11 1.69 
6.96 3.77 7.83 12.21 2.57 5.76 10.76 8.74 3.48 11.55 8.62 2.08 11.24 4.29 5.93 11.53 6.85 3.94 9.01 8.34 11.29 3.88 4.78 10.55 6.61 6.97 10.46 5.49 8.85 11.31 3.24 6.88 8.06 12.31 7.95 5.15 11.37 1.15 11.33 9.44 
7.21 1.07 7.84 10.86 1.77 5.11 9.99 8.22 1.59 10.11 8.57 0.97 10.09 1.61 3.37 10.41 7.32 4.74 6.66 8.41 10.11 2.40 3.47 9.62 5.77 4.55 10.16 4.99 6.28 10.14 1.39 4.79 7.36 10.67 7.86 3.00 9.91 2.30 9.79 7.27 
5.86 2.70 6.06 7.52 3.08 3.20 7.11 5.75 2.12 6.73 6.60 4.44 6.89 3.35 1.54 7.22 6.22 4.90 3.47 6.61 6.88 1.82 1.63 6.62 3.36 1.64 7.74 3.34 3.67 6.92 2.37 1.31 4.79 7.20 5.95 0.49 6.52 4.59 6.36 3.87 
7.40 10.22 6.54 0.51 9.88 6.75 3.25 4.81 9.35 0.80 6.14 11.80 1.67 10.82 8.47 1.65 7.95 9.46 5.94 6.56 1.53 8.66 7.63 2.77 5.88 7.29 5.04 7.09 7.40 1.58 9.59 6.39 4.85 1.03 6.24 8.00 1.00 11.21 1.18 4.84 
3.17 4.52 3.99 8.78 2.44 2.27 7.01 4.95 3.18 8.24 4.77 4.52 7.70 5.47 5.38 7.96 3.17 0.77 7.30 4.51 7.77 2.62 2.53 6.89 3.14 5.76 6.61 1.92 7.78 7.78 3.17 5.00 4.37 9.17 4.10 3.99 8.08 2.81 8.13 7.29 
5.77 6.66 5.29 3.63 6.53 4.00 4.10 3.92 5.88 2.81 5.35 8.31 3.25 7.25 4.92 3.57 6.32 6.81 3.02 5.62 3.20 5.25 4.30 3.44 3.25 3.80 5.45 4.36 4.44 3.25 6.12 2.82 3.24 3.28 5.02 4.44 2.59 7.96 2.41 2.12 
6.82 2.42 7.59 11.37 1.62 5.15 10.17 8.25 2.27 10.67 8.35 0.99 10.48 2.98 4.60 10.79 6.82 4.01 7.76 8.13 10.52 2.83 3.84 9.89 5.93 5.69 10.09 4.94 7.53 10.54 2.02 5.70 7.47 11.34 7.65 3.92 10.48 1.09 10.40 8.25 
1.68 8.92 1.23 6.73 7.14 4.11 4.03 2.55 7.53 6.65 1.07 9.33 5.50 9.86 8.81 5.58 1.77 4.66 9.00 0.76 5.63 6.74 5.92 4.40 3.99 8.49 2.58 4.07 10.11 5.59 7.62 7.31 3.15 7.84 1.42 7.46 6.61 7.63 6.89 8.38 
2.89 8.01 2.00 4.15 6.80 3.24 1.88 0.28 6.75 3.93 1.73 9.00 2.92 8.87 7.22 3.10 3.43 5.38 6.58 2.09 3.04 5.92 4.89 1.89 2.55 6.56 2.00 3.45 7.86 3.01 6.93 5.33 0.97 5.10 1.70 6.08 3.87 7.79 4.11 5.82 
5.60 2.10 5.95 8.17 2.14 3.03 7.48 5.91 1.22 7.41 6.57 3.62 7.43 2.92 1.94 7.76 5.89 4.20 4.40 6.52 7.44 0.92 1.21 7.05 3.43 2.49 7.90 3.07 4.51 7.48 1.47 2.23 4.98 7.96 5.88 0.58 7.20 3.65 7.08 4.79 
7.60 4.54 7.52 6.83 5.51 5.03 7.37 6.66 4.47 5.99 7.86 6.51 6.60 4.76 2.26 6.92 8.06 7.25 1.12 7.99 6.54 4.29 3.96 6.74 4.79 0.99 8.49 5.29 1.39 6.60 4.70 1.54 5.75 6.04 7.32 2.83 5.77 7.01 5.49 1.98 
8.48 6.84 8.12 5.49 7.61 6.26 6.87 6.84 6.65 4.70 8.25 8.80 5.67 7.07 4.57 5.95 9.01 8.86 1.20 8.50 5.57 6.33 5.74 6.18 5.73 3.29 8.35 6.59 2.37 5.64 6.89 3.29 6.11 4.35 7.87 4.98 4.50 9.13 4.14 0.91 
7.07 2.68 7.24 8.04 3.83 4.41 7.99 6.80 2.73 7.21 7.74 4.65 7.56 2.98 0.51 7.89 7.44 6.03 2.98 7.78 7.53 2.76 2.83 7.44 4.50 0.87 8.77 4.56 2.73 7.58 2.95 1.61 5.84 7.50 7.11 1.28 7.00 5.28 6.78 3.69 
4.96 2.58 5.34 7.90 2.01 2.42 7.03 5.37 1.40 7.18 5.97 3.83 7.10 3.46 2.55 7.42 5.25 3.63 4.68 5.90 7.12 0.70 0.59 6.64 2.89 2.92 7.36 2.44 4.96 7.15 1.62 2.40 4.46 7.82 5.28 1.13 6.98 3.50 6.89 4.93 
4.82 2.95 5.11 7.46 2.44 2.19 6.64 5.04 1.84 6.73 5.71 4.28 6.66 3.79 2.58 6.98 5.15 3.79 4.36 5.68 6.68 1.15 0.50 6.23 2.55 2.74 7.03 2.28 4.76 6.71 2.07 2.06 4.11 7.37 5.03 1.17 6.53 3.92 6.44 4.55 
2.21 6.09 2.05 5.57 4.78 1.22 3.83 1.90 4.78 5.10 2.52 6.99 4.46 6.98 5.61 4.72 2.74 3.63 5.83 2.57 4.54 3.95 2.95 3.65 0.72 5.22 3.85 1.44 6.86 4.54 4.94 4.03 1.13 6.12 1.89 4.32 4.96 5.79 5.07 5.36 
7.25 1.69 7.55 8.95 3.20 4.64 8.70 7.33 2.08 8.14 8.13 3.68 8.40 1.96 0.63 8.73 7.55 5.77 3.99 8.11 8.38 2.40 2.86 8.19 4.91 1.89 9.33 4.71 3.56 8.43 2.25 2.51 6.38 8.48 7.46 1.29 7.92 4.55 7.72 4.72 
7.43 7.21 6.96 4.04 7.54 5.51 5.38 5.54 6.72 3.22 6.99 9.05 4.16 7.62 5.12 4.44 7.98 8.27 2.18 7.27 4.06 6.23 5.44 4.69 4.83 3.84 6.92 5.86 3.63 4.13 6.97 3.31 4.90 3.04 6.69 5.11 3.02 9.04 2.67 1.09 
2.21 9.49 1.86 7.11 7.67 4.73 4.37 3.09 8.10 7.09 1.62 9.84 5.90 10.44 9.44 5.96 2.17 5.07 9.62 1.38 6.04 7.32 6.53 4.81 4.63 9.13 2.76 4.67 10.74 5.99 8.18 7.94 3.75 8.29 2.04 8.08 7.07 8.08 7.36 8.99 
6.71 6.21 6.34 4.53 6.49 4.59 5.33 5.09 5.67 3.69 6.48 8.02 4.37 6.66 4.20 4.69 7.24 7.31 1.78 6.72 4.30 5.18 4.40 4.66 3.99 2.95 6.69 4.94 3.23 4.36 5.92 2.28 4.33 3.81 6.09 4.07 3.48 7.99 3.19 0.90 
5.71 8.33 4.96 1.90 7.88 4.77 2.56 3.28 7.40 1.21 4.74 9.84 1.40 8.99 6.74 1.72 6.27 7.52 4.74 5.11 1.34 6.68 5.64 1.87 3.90 5.66 4.21 5.11 6.20 1.40 7.63 4.63 3.05 2.20 4.66 6.12 1.05 9.21 1.15 3.71 
4.59 9.09 3.66 2.52 8.16 4.66 0.61 1.98 7.94 2.49 3.20 10.30 1.29 9.87 7.91 1.40 5.11 7.04 6.50 3.62 1.42 7.14 6.07 0.19 3.85 7.02 2.25 4.93 7.92 1.38 8.14 5.84 2.38 3.69 3.37 6.99 2.50 9.28 2.84 5.55 
1.58 6.02 2.50 8.00 4.03 2.18 5.88 3.78 4.63 7.58 3.28 6.16 6.83 6.98 6.49 7.05 1.53 1.48 7.77 2.97 6.93 3.94 3.44 5.89 2.79 6.59 5.20 1.87 8.52 6.92 4.67 5.61 3.46 8.64 2.66 5.06 7.46 4.41 7.59 7.53 
4.66 7.69 3.95 2.76 7.04 3.78 2.26 2.32 6.66 2.22 3.80 9.08 1.84 8.43 6.34 2.16 5.23 6.49 4.88 4.15 1.87 5.90 4.84 1.63 2.91 5.39 3.61 4.12 6.28 1.89 6.88 4.25 1.99 3.26 3.65 5.53 2.08 8.31 2.21 3.97 
7.30 5.89 7.01 5.29 6.45 5.01 6.16 5.84 5.54 4.45 7.20 7.79 5.19 6.24 3.73 5.50 7.82 7.61 0.95 7.41 5.12 5.15 4.51 5.50 4.51 2.43 7.50 5.34 2.41 5.18 5.78 2.11 5.04 4.43 6.77 3.88 4.24 7.97 3.93 0.45 
7.34 2.02 7.59 8.75 3.49 4.70 8.59 7.30 2.37 7.93 8.15 4.02 8.24 2.24 0.30 8.57 7.66 5.98 3.67 8.15 8.22 2.62 2.97 8.07 4.91 1.58 9.29 4.80 3.22 8.26 2.55 2.31 6.34 8.24 7.49 1.35 7.72 4.86 7.51 4.43 
4.36 4.51 4.33 5.81 4.00 1.86 5.12 3.78 3.49 5.09 4.76 5.92 5.03 5.27 3.46 5.35 4.83 4.47 3.75 4.84 5.04 2.77 1.76 4.66 1.57 2.94 5.76 2.17 4.63 5.08 3.71 1.75 2.82 5.78 4.17 2.39 4.89 5.41 4.82 3.55 
2.05 8.91 1.16 5.81 7.29 3.99 3.11 1.77 7.54 5.75 0.44 9.51 4.59 9.84 8.57 4.67 2.35 5.09 8.43 0.64 4.72 6.73 5.82 3.49 3.68 8.12 1.73 4.03 9.62 4.68 7.66 6.91 2.54 6.95 1.13 7.27 5.73 7.95 6.01 7.74 
2.79 7.98 1.90 4.25 6.75 3.19 1.96 0.18 6.72 4.03 1.64 8.95 3.02 8.85 7.22 3.19 3.33 5.29 6.63 2.00 3.14 5.89 4.85 1.99 2.52 6.57 2.00 3.39 7.89 3.11 6.89 5.35 0.95 5.20 1.61 6.07 3.97 7.73 4.21 5.87 
7.86 2.99 8.00 8.41 4.47 5.19 8.57 7.49 3.34 7.57 8.49 4.99 8.03 3.04 0.74 8.36 8.23 6.80 2.85 8.54 7.99 3.49 3.62 8.00 5.25 1.01 9.45 5.35 2.23 8.05 3.54 2.15 6.54 7.74 7.87 2.05 7.36 5.86 7.11 3.74 
6.57 7.71 5.96 2.81 7.65 5.04 4.03 4.41 6.99 1.97 5.89 9.41 2.80 8.25 5.85 3.08 7.13 7.87 3.39 6.21 2.70 6.37 5.43 3.34 4.25 4.65 5.63 5.41 4.86 2.77 7.23 3.81 3.92 2.19 5.68 5.51 1.76 9.09 1.47 2.31 
6.04 2.82 6.83 10.90 1.23 4.53 9.55 7.58 2.21 10.23 7.60 1.80 9.96 3.55 4.77 10.26 6.02 3.18 7.73 7.37 10.01 2.54 3.44 9.31 5.35 5.73 9.38 4.29 7.67 10.02 1.99 5.56 6.85 10.97 6.91 3.86 10.05 0.38 10.00 8.12 
6.06 7.80 5.42 2.48 7.57 4.73 3.41 3.83 6.98 1.65 5.31 9.42 2.25 8.40 6.07 2.56 6.63 7.55 3.88 5.64 2.18 6.31 5.32 2.72 3.90 4.93 5.00 5.09 5.35 2.24 7.22 3.97 3.40 2.22 5.13 5.58 1.44 8.96 1.27 2.84 
2.64 9.85 2.08 6.75 8.09 5.00 3.98 2.98 8.47 6.79 1.61 10.28 5.56 10.80 9.67 5.59 2.69 5.59 9.64 1.52 5.70 7.67 6.83 4.48 4.80 9.28 2.28 4.98 10.82 5.65 8.56 8.08 3.75 7.99 2.19 8.34 6.78 8.58 7.09 8.96 
4.41 5.27 4.20 5.01 4.80 2.23 4.45 3.34 4.29 4.28 4.50 6.73 4.25 6.01 4.03 4.58 4.93 5.01 3.62 4.65 4.26 3.57 2.55 3.94 1.63 3.29 5.26 2.59 4.71 4.29 4.52 2.07 2.41 5.00 3.99 3.11 4.09 6.18 4.02 3.19 
10.03 3.52 10.29 10.77 5.65 7.40 11.04 9.92 4.62 9.93 10.83 5.12 10.46 2.86 2.70 10.79 10.35 8.47 4.81 10.84 10.42 5.14 5.65 10.47 7.59 3.45 11.89 7.50 3.56 10.48 4.71 4.62 8.96 9.98 10.18 4.05 9.71 6.71 9.44 5.86 
6.59 2.49 6.79 7.92 3.39 3.93 7.71 6.43 2.32 7.11 7.32 4.40 7.38 2.95 0.81 7.71 6.95 5.52 3.25 7.34 7.36 2.27 2.32 7.19 4.08 1.19 8.42 4.07 3.18 7.41 2.55 1.49 5.47 7.48 6.68 0.77 6.90 4.87 6.71 3.85 
6.52 3.81 6.52 6.74 4.45 3.91 6.83 5.84 3.47 5.91 6.93 5.69 6.30 4.24 1.81 6.63 6.95 6.06 2.10 7.02 6.27 3.18 2.78 6.25 3.76 0.79 7.76 4.15 2.53 6.32 3.71 0.44 4.90 6.20 6.35 1.80 5.70 5.96 5.48 2.55 
2.30 6.86 1.77 4.95 5.59 2.03 3.04 1.10 5.57 4.55 2.01 7.80 3.79 7.74 6.23 4.02 2.87 4.30 6.06 2.17 3.88 4.74 3.72 2.90 1.40 5.71 3.08 2.25 7.21 3.87 5.74 4.49 0.41 5.65 1.53 5.01 4.45 6.60 4.60 5.46 
7.62 3.72 7.65 7.57 4.89 4.97 7.89 6.97 3.81 6.73 8.07 5.71 7.25 3.89 1.41 7.58 8.03 6.91 1.98 8.16 7.21 3.76 3.63 7.30 4.89 0.40 8.88 5.19 1.68 7.26 4.03 1.59 6.04 6.86 7.49 2.25 6.52 6.36 6.25 2.85 
4.88 2.45 5.48 8.93 0.83 2.78 7.76 5.90 1.08 8.25 6.20 2.99 8.04 3.41 3.44 8.34 5.04 2.80 5.95 6.05 8.07 0.68 1.43 7.45 3.51 4.09 7.82 2.63 6.12 8.10 1.10 3.68 5.08 8.97 5.49 2.18 8.06 2.24 8.01 6.22 
6.37 1.17 6.97 10.05 1.04 4.23 9.11 7.33 0.76 9.31 7.69 1.69 9.24 2.07 3.05 9.56 6.50 4.04 6.17 7.54 9.27 1.52 2.59 8.75 4.88 4.10 9.27 4.11 5.97 9.29 0.53 4.14 6.47 9.91 6.98 2.35 9.11 2.11 9.01 6.68 
3.47 9.72 2.48 4.61 8.33 4.82 1.84 1.80 8.41 4.72 1.72 10.56 3.45 10.61 9.03 3.44 3.84 6.43 8.30 2.11 3.59 7.58 6.58 2.41 4.27 8.38 0.23 4.96 9.62 3.54 8.57 7.15 2.76 5.91 2.30 7.86 4.74 9.15 5.08 7.46 
9.09 2.34 9.43 10.52 4.49 6.50 10.50 9.20 3.49 9.68 10.01 3.98 10.08 1.70 2.03 10.41 9.37 7.35 4.89 9.99 10.05 4.07 4.70 9.96 6.79 3.12 11.20 6.56 3.90 10.10 3.56 4.13 8.25 9.87 9.34 3.17 9.47 5.52 9.23 5.85 
3.08 4.75 3.24 6.33 3.58 0.46 4.99 3.21 3.47 5.72 3.81 5.74 5.34 5.65 4.36 5.64 3.49 3.21 5.14 3.79 5.39 2.64 1.61 4.70 0.75 4.14 5.18 0.79 5.97 5.41 3.64 3.05 2.33 6.59 3.14 3.02 5.55 4.75 5.57 4.91 
7.02 3.70 7.88 12.22 2.55 5.79 10.79 8.77 3.45 11.56 8.67 1.99 11.26 4.21 5.87 11.55 6.91 4.01 8.98 8.39 11.31 3.86 4.77 10.57 6.63 6.93 10.51 5.52 8.80 11.32 3.20 6.85 8.09 12.31 7.99 5.11 11.38 1.16 11.33 9.42 
6.76 2.14 7.01 8.29 3.22 4.11 8.04 6.71 2.11 7.48 7.55 4.08 7.73 2.58 0.64 8.07 7.09 5.51 3.55 7.56 7.72 2.19 2.41 7.53 4.32 1.45 8.70 4.22 3.35 7.76 2.33 1.87 5.76 7.85 6.90 0.79 7.27 4.67 7.08 4.19 
0.80 7.83 1.52 7.66 5.90 3.40 5.14 3.24 6.44 7.43 2.09 8.02 6.43 8.79 8.07 6.57 0.36 3.20 8.82 1.66 6.55 5.70 5.05 5.36 3.62 7.97 3.97 3.23 9.77 6.52 6.49 6.87 3.42 8.58 1.81 6.66 7.35 6.22 7.57 8.38 
6.99 8.26 6.33 2.46 8.23 5.58 4.08 4.72 7.56 1.65 6.20 9.97 2.69 8.79 6.36 2.94 7.56 8.40 3.72 6.55 2.58 6.94 6.01 3.40 4.77 5.13 5.77 5.94 5.19 2.65 7.80 4.35 4.32 1.64 6.04 6.06 1.46 9.66 1.09 2.63 
5.15 9.61 4.20 2.09 8.74 5.25 0.68 2.55 8.49 2.24 3.69 10.87 0.95 10.38 8.35 0.93 5.67 7.64 6.74 4.12 1.09 7.69 6.62 0.47 4.43 7.41 2.47 5.53 8.18 1.03 8.69 6.26 2.98 3.41 3.92 7.48 2.30 9.87 2.68 5.74 
8.32 10.73 7.47 1.41 10.55 7.55 4.18 5.75 9.96 1.60 7.09 12.39 2.61 11.28 8.86 2.58 8.88 10.30 6.07 7.50 2.48 9.30 8.30 3.71 6.68 7.62 5.96 7.90 7.49 2.52 10.20 6.83 5.74 0.86 7.17 8.52 1.74 11.92 1.73 4.99 
5.30 1.99 5.82 8.84 1.10 3.00 7.85 6.09 0.60 8.12 6.51 2.92 8.00 2.94 2.83 8.32 5.50 3.40 5.46 6.39 8.03 0.27 1.34 7.50 3.63 3.54 8.04 2.92 5.55 8.06 0.75 3.25 5.22 8.77 5.81 1.63 7.93 2.61 7.84 5.81 
7.06 1.62 7.37 8.87 3.03 4.46 8.57 7.18 1.91 8.07 7.96 3.60 8.30 2.00 0.74 8.63 7.36 5.57 4.03 7.93 8.29 2.21 2.67 8.07 4.75 1.93 9.18 4.53 3.67 8.33 2.08 2.45 6.23 8.43 7.29 1.12 7.85 4.40 7.66 4.73 
9.45 2.75 9.76 10.66 4.90 6.84 10.73 9.49 3.90 9.82 10.33 4.35 10.26 2.08 2.27 10.59 9.73 7.76 4.90 10.32 10.23 4.46 5.06 10.18 7.10 3.25 11.48 6.91 3.81 10.28 3.96 4.33 8.53 9.96 9.67 3.50 9.60 5.92 9.35 5.89 
5.16 4.25 5.12 5.96 4.15 2.62 5.62 4.47 3.43 5.19 5.52 5.86 5.32 4.91 2.85 5.65 5.62 5.07 3.01 5.62 5.32 2.85 2.02 5.10 2.37 2.17 6.42 2.90 3.83 5.36 3.68 0.96 3.51 5.72 4.95 2.03 4.98 5.63 4.84 2.95 
7.90 4.54 7.83 7.10 5.64 5.32 7.69 6.98 4.57 6.26 8.18 6.52 6.90 4.69 2.23 7.22 8.35 7.48 1.19 8.31 6.84 4.45 4.18 7.06 5.10 1.06 8.82 5.57 1.10 6.90 4.80 1.82 6.08 6.27 7.64 2.96 6.04 7.12 5.75 2.16 
7.65 10.31 6.79 0.77 10.02 6.95 3.52 5.07 9.48 0.97 6.41 11.92 1.94 10.90 8.52 1.92 8.20 9.67 5.91 6.82 1.80 8.79 7.78 3.03 6.07 7.32 5.30 7.29 7.36 1.84 9.71 6.46 5.08 0.84 6.49 8.09 1.14 11.37 1.24 4.81 
6.63 2.23 6.87 8.16 3.20 3.98 7.89 6.57 2.11 7.35 7.41 4.14 7.59 2.70 0.75 7.93 6.97 5.43 3.50 7.42 7.58 2.13 2.30 7.39 4.18 1.42 8.56 4.10 3.36 7.62 2.33 1.75 5.61 7.73 6.76 0.69 7.14 4.66 6.95 4.11 
7.59 4.61 7.49 6.75 5.56 5.03 7.31 6.62 4.52 5.91 7.83 6.57 6.53 4.84 2.33 6.85 8.05 7.27 1.05 7.97 6.48 4.34 3.99 6.68 4.78 1.06 8.45 5.30 1.40 6.53 4.76 1.54 5.72 5.96 7.30 2.88 5.70 7.06 5.41 1.90 
8.66 4.27 8.67 8.13 5.74 6.02 8.71 7.93 4.63 7.29 9.07 6.27 7.94 4.22 2.04 8.26 9.08 7.92 2.06 9.18 7.88 4.69 4.66 8.09 5.91 1.45 9.80 6.24 0.97 7.94 4.83 2.59 7.00 7.25 8.50 3.20 7.07 7.16 6.77 3.12 
3.47 7.52 2.73 3.68 6.53 3.04 2.07 1.15 6.34 3.30 2.62 8.68 2.53 8.33 6.51 2.79 4.04 5.54 5.65 2.94 2.62 5.53 4.46 1.75 2.22 5.76 2.81 3.33 6.96 2.61 6.53 4.54 0.86 4.42 2.44 5.47 3.20 7.66 3.38 4.87 
2.03 5.51 2.31 6.49 4.00 0.64 4.72 2.71 4.15 5.98 2.97 6.22 5.38 6.44 5.36 5.64 2.45 2.72 6.13 2.88 5.46 3.33 2.45 4.57 1.03 5.19 4.56 0.63 7.00 5.46 4.28 4.09 2.05 6.98 2.26 3.99 5.84 4.92 5.93 5.81 
1.53 8.82 1.39 7.16 6.98 4.12 4.47 2.90 7.43 7.05 1.45 9.14 5.92 9.78 8.84 6.02 1.47 4.38 9.19 1.07 6.06 6.65 5.89 4.82 4.10 8.59 3.04 4.03 10.26 6.02 7.51 7.42 3.41 8.24 1.63 7.46 7.01 7.39 7.27 8.62 
6.05 3.66 6.92 11.39 1.98 4.90 9.87 7.84 3.04 10.76 7.70 2.38 10.40 4.35 5.62 10.69 5.95 3.04 8.53 7.43 10.46 3.27 4.06 9.68 5.76 6.55 9.55 4.62 8.50 10.47 2.83 6.32 7.18 11.55 7.03 4.66 10.58 0.49 10.56 8.87 
9.28 5.33 9.19 7.90 6.75 6.70 8.82 8.28 5.64 7.07 9.52 7.32 7.87 5.25 3.08 8.18 9.73 8.79 1.74 9.66 7.80 5.65 5.50 8.16 6.48 2.27 10.06 6.95 0.30 7.86 5.85 3.20 7.39 6.87 9.00 4.14 6.86 8.19 6.53 2.82 
7.35 3.47 8.20 12.35 2.61 5.99 11.01 9.02 3.39 11.68 8.98 1.64 11.42 3.90 5.71 11.72 7.27 4.37 8.89 8.72 11.47 3.89 4.86 10.77 6.81 6.81 10.79 5.74 8.64 11.49 3.14 6.82 8.31 12.39 8.30 5.05 11.49 1.41 11.43 9.38 
4.78 2.55 5.25 8.26 1.54 2.39 7.22 5.46 1.21 7.55 5.92 3.53 7.40 3.49 2.96 7.71 5.02 3.18 5.22 5.82 7.43 0.38 0.73 6.88 3.00 3.44 7.42 2.33 5.48 7.45 1.38 2.94 4.59 8.24 5.22 1.59 7.36 3.00 7.29 5.46 
4.95 5.90 4.59 4.31 5.58 3.01 4.15 3.45 5.01 3.55 4.78 7.45 3.68 6.57 4.40 4.01 5.49 5.81 3.28 4.99 3.67 4.33 3.34 3.57 2.30 3.46 5.22 3.37 4.54 3.71 5.24 2.30 2.62 4.19 4.35 3.69 3.35 6.99 3.25 2.64 
2.34 5.02 3.06 7.86 3.13 1.48 6.03 3.96 3.63 7.35 3.84 5.32 6.76 5.98 5.47 7.01 2.46 1.36 6.92 3.61 6.83 2.91 2.43 5.92 2.29 5.62 5.64 1.12 7.58 6.83 3.68 4.70 3.40 8.32 3.15 4.04 7.21 3.75 7.28 6.78 
1.47 8.29 0.52 5.94 6.65 3.39 3.34 1.62 6.92 5.79 0.29 8.88 4.71 9.22 8.01 4.83 1.85 4.48 8.05 0.21 4.84 6.11 5.22 3.62 3.14 7.62 2.23 3.40 9.19 4.80 7.04 6.42 2.19 6.98 0.53 6.70 5.75 7.32 6.00 7.42 
8.32 2.18 8.60 9.58 4.10 5.70 9.56 8.31 3.02 8.75 9.16 4.09 9.14 1.93 1.09 9.47 8.63 6.81 4.08 9.16 9.11 3.45 3.94 9.03 5.93 2.21 10.30 5.78 3.27 9.16 3.14 3.19 7.35 8.97 8.50 2.35 8.54 5.32 8.30 4.99 
1.40 8.52 0.76 6.40 6.79 3.67 3.76 2.12 7.13 6.28 0.69 9.00 5.17 9.46 8.36 5.27 1.63 4.44 8.51 0.30 5.30 6.33 5.49 4.07 3.52 8.02 2.47 3.65 9.63 5.26 7.24 6.83 2.67 7.47 0.93 7.01 6.24 7.36 6.49 7.90 
3.71 8.62 2.78 3.38 7.53 3.98 1.05 1.11 7.41 3.26 2.35 9.71 2.14 9.45 7.64 2.28 4.23 6.23 6.62 2.76 2.27 6.59 5.53 1.07 3.23 6.86 1.81 4.22 7.97 2.24 7.59 5.65 1.66 4.46 2.49 6.60 3.23 8.58 3.53 5.75 
5.84 1.46 6.39 9.34 1.00 3.58 8.42 6.66 0.13 8.61 7.08 2.39 8.54 2.42 2.74 8.85 6.02 3.76 5.65 6.96 8.56 0.83 1.89 8.05 4.20 3.63 8.62 3.49 5.59 8.59 0.18 3.53 5.79 9.22 6.38 1.78 8.41 2.43 8.31 6.09 
7.13 0.52 7.58 9.75 2.33 4.68 9.20 7.63 1.33 8.96 8.23 2.50 9.09 1.19 1.81 9.42 7.35 5.20 5.14 8.15 9.09 2.01 2.85 8.76 5.15 3.03 9.63 4.67 4.73 9.13 1.39 3.43 6.71 9.40 7.54 1.75 8.75 3.51 8.59 5.81 
3.90 3.97 4.11 6.68 3.08 1.23 5.65 3.99 2.76 6.00 4.68 5.13 5.80 4.84 3.50 6.11 4.28 3.48 4.59 4.66 5.83 1.96 0.88 5.28 1.50 3.37 5.98 1.42 5.27 5.85 2.96 2.37 3.07 6.76 4.01 2.16 5.82 4.42 5.78 4.52 
3.80 9.95 2.80 4.41 8.60 5.08 1.67 2.01 8.66 4.57 2.04 10.83 3.29 10.83 9.21 3.26 4.17 6.75 8.36 2.44 3.43 7.83 6.82 2.29 4.49 8.52 0.14 5.23 9.71 3.37 8.82 7.29 2.95 5.75 2.62 8.06 4.61 9.45 4.96 7.49 
7.65 8.06 7.07 3.32 8.28 5.98 5.03 5.53 7.51 2.55 7.01 9.87 3.65 8.49 6.01 3.89 8.22 8.79 3.04 7.33 3.53 6.97 6.12 4.35 5.23 4.73 6.69 6.34 4.46 3.60 7.75 4.14 5.03 2.18 6.79 5.92 2.37 9.76 1.99 1.97 
2.36 9.63 1.95 7.05 7.82 4.84 4.30 3.10 8.24 7.05 1.64 9.99 5.84 10.58 9.55 5.89 2.34 5.24 9.67 1.45 5.98 7.45 6.65 4.75 4.72 9.22 2.65 4.79 10.81 5.94 8.32 8.03 3.79 8.25 2.12 8.19 7.03 8.25 7.33 9.02 
6.79 3.16 6.89 7.46 4.05 4.13 7.46 6.35 3.00 6.64 7.35 5.09 7.00 3.53 1.09 7.33 7.19 5.99 2.56 7.41 6.97 2.87 2.72 6.91 4.13 0.54 8.30 4.32 2.58 7.02 3.23 1.05 5.40 6.92 6.74 1.37 6.42 5.54 6.20 3.18 
3.37 7.18 2.71 3.91 6.20 2.73 2.41 1.29 6.00 3.47 2.70 8.35 2.80 8.00 6.19 3.07 3.94 5.29 5.45 2.99 2.88 5.19 4.12 2.07 1.89 5.46 3.09 3.03 6.72 2.88 6.19 4.24 0.70 4.56 2.43 5.14 3.36 7.35 3.51 4.71 
5.56 3.39 6.40 10.78 1.48 4.30 9.29 7.27 2.58 10.15 7.18 2.45 9.80 4.16 5.19 10.09 5.50 2.62 8.00 6.92 9.85 2.72 3.47 9.09 5.16 6.06 9.01 4.02 8.04 9.86 2.39 5.76 6.59 10.95 6.50 4.15 9.97 0.42 9.95 8.31 
7.15 9.60 6.33 0.94 9.33 6.30 3.30 4.62 8.77 0.42 6.01 11.21 1.69 10.19 7.83 1.79 7.71 9.06 5.29 6.41 1.55 8.09 7.08 2.73 5.43 6.64 5.10 6.65 6.76 1.61 9.01 5.75 4.53 0.78 6.04 7.39 0.50 10.69 0.54 4.20 
8.36 9.99 7.59 2.07 9.99 7.24 4.64 5.88 9.32 1.75 7.31 11.73 3.03 10.48 8.02 3.11 8.92 10.05 5.07 7.70 2.89 8.71 7.77 4.07 6.40 6.75 6.44 7.60 6.46 2.95 9.56 6.06 5.70 0.57 7.29 7.81 1.76 11.42 1.50 4.02 
2.70 4.91 2.96 6.53 3.55 0.04 5.03 3.13 3.57 5.96 3.58 5.76 5.50 5.83 4.69 5.78 3.10 2.85 5.57 3.52 5.56 2.74 1.80 4.79 0.86 4.53 5.07 0.39 6.38 5.57 3.72 3.46 2.33 6.88 2.89 3.31 5.80 4.62 5.84 5.33 
4.46 7.93 3.69 2.75 7.18 3.82 1.88 2.02 6.85 2.31 3.49 9.26 1.69 8.69 6.66 1.99 5.02 6.45 5.28 3.85 1.75 6.07 5.01 1.28 2.95 5.74 3.21 4.14 6.67 1.76 7.07 4.58 1.84 3.43 3.39 5.79 2.21 8.40 2.40 4.37 
9.70 4.52 9.76 9.22 6.30 7.04 9.88 9.07 5.17 8.38 10.19 6.42 9.08 4.21 2.61 9.40 10.10 8.73 3.07 10.28 9.02 5.40 5.54 9.25 7.00 2.50 10.96 7.23 1.66 9.08 5.34 3.70 8.14 8.28 9.60 3.98 8.17 7.61 7.86 4.16 
1.36 6.15 1.65 6.48 4.53 1.33 4.47 2.38 4.77 6.06 2.36 6.76 5.32 7.09 6.05 5.56 1.82 2.79 6.71 2.22 5.42 3.97 3.12 4.41 1.50 5.86 4.08 1.27 7.64 5.41 4.89 4.74 1.94 7.12 1.65 4.68 5.94 5.31 6.07 6.32 
8.61 2.22 8.91 9.91 4.25 6.00 9.90 8.64 3.19 9.08 9.48 4.06 9.47 1.83 1.43 9.81 8.91 7.02 4.35 9.47 9.45 3.68 4.22 9.36 6.25 2.52 10.63 6.08 3.45 9.50 3.29 3.53 7.68 9.28 8.81 2.65 8.86 5.41 8.63 5.28 
5.10 2.99 5.87 10.01 0.83 3.58 8.60 6.62 1.95 9.36 6.64 2.58 9.04 3.87 4.55 9.34 5.11 2.37 7.23 6.42 9.09 1.95 2.66 8.37 4.41 5.33 8.41 3.33 7.34 9.11 1.80 4.98 5.89 10.15 5.95 3.42 9.19 1.05 9.16 7.51 
5.06 2.25 5.55 8.54 1.32 2.70 7.54 5.78 0.89 7.82 6.23 3.23 7.70 3.20 2.85 8.01 5.28 3.30 5.30 6.12 7.72 0.07 1.03 7.18 3.32 3.45 7.74 2.64 5.48 7.75 1.06 3.05 4.91 8.49 5.53 1.54 7.63 2.82 7.55 5.60 
1.82 5.92 2.75 8.25 3.90 2.31 6.14 4.04 4.54 7.82 3.54 5.99 7.09 6.88 6.49 7.31 1.72 1.23 7.88 3.22 7.18 3.88 3.46 6.15 2.98 6.64 5.46 1.99 8.59 7.17 4.57 5.69 3.71 8.87 2.92 5.06 7.70 4.20 7.82 7.68 
4.46 4.24 5.36 10.18 2.07 3.64 8.46 6.39 3.14 9.61 6.14 3.63 9.12 5.11 5.69 9.39 4.35 1.44 8.12 5.85 9.19 2.94 3.34 8.33 4.51 6.35 8.02 3.31 8.38 9.19 3.02 5.82 5.80 10.49 5.49 4.45 9.45 1.62 9.47 8.28 
6.96 0.38 7.45 9.84 2.02 4.57 9.20 7.57 1.09 9.06 8.12 2.22 9.14 1.29 2.11 9.47 7.16 4.93 5.40 8.02 9.15 1.84 2.77 8.77 5.09 3.29 9.56 4.53 5.04 9.19 1.10 3.60 6.66 9.55 7.42 1.85 8.86 3.17 8.71 6.03 
6.53 9.46 5.68 0.75 9.03 5.86 2.59 3.96 8.55 0.32 5.33 10.99 0.98 10.11 7.82 1.13 7.08 8.56 5.54 5.74 0.84 7.83 6.80 2.02 4.99 6.68 4.39 6.20 7.01 0.91 8.78 5.71 3.96 1.50 5.38 7.25 0.44 10.34 0.84 4.46 
6.67 6.92 6.19 3.76 7.05 4.81 4.76 4.79 6.30 2.92 6.24 8.69 3.67 7.41 4.97 3.98 7.23 7.60 2.46 6.52 3.59 5.75 4.89 4.08 4.10 3.74 6.23 5.17 3.94 3.66 6.55 2.99 4.14 3.03 5.93 4.75 2.70 8.53 2.41 1.42 
9.56 4.57 9.60 8.98 6.29 6.91 9.66 8.88 5.16 8.14 10.01 6.50 8.85 4.31 2.57 9.16 9.97 8.66 2.82 10.11 8.78 5.35 5.45 9.03 6.84 2.34 10.76 7.10 1.41 8.84 5.34 3.53 7.96 8.03 9.44 3.91 7.93 7.63 7.61 3.92 
6.66 0.95 7.08 9.26 2.13 4.17 8.68 7.11 1.03 8.48 7.72 2.78 8.58 1.72 1.67 8.91 6.90 4.85 4.86 7.65 8.58 1.56 2.34 8.24 4.62 2.76 9.10 4.17 4.60 8.62 1.17 3.01 6.18 8.95 7.03 1.27 8.27 3.47 8.12 5.46 
5.94 3.35 6.03 6.94 3.74 3.29 6.72 5.52 2.81 6.13 6.50 5.13 6.37 3.92 1.76 6.70 6.35 5.32 2.84 6.56 6.36 2.45 2.03 6.19 3.27 1.29 7.49 3.50 3.24 6.40 3.06 0.62 4.56 6.55 5.88 1.18 5.92 5.25 5.74 3.18 
9.84 4.39 9.94 9.55 6.25 7.18 10.15 9.30 5.14 8.71 10.38 6.26 9.38 4.02 2.63 9.71 10.23 8.77 3.41 10.46 9.32 5.42 5.63 9.53 7.18 2.69 11.20 7.35 2.01 9.38 5.29 3.91 8.36 8.62 9.79 4.04 8.50 7.53 8.19 4.50 
2.09 9.37 1.75 7.09 7.55 4.61 4.35 3.02 7.98 7.05 1.55 9.72 5.87 10.33 9.32 5.93 2.06 4.97 9.52 1.29 6.01 7.20 6.41 4.77 4.52 9.02 2.76 4.55 10.64 5.96 8.07 7.84 3.66 8.25 1.94 7.96 7.03 7.97 7.31 8.90 
5.59 5.70 5.27 4.57 5.65 3.47 4.75 4.15 4.95 3.76 5.47 7.37 4.10 6.29 3.99 4.44 6.12 6.22 2.58 5.68 4.07 4.35 3.46 4.13 2.86 2.93 5.90 3.82 3.86 4.12 5.20 1.87 3.32 4.22 5.04 3.48 3.55 7.11 3.37 1.98 
7.18 9.48 6.38 1.13 9.24 6.26 3.43 4.67 8.67 0.53 6.08 11.11 1.83 10.06 7.68 1.95 7.74 9.03 5.11 6.48 1.68 8.00 7.00 2.84 5.40 6.48 5.22 6.61 6.57 1.75 8.91 5.61 4.55 0.71 6.08 7.26 0.53 10.61 0.42 4.02 
4.04 3.29 4.52 7.86 1.93 1.70 6.64 4.81 1.92 7.20 5.20 4.10 6.94 4.23 3.57 7.24 4.28 2.66 5.45 5.09 6.98 1.10 0.64 6.34 2.39 3.86 6.74 1.60 5.88 7.00 2.05 3.15 3.97 7.97 4.49 2.15 7.02 3.21 6.98 5.55 
3.34 4.97 4.26 9.41 2.79 2.97 7.51 5.41 3.70 8.89 5.05 4.67 8.30 5.90 6.04 8.55 3.20 0.30 8.06 4.74 8.38 3.25 3.27 7.43 3.81 6.48 6.95 2.61 8.51 8.37 3.64 5.76 4.93 9.85 4.41 4.67 8.75 2.74 8.81 8.06 
9.74 3.53 9.96 10.28 5.58 7.09 10.60 9.53 4.51 9.44 10.48 5.25 9.99 2.98 2.37 10.32 10.08 8.31 4.30 10.51 9.95 4.95 5.38 10.02 7.24 3.00 11.48 7.21 3.05 10.00 4.62 4.19 8.57 9.47 9.84 3.77 9.22 6.72 8.94 5.35 
3.33 4.06 3.75 7.28 2.65 0.92 5.91 4.04 2.70 6.66 4.42 4.85 6.30 4.99 4.11 6.59 3.63 2.54 5.53 4.32 6.35 1.87 1.07 5.64 1.68 4.18 5.96 0.83 6.14 6.36 2.83 3.27 3.22 7.50 3.72 2.68 6.49 3.79 6.49 5.47 
7.77 3.96 7.78 7.50 5.15 5.14 7.91 7.05 4.06 6.65 8.18 5.95 7.22 4.11 1.65 7.54 8.20 7.13 1.77 8.28 7.17 4.00 3.85 7.30 5.02 0.61 8.94 5.36 1.43 7.22 4.28 1.70 6.12 6.74 7.61 2.50 6.44 6.62 6.16 2.68 
2.69 5.24 2.78 6.06 3.99 0.48 4.58 2.73 3.94 5.49 3.33 6.18 5.03 6.13 4.82 5.31 3.15 3.27 5.40 3.32 5.09 3.11 2.10 4.32 0.39 4.54 4.70 0.82 6.30 5.09 4.10 3.41 1.89 6.43 2.67 3.50 5.34 5.09 5.39 5.08 
4.17 8.64 3.26 2.88 7.68 4.17 0.95 1.55 7.48 2.73 2.87 9.83 1.65 9.44 7.52 1.82 4.70 6.56 6.29 3.28 1.77 6.67 5.60 0.64 3.36 6.67 2.23 4.44 7.67 1.74 7.68 5.48 1.89 3.92 2.97 6.56 2.70 8.79 3.00 5.38 
3.45 3.86 4.07 8.11 2.08 1.61 6.62 4.65 2.47 7.51 4.80 4.31 7.10 4.82 4.40 7.39 3.62 1.83 6.23 4.63 7.16 1.76 1.46 6.39 2.46 4.70 6.49 1.35 6.71 7.17 2.53 3.93 3.91 8.36 4.09 2.98 7.34 3.02 7.35 6.25 
7.35 1.66 8.04 11.33 1.90 5.41 10.35 8.53 2.04 10.60 8.78 0.40 10.52 2.07 3.96 10.84 7.42 4.71 7.25 8.60 10.55 2.79 3.86 10.02 6.11 5.15 10.44 5.25 6.88 10.58 1.81 5.35 7.69 11.18 8.07 3.55 10.40 1.99 10.29 7.85 
3.82 3.71 4.55 8.83 1.67 2.31 7.29 5.28 2.37 8.23 5.31 3.83 7.82 4.66 4.63 8.10 3.89 1.52 6.77 5.09 7.88 1.85 1.95 7.09 3.17 5.10 7.07 2.02 7.14 7.89 2.36 4.46 4.59 9.08 4.61 3.27 8.06 2.34 8.07 6.86 
9.12 4.33 9.16 8.62 5.96 6.47 9.24 8.44 4.83 7.78 9.57 6.29 8.46 4.16 2.22 8.78 9.53 8.26 2.51 9.67 8.40 4.98 5.03 8.61 6.39 1.90 10.32 6.67 1.21 8.46 5.02 3.08 7.51 7.72 8.99 3.51 7.57 7.33 7.26 3.59 
3.42 10.11 2.51 5.36 8.59 5.18 2.61 2.37 8.77 5.50 1.73 10.82 4.22 11.02 9.57 4.20 3.69 6.46 9.02 2.01 4.37 7.94 6.98 3.20 4.73 8.99 0.82 5.26 10.31 4.31 8.91 7.76 3.31 6.69 2.42 8.35 5.53 9.30 5.87 8.21 
6.51 3.26 7.35 11.58 1.92 5.17 10.18 8.19 2.86 10.92 8.13 1.81 10.63 3.87 5.35 10.93 6.45 3.55 8.39 7.87 10.68 3.24 4.13 9.96 6.01 6.36 9.95 4.91 8.27 10.70 2.62 6.24 7.48 11.67 7.45 4.52 10.74 0.56 10.70 8.80 
2.99 5.27 2.97 5.74 4.17 0.84 4.41 2.68 4.02 5.15 3.45 6.33 4.74 6.14 4.68 5.04 3.47 3.65 5.05 3.49 4.80 3.20 2.15 4.10 0.21 4.30 4.68 1.19 6.00 4.81 4.20 3.13 1.77 6.06 2.82 3.42 4.99 5.35 5.03 4.69 
2.70 9.69 1.91 6.01 8.05 4.77 3.24 2.38 8.32 6.06 1.22 10.26 4.82 10.62 9.34 4.85 2.90 5.74 9.10 1.35 4.97 7.51 6.60 3.75 4.45 8.87 1.56 4.81 10.33 4.91 8.44 7.65 3.24 7.26 1.92 8.06 6.06 8.66 6.38 8.37 
6.22 1.43 6.85 10.08 0.81 4.14 9.07 7.26 0.85 9.36 7.57 1.67 9.25 2.30 3.28 9.57 6.33 3.82 6.35 7.41 9.28 1.52 2.58 8.73 4.83 4.29 9.18 4.00 6.19 9.30 0.60 4.27 6.41 9.98 6.86 2.50 9.16 1.87 9.06 6.83 
5.68 1.75 6.29 9.57 0.53 3.58 8.51 6.69 0.60 8.86 7.01 2.22 8.72 2.69 3.21 9.03 5.82 3.42 6.09 6.86 8.75 1.00 2.05 8.18 4.27 4.09 8.62 3.44 6.06 8.77 0.44 3.93 5.85 9.51 6.30 2.21 8.66 1.97 8.58 6.49 
5.19 2.14 5.78 9.09 0.72 3.04 7.99 6.16 0.78 8.39 6.49 2.75 8.22 3.10 3.23 8.53 5.35 3.09 5.87 6.34 8.25 0.60 1.56 7.66 3.74 3.96 8.08 2.91 5.97 8.27 0.79 3.64 5.32 9.07 5.78 2.05 8.20 2.22 8.12 6.20 
7.19 9.12 6.44 1.59 8.97 6.10 3.69 4.74 8.36 0.87 6.19 10.79 2.13 9.68 7.28 2.30 7.76 8.89 4.65 6.57 2.00 7.71 6.73 3.06 5.25 6.06 5.46 6.45 6.11 2.06 8.60 5.23 4.53 0.81 6.14 6.91 0.76 10.36 0.38 3.56 
9.37 3.44 9.56 9.80 5.39 6.71 10.13 9.08 4.30 8.96 10.06 5.27 9.51 3.01 1.99 9.84 9.71 8.04 3.84 10.10 9.47 4.68 5.04 9.54 6.82 2.53 11.04 6.84 2.65 9.52 4.43 3.73 8.13 9.00 9.43 3.42 8.74 6.61 8.46 4.89 
7.66 2.09 7.91 8.96 3.72 5.02 8.87 7.60 2.60 8.14 8.46 4.09 8.48 2.17 0.41 8.81 7.98 6.27 3.70 8.47 8.45 2.91 3.29 8.34 5.23 1.67 9.59 5.12 3.13 8.50 2.77 2.53 6.64 8.40 7.81 1.67 7.92 5.06 7.70 4.52 
6.53 4.02 7.43 11.99 2.53 5.49 10.44 8.40 3.55 11.35 8.21 2.49 10.99 4.62 6.08 11.28 6.40 3.50 9.06 7.92 11.05 3.84 4.65 10.26 6.35 7.06 10.08 5.20 8.99 11.06 3.32 6.87 7.75 12.15 7.55 5.19 11.18 1.02 11.16 9.43 
9.65 2.97 9.96 10.76 5.12 7.04 10.88 9.66 4.12 9.92 10.52 4.54 10.38 2.28 2.43 10.72 9.94 7.98 4.94 10.51 10.35 4.68 5.26 10.32 7.29 3.36 11.65 7.12 3.80 10.40 4.19 4.47 8.71 10.04 9.86 3.69 9.70 6.14 9.44 5.95 
8.12 10.69 7.26 1.17 10.45 7.41 3.94 5.54 9.88 1.44 6.87 12.32 2.39 11.25 8.85 2.34 8.67 10.14 6.13 7.28 2.25 9.21 8.21 3.49 6.54 7.63 5.72 7.75 7.56 2.29 10.12 6.81 5.56 0.91 6.96 8.47 1.60 11.81 1.64 5.04 
7.59 0.79 8.01 9.91 2.83 5.09 9.49 7.99 1.84 9.11 8.64 2.74 9.30 0.94 1.65 9.64 7.83 5.70 5.02 8.58 9.30 2.48 3.26 9.03 5.51 2.94 9.99 5.10 4.48 9.34 1.89 3.51 7.05 9.49 7.95 1.99 8.90 3.95 8.72 5.77 
7.50 1.84 7.79 9.02 3.46 4.88 8.85 7.53 2.34 8.20 8.35 3.84 8.51 1.99 0.53 8.84 7.81 6.04 3.90 8.34 8.49 2.68 3.12 8.33 5.13 1.83 9.52 4.96 3.38 8.53 2.50 2.58 6.57 8.51 7.69 1.53 7.99 4.79 7.78 4.68 
1.90 8.72 0.98 5.80 7.11 3.80 3.12 1.67 7.36 5.71 0.26 9.33 4.57 9.65 8.39 4.66 2.23 4.93 8.28 0.50 4.70 6.54 5.63 3.47 3.50 7.95 1.84 3.84 9.46 4.66 7.48 6.74 2.39 6.91 0.95 7.09 5.68 7.78 5.96 7.61 
1.89 9.06 1.29 6.49 7.33 4.21 3.77 2.40 7.68 6.44 0.93 9.53 5.27 10.01 8.89 5.34 2.03 4.91 8.95 0.75 5.41 6.88 6.03 4.17 4.03 8.52 2.28 4.19 10.10 5.36 7.78 7.33 3.08 7.63 1.42 7.55 6.41 7.86 6.69 8.31 
7.02 1.78 7.72 11.15 1.59 5.13 10.10 8.25 1.89 10.42 8.47 0.64 10.31 2.32 4.01 10.63 7.07 4.36 7.24 8.28 10.34 2.58 3.64 9.78 5.86 5.15 10.14 4.96 6.94 10.37 1.64 5.27 7.43 11.04 7.76 3.47 10.23 1.66 10.13 7.80 
7.39 1.07 7.77 9.52 2.88 4.85 9.15 7.69 1.81 8.71 8.39 3.07 8.93 1.34 1.26 9.26 7.65 5.65 4.63 8.34 8.92 2.34 3.02 8.67 5.22 2.54 9.68 4.88 4.15 8.96 1.92 3.11 6.74 9.09 7.70 1.64 8.50 4.11 8.32 5.37 
3.44 4.26 3.68 6.69 3.13 0.77 5.46 3.70 2.98 6.05 4.28 5.27 5.74 5.16 3.95 6.05 3.81 3.12 5.01 4.25 5.79 2.15 1.12 5.14 1.23 3.84 5.67 0.95 5.73 5.81 3.15 2.82 2.81 6.87 3.60 2.58 5.87 4.37 5.86 4.88 
1.69 5.76 2.54 7.85 3.82 1.88 5.80 3.70 4.37 7.40 3.32 5.98 6.69 6.72 6.19 6.92 1.73 1.47 7.47 3.04 6.78 3.66 3.14 5.77 2.53 6.28 5.21 1.57 8.21 6.77 4.42 5.30 3.31 8.44 2.67 4.76 7.28 4.28 7.39 7.25 
7.39 8.77 6.69 2.22 8.76 6.07 4.19 5.04 8.08 1.48 6.51 10.50 2.69 9.29 6.85 2.89 7.96 8.89 4.08 6.87 2.56 7.47 6.53 3.53 5.25 5.60 5.93 6.43 5.53 2.63 8.33 4.85 4.71 1.16 6.40 6.58 1.34 10.19 0.94 2.99 
3.87 3.62 4.59 8.79 1.60 2.29 7.28 5.29 2.27 8.18 5.34 3.78 7.79 4.57 4.52 8.07 3.96 1.63 6.67 5.14 7.84 1.74 1.85 7.07 3.14 5.00 7.09 2.01 7.03 7.86 2.26 4.36 4.58 9.03 4.64 3.16 8.01 2.35 8.02 6.77 
5.43 1.99 6.05 9.42 0.44 3.35 8.31 6.47 0.75 8.72 6.77 2.42 8.55 2.94 3.33 8.86 5.56 3.18 6.11 6.61 8.58 0.90 1.89 7.99 4.07 4.15 8.39 3.20 6.14 8.61 0.66 3.91 5.64 9.40 6.06 2.25 8.53 1.95 8.45 6.47 
8.10 6.99 7.70 4.93 7.60 5.98 6.31 6.36 6.68 4.13 7.79 8.91 5.10 7.29 4.77 5.38 8.64 8.65 1.50 8.05 5.00 6.29 5.62 5.62 5.39 3.47 7.82 6.32 2.84 5.07 6.92 3.26 5.66 3.82 7.44 5.02 3.93 9.11 3.57 0.69 
8.15 7.08 7.74 4.90 7.68 6.05 6.32 6.40 6.76 4.10 7.83 9.00 5.09 7.37 4.86 5.36 8.69 8.73 1.58 8.09 4.99 6.38 5.71 5.63 5.45 3.56 7.84 6.39 2.90 5.06 7.01 3.35 5.71 3.77 7.49 5.10 3.91 9.20 3.54 0.78 
3.86 10.05 2.87 4.45 8.69 5.17 1.72 2.10 8.75 4.63 2.10 10.92 3.34 10.93 9.30 3.30 4.23 6.82 8.45 2.49 3.48 7.92 6.91 2.35 4.59 8.61 0.16 5.32 9.80 3.42 8.91 7.39 3.05 5.80 2.69 8.16 4.67 9.53 5.02 7.58 
8.51 6.01 8.28 6.35 6.99 6.11 7.45 7.16 5.97 5.53 8.50 8.00 6.39 6.17 3.71 6.69 9.02 8.54 0.51 8.70 6.31 5.75 5.31 6.78 5.70 2.49 8.81 6.41 1.37 6.37 6.20 2.80 6.34 5.29 8.05 4.31 5.32 8.50 4.98 1.31 
1.90 9.03 1.25 6.40 7.31 4.17 3.68 2.31 7.65 6.34 0.85 9.52 5.17 9.98 8.84 5.25 2.06 4.92 8.88 0.69 5.31 6.85 6.00 4.07 3.97 8.46 2.20 4.16 10.03 5.27 7.76 7.26 2.99 7.54 1.36 7.50 6.31 7.87 6.60 8.22 
6.90 3.50 6.95 7.23 4.39 4.26 7.34 6.33 3.35 6.40 7.38 5.44 6.81 3.85 1.36 7.14 7.32 6.24 2.20 7.46 6.78 3.18 2.95 6.77 4.18 0.32 8.26 4.47 2.30 6.83 3.58 0.94 5.38 6.64 6.79 1.71 6.18 5.89 5.95 2.84 
9.14 5.28 9.05 7.77 6.67 6.57 8.67 8.13 5.56 6.94 9.37 7.28 7.73 5.23 3.01 8.04 9.60 8.68 1.60 9.52 7.66 5.55 5.39 8.02 6.33 2.16 9.91 6.82 0.15 7.72 5.77 3.06 7.25 6.75 8.85 4.05 6.73 8.11 6.40 2.69 
2.32 8.56 1.31 5.02 7.10 3.64 2.39 0.94 7.23 4.92 0.70 9.34 3.79 9.46 8.02 3.89 2.76 5.21 7.66 1.13 3.92 6.40 5.43 2.69 3.16 7.48 1.48 3.75 8.90 3.88 7.38 6.26 1.81 6.12 1.09 6.79 4.89 7.91 5.17 6.94 
8.38 5.81 8.16 6.39 6.79 5.95 7.42 7.08 5.76 5.57 8.40 7.79 6.40 5.97 3.51 6.70 8.88 8.36 0.36 8.59 6.32 5.55 5.12 6.75 5.56 2.29 8.76 6.25 1.27 6.39 6.00 2.62 6.25 5.37 7.94 4.11 5.36 8.30 5.02 1.32 
1.08 8.36 1.00 6.99 6.54 3.65 4.37 2.64 6.97 6.84 1.29 8.71 5.76 9.32 8.38 5.87 1.11 4.01 8.77 0.86 5.89 6.19 5.43 4.67 3.65 8.13 3.09 3.56 9.82 5.85 7.05 6.97 3.06 8.02 1.28 7.00 6.78 6.99 7.03 8.22 
5.21 2.32 5.87 9.48 0.30 3.27 8.27 6.38 1.10 8.79 6.60 2.52 8.57 3.25 3.67 8.88 5.32 2.85 6.38 6.43 8.61 1.10 1.97 7.98 4.02 4.45 8.27 3.08 6.46 8.63 1.00 4.14 5.58 9.51 5.90 2.54 8.61 1.72 8.55 6.70 
3.08 4.26 3.54 7.33 2.74 0.84 5.86 3.94 2.88 6.73 4.24 4.96 6.32 5.20 4.38 6.61 3.36 2.30 5.79 4.12 6.38 2.08 1.34 5.62 1.68 4.47 5.83 0.65 6.42 6.39 3.00 3.55 3.16 7.61 3.53 2.96 6.57 3.79 6.59 5.70 
5.09 9.62 4.13 2.18 8.73 5.24 0.59 2.50 8.50 2.34 3.61 10.87 1.04 10.40 8.39 1.02 5.60 7.60 6.81 4.04 1.18 7.70 6.63 0.47 4.42 7.45 2.38 5.51 8.25 1.12 8.70 6.30 2.95 3.50 3.85 7.50 2.40 9.86 2.77 5.81 
3.47 4.41 4.31 9.11 2.27 2.59 7.36 5.29 3.10 8.56 5.10 4.28 8.04 5.35 5.41 8.30 3.44 0.76 7.47 4.83 8.11 2.63 2.67 7.23 3.46 5.86 6.95 2.24 7.89 8.11 3.07 5.17 4.71 9.48 4.43 4.05 8.40 2.50 8.44 7.51 
5.87 1.48 6.34 8.94 1.50 3.45 8.15 6.48 0.43 8.19 7.00 2.82 8.18 2.40 2.25 8.50 6.10 4.04 5.10 6.91 8.20 0.75 1.66 7.75 3.99 3.09 8.46 3.42 5.06 8.23 0.68 3.00 5.57 8.77 6.30 1.24 7.99 2.97 7.88 5.56 
4.08 3.28 4.71 8.58 1.44 2.17 7.20 5.26 1.89 7.94 5.45 3.67 7.61 4.24 4.05 7.90 4.22 2.08 6.21 5.27 7.66 1.29 1.41 6.94 2.99 4.52 7.13 1.95 6.56 7.67 1.93 3.91 4.49 8.74 4.74 2.69 7.76 2.49 7.74 6.35 
2.48 9.61 1.81 6.40 7.90 4.73 3.64 2.60 8.23 6.42 1.26 10.11 5.20 10.55 9.37 5.24 2.61 5.49 9.28 1.24 5.34 7.43 6.56 4.11 4.49 8.95 1.98 4.73 10.47 5.29 8.34 7.74 3.39 7.62 1.88 8.05 6.41 8.45 6.72 8.58 
7.64 6.62 7.27 4.85 7.16 5.50 6.03 5.97 6.26 4.02 7.38 8.52 4.91 6.97 4.45 5.20 8.18 8.18 1.36 7.63 4.82 5.85 5.16 5.35 4.92 3.15 7.49 5.84 2.81 4.88 6.51 2.83 5.24 3.86 7.01 4.60 3.82 8.67 3.48 0.30 
5.21 2.22 5.63 8.28 1.71 2.73 7.41 5.73 1.01 7.55 6.28 3.45 7.49 3.12 2.48 7.81 5.47 3.66 4.88 6.20 7.51 0.41 0.92 7.03 3.25 3.02 7.71 2.72 5.05 7.53 1.24 2.64 4.83 8.18 5.59 1.13 7.35 3.22 7.26 5.20 
5.39 9.63 4.45 1.80 8.83 5.37 0.98 2.78 8.54 1.96 3.96 10.94 0.66 10.38 8.31 0.64 5.91 7.82 6.59 4.39 0.80 7.76 6.68 0.63 4.53 7.33 2.77 5.66 8.04 0.74 8.75 6.21 3.13 3.12 4.17 7.49 2.03 9.99 2.41 5.58 
10.27 5.06 10.31 9.51 6.88 7.61 10.30 9.57 5.76 8.68 10.72 6.93 9.44 4.69 3.21 9.75 10.67 9.33 3.34 10.82 9.37 6.00 6.14 9.66 7.55 3.05 11.43 7.81 1.87 9.43 5.92 4.23 8.65 8.50 10.14 4.58 8.47 8.18 8.14 4.43 
4.88 4.07 4.90 6.16 3.82 2.29 5.65 4.37 3.16 5.40 5.35 5.60 5.46 4.78 2.88 5.79 5.32 4.70 3.37 5.42 5.46 2.53 1.66 5.16 2.14 2.36 6.34 2.56 4.13 5.50 3.40 1.22 3.41 6.00 4.74 1.89 5.20 5.29 5.09 3.33 
8.97 4.61 8.96 8.18 6.11 6.34 8.88 8.16 4.99 7.34 9.33 6.60 8.05 4.52 2.40 8.36 9.40 8.28 2.03 9.45 7.98 5.06 5.01 8.24 6.20 1.78 10.01 6.56 0.73 8.04 5.19 2.88 7.25 7.25 8.78 3.56 7.13 7.52 6.82 3.13 
7.06 7.63 6.50 3.25 7.75 5.37 4.64 4.99 7.01 2.43 6.46 9.40 3.37 8.11 5.65 3.65 7.62 8.18 2.93 6.77 3.27 6.44 5.56 3.96 4.62 4.40 6.24 5.73 4.40 3.34 7.25 3.70 4.44 2.37 6.22 5.46 2.23 9.21 1.88 1.83 
10.71 4.91 10.83 10.37 6.90 8.05 11.05 10.21 5.81 9.54 11.28 6.66 10.25 4.38 3.42 10.57 11.09 9.53 4.20 11.36 10.19 6.17 6.45 10.42 8.07 3.59 12.11 8.21 2.75 10.25 5.94 4.81 9.27 9.39 10.68 4.84 9.33 8.09 9.01 5.30 
10.01 4.00 10.19 10.21 6.01 7.35 10.66 9.67 4.93 9.36 10.68 5.75 9.98 3.48 2.64 10.30 10.36 8.69 4.13 10.73 9.92 5.33 5.69 10.06 7.44 3.07 11.61 7.49 2.79 9.98 5.05 4.29 8.72 9.34 10.06 4.07 9.15 7.19 8.85 5.21 
1.08 6.26 1.90 7.40 4.39 1.92 5.24 3.14 4.86 7.00 2.69 6.57 6.22 7.22 6.50 6.43 1.24 2.08 7.51 2.41 6.31 4.11 3.47 5.26 2.38 6.47 4.58 1.69 8.34 6.30 4.93 5.43 2.86 8.07 2.05 5.08 6.88 4.91 7.02 7.19 
10.92 4.98 11.05 10.65 7.01 8.25 11.31 10.45 5.93 9.81 11.51 6.68 10.52 4.41 3.59 10.84 11.29 9.68 4.48 11.58 10.46 6.32 6.64 10.68 8.29 3.83 12.36 8.41 3.02 10.52 6.05 5.05 9.51 9.66 10.91 5.02 9.60 8.17 9.28 5.57 
6.37 4.25 6.30 6.27 4.74 3.82 6.42 5.52 3.81 5.44 6.67 6.09 5.84 4.71 2.29 6.18 6.83 6.14 1.91 6.79 5.81 3.45 2.91 5.83 3.57 1.19 7.41 4.09 2.62 5.86 4.06 0.41 4.59 5.73 6.12 2.16 5.22 6.26 5.00 2.17 
5.30 3.99 5.30 6.23 3.97 2.71 5.89 4.70 3.21 5.44 5.73 5.63 5.59 4.64 2.59 5.93 5.74 5.06 2.99 5.81 5.59 2.66 1.91 5.37 2.54 1.97 6.66 2.97 3.71 5.63 3.46 0.80 3.75 5.96 5.14 1.77 5.24 5.46 5.09 3.03 
2.81 7.81 1.97 4.22 6.61 3.05 2.04 0.30 6.56 3.96 1.78 8.81 3.00 8.68 7.03 3.19 3.36 5.23 6.44 2.11 3.11 5.73 4.69 2.00 2.36 6.38 2.19 3.26 7.70 3.09 6.73 5.16 0.78 5.12 1.67 5.89 3.89 7.61 4.12 5.70 
7.85 4.42 7.80 7.17 5.53 5.26 7.72 6.98 4.46 6.32 8.16 6.40 6.95 4.57 2.11 7.27 8.30 7.39 1.31 8.29 6.89 4.35 4.10 7.09 5.06 0.95 8.83 5.51 1.17 6.95 4.68 1.76 6.07 6.36 7.62 2.85 6.11 7.01 5.82 2.26 
2.61 6.67 2.13 4.79 5.50 1.96 3.07 1.31 5.41 4.35 2.35 7.69 3.67 7.53 5.94 3.92 3.18 4.42 5.71 2.53 3.75 4.59 3.54 2.85 1.21 5.39 3.30 2.22 6.86 3.74 5.59 4.17 0.38 5.41 1.89 4.76 4.23 6.57 4.36 5.10 
0.72 7.98 1.14 7.28 6.10 3.38 4.72 2.87 6.58 7.07 1.66 8.26 6.04 8.94 8.10 6.18 0.61 3.51 8.68 1.23 6.16 5.82 5.11 4.97 3.49 7.93 3.54 3.26 9.68 6.13 6.65 6.79 3.13 8.23 1.44 6.70 7.00 6.51 7.22 8.19 
4.69 6.32 4.24 3.93 5.86 3.00 3.62 2.99 5.36 3.21 4.36 7.80 3.21 7.02 4.91 3.54 5.24 5.82 3.75 4.60 3.21 4.65 3.62 3.04 2.20 3.99 4.71 3.36 5.05 3.25 5.59 2.82 2.21 3.97 3.98 4.13 3.02 7.22 2.97 3.02 
5.32 5.43 5.04 4.79 5.31 3.13 4.76 4.01 4.64 4.00 5.29 7.07 4.24 6.06 3.83 4.58 5.84 5.86 2.77 5.47 4.22 4.02 3.11 4.18 2.55 2.84 5.82 3.48 3.97 4.27 4.88 1.71 3.14 4.51 4.82 3.22 3.79 6.77 3.64 2.27 
1.02 7.16 0.67 6.04 5.56 2.27 3.74 1.66 5.80 5.73 1.33 7.79 4.83 8.10 6.94 5.01 1.59 3.60 7.22 1.23 4.93 4.98 4.09 3.81 2.12 6.61 3.10 2.28 8.27 4.91 5.91 5.44 1.66 6.87 0.62 5.60 5.65 6.30 5.84 6.69 
7.10 0.48 7.56 9.76 2.27 4.66 9.20 7.62 1.28 8.98 8.21 2.44 9.10 1.21 1.87 9.43 7.32 5.14 5.19 8.13 9.10 1.97 2.83 8.76 5.13 3.08 9.61 4.64 4.79 9.14 1.33 3.46 6.70 9.43 7.51 1.77 8.77 3.44 8.61 5.85 
2.64 9.31 1.70 5.39 7.77 4.37 2.64 1.74 7.96 5.40 0.91 10.00 4.19 10.22 8.84 4.23 2.96 5.66 8.47 1.24 4.33 7.14 6.19 3.10 3.96 8.31 1.13 4.45 9.71 4.28 8.09 7.08 2.64 6.61 1.60 7.58 5.40 8.48 5.71 7.71 
2.68 5.66 2.59 5.58 4.48 0.98 4.08 2.29 4.39 5.03 3.05 6.66 4.53 6.54 5.09 4.81 3.19 3.69 5.34 3.10 4.59 3.56 2.52 3.82 0.20 4.68 4.28 1.30 6.34 4.60 4.56 3.50 1.41 5.99 2.43 3.82 4.88 5.60 4.95 4.92 
3.36 3.95 3.99 8.09 2.16 1.57 6.57 4.59 2.56 7.49 4.72 4.39 7.07 4.91 4.48 7.36 3.52 1.77 6.28 4.55 7.13 1.85 1.53 6.35 2.43 4.77 6.42 1.30 6.78 7.14 2.62 3.99 3.86 8.36 4.02 3.06 7.32 3.06 7.34 6.29 
8.58 2.54 8.83 9.58 4.46 5.94 9.66 8.47 3.37 8.74 9.37 4.44 9.18 2.25 1.24 9.51 8.90 7.14 3.92 9.38 9.14 3.77 4.21 9.11 6.12 2.17 10.45 6.04 3.01 9.19 3.50 3.25 7.51 8.91 8.72 2.60 8.52 5.69 8.28 4.88 
5.63 1.98 6.29 9.79 0.21 3.66 8.65 6.78 0.96 9.09 7.03 2.11 8.91 2.89 3.56 9.22 5.73 3.22 6.43 6.85 8.94 1.27 2.26 8.34 4.40 4.45 8.68 3.49 6.42 8.97 0.78 4.26 5.96 9.77 6.32 2.56 8.90 1.62 8.83 6.82 
8.27 1.15 8.71 10.53 3.34 5.80 10.18 8.70 2.45 9.72 9.35 2.77 9.95 0.52 2.08 10.29 8.50 6.29 5.40 9.28 9.94 3.15 3.97 9.70 6.22 3.37 10.69 5.80 4.68 9.99 2.46 4.09 7.76 10.05 8.66 2.67 9.50 4.29 9.31 6.22 
4.84 2.45 5.38 8.64 1.13 2.60 7.53 5.71 1.06 7.94 6.08 3.21 7.76 3.41 3.20 8.07 5.03 2.96 5.62 5.95 7.79 0.41 1.11 7.20 3.28 3.79 7.65 2.49 5.82 7.82 1.16 3.35 4.86 8.65 5.37 1.89 7.75 2.58 7.69 5.88 
7.07 0.24 7.57 9.99 2.04 4.70 9.34 7.71 1.18 9.22 8.24 2.10 9.30 1.18 2.22 9.62 7.26 4.98 5.53 8.14 9.30 1.95 2.90 8.92 5.22 3.42 9.69 4.65 5.15 9.34 1.16 3.75 6.80 9.70 7.54 2.01 9.01 3.13 8.86 6.18 
0.84 6.89 1.85 7.77 4.93 2.66 5.44 3.39 5.49 7.43 2.60 7.06 6.56 7.85 7.23 6.74 0.63 2.29 8.23 2.23 6.66 4.77 4.18 5.54 3.06 7.22 4.54 2.43 9.08 6.64 5.54 6.17 3.30 8.54 2.08 5.80 7.33 5.28 7.50 7.88 
10.43 4.31 10.61 10.56 6.37 7.77 11.06 10.09 5.30 9.72 11.10 6.00 10.35 3.73 3.06 10.68 10.78 9.08 4.44 11.15 10.30 5.72 6.10 10.45 7.86 3.48 12.03 7.91 3.06 10.36 5.41 4.70 9.14 9.66 10.48 4.48 9.50 7.50 9.20 5.53 
5.72 3.87 5.72 6.39 4.09 3.11 6.21 5.09 3.24 5.59 6.14 5.61 5.83 4.46 2.27 6.16 6.16 5.38 2.66 6.23 5.81 2.78 2.16 5.67 2.96 1.55 7.04 3.37 3.31 5.86 3.49 0.39 4.14 6.03 5.56 1.67 5.38 5.60 5.21 2.82 
9.53 3.62 9.72 9.86 5.58 6.87 10.24 9.22 4.49 9.02 10.21 5.44 9.59 3.18 2.17 9.92 9.89 8.23 3.85 10.25 9.55 4.86 5.21 9.64 6.97 2.63 11.16 7.01 2.61 9.60 4.62 3.85 8.27 9.04 9.58 3.59 8.80 6.79 8.52 4.91 
5.57 3.16 5.71 7.05 3.33 2.91 6.64 5.32 2.47 6.27 6.22 4.84 6.41 3.83 1.92 6.74 5.96 4.86 3.30 6.25 6.40 2.03 1.56 6.15 2.98 1.71 7.31 3.09 3.70 6.44 2.71 1.02 4.36 6.76 5.59 0.95 6.06 4.84 5.91 3.57 
3.48 8.24 2.59 3.56 7.15 3.61 1.42 0.87 7.02 3.35 2.26 9.33 2.33 9.07 7.28 2.51 4.02 5.90 6.36 2.65 2.45 6.20 5.14 1.32 2.84 6.53 2.07 3.85 7.69 2.42 7.21 5.31 1.29 4.53 2.29 6.22 3.30 8.21 3.56 5.53 
5.94 6.99 5.42 3.32 6.86 4.28 3.98 3.98 6.22 2.50 5.43 8.65 3.02 7.57 5.23 3.34 6.51 7.10 3.15 5.72 2.96 5.59 4.64 3.31 3.50 4.08 5.41 4.64 4.60 3.02 6.46 3.14 3.36 2.94 5.14 4.78 2.28 8.29 2.08 2.18 
6.82 8.94 6.06 1.50 8.71 5.77 3.35 4.36 8.13 0.67 5.81 10.57 1.82 9.53 7.16 2.03 7.38 8.56 4.68 6.19 1.70 7.46 6.47 2.70 4.92 5.98 5.11 6.13 6.15 1.77 8.37 5.09 4.16 1.12 5.76 6.73 0.49 10.09 0.13 3.59 
1.20 8.37 0.69 6.54 6.62 3.56 3.92 2.22 6.99 6.40 0.84 8.83 5.31 9.32 8.26 5.42 1.42 4.24 8.50 0.41 5.44 6.19 5.37 4.22 3.45 7.95 2.67 3.52 9.59 5.40 7.08 6.77 2.70 7.58 0.92 6.91 6.35 7.17 6.60 7.91 
7.52 9.15 6.79 1.91 9.09 6.33 4.10 5.11 8.44 1.26 6.57 10.86 2.54 9.67 7.24 2.70 8.09 9.14 4.47 6.94 2.40 7.81 6.86 3.46 5.49 6.00 5.87 6.69 5.92 2.47 8.68 5.23 4.85 0.76 6.49 6.95 1.16 10.51 0.79 3.38 
2.19 6.32 1.92 5.40 5.01 1.46 3.60 1.66 5.02 4.95 2.34 7.23 4.27 7.21 5.80 4.52 2.73 3.81 5.91 2.41 4.35 4.18 3.18 3.44 0.91 5.37 3.62 1.67 6.97 4.35 5.18 4.17 0.92 5.99 1.74 4.53 4.82 6.02 4.94 5.40 
5.18 4.24 5.14 5.97 4.15 2.63 5.64 4.48 3.43 5.19 5.54 5.86 5.33 4.90 2.84 5.67 5.64 5.09 2.99 5.64 5.33 2.85 2.03 5.12 2.39 2.15 6.43 2.92 3.81 5.37 3.68 0.94 3.53 5.73 4.97 2.03 4.99 5.63 4.85 2.94 
7.17 7.11 6.69 3.91 7.37 5.27 5.15 5.28 6.57 3.08 6.72 8.93 3.97 7.55 5.07 4.26 7.72 8.04 2.26 7.01 3.88 6.06 5.25 4.47 4.58 3.79 6.67 5.62 3.73 3.95 6.82 3.19 4.64 3.01 6.42 4.98 2.88 8.86 2.54 1.17 
2.96 4.37 3.63 8.01 2.52 1.47 6.36 4.34 2.97 7.44 4.38 4.73 6.95 5.33 4.87 7.23 3.11 1.52 6.54 4.18 7.02 2.26 1.87 6.19 2.34 5.10 6.12 1.14 7.10 7.03 3.03 4.26 3.67 8.35 3.68 3.44 7.28 3.29 7.32 6.48 
7.42 10.42 6.54 0.40 10.04 6.87 3.16 4.82 9.54 1.00 6.12 11.99 1.64 11.04 8.71 1.56 7.97 9.56 6.21 6.54 1.51 8.84 7.80 2.73 6.00 7.53 4.93 7.21 7.67 1.54 9.78 6.62 4.91 1.28 6.24 8.21 1.20 11.36 1.43 5.11 
9.73 4.46 9.81 9.33 6.26 7.07 9.96 9.14 5.14 8.49 10.24 6.35 9.17 4.13 2.60 9.49 10.13 8.72 3.18 10.32 9.11 5.39 5.56 9.33 7.04 2.55 11.03 7.25 1.78 9.17 5.30 3.76 8.20 8.39 9.65 3.98 8.28 7.57 7.96 4.27 
5.18 3.19 5.36 7.04 3.08 2.52 6.47 5.05 2.32 6.28 5.89 4.74 6.34 3.93 2.24 6.66 5.56 4.45 3.66 5.90 6.34 1.76 1.16 6.01 2.65 2.13 7.05 2.69 4.11 6.38 2.56 1.35 4.10 6.84 5.24 1.04 6.08 4.58 5.95 3.86 
3.43 6.75 2.88 4.13 5.83 2.42 2.83 1.64 5.59 3.62 2.98 7.95 3.08 7.56 5.75 3.37 3.99 5.09 5.09 3.22 3.14 4.78 3.71 2.45 1.56 5.03 3.52 2.74 6.33 3.15 5.79 3.81 0.84 4.64 2.62 4.70 3.48 7.02 3.59 4.40 
2.48 8.60 1.48 4.84 7.18 3.69 2.21 0.85 7.28 4.75 0.88 9.41 3.61 9.50 8.02 3.71 2.94 5.35 7.58 1.31 3.74 6.45 5.47 2.51 3.18 7.45 1.38 3.81 8.83 3.70 7.43 6.22 1.77 5.95 1.24 6.80 4.72 8.02 5.00 6.83 
3.00 6.96 2.40 4.32 5.89 2.38 2.67 1.18 5.75 3.88 2.48 8.06 3.19 7.80 6.10 3.45 3.57 4.89 5.58 2.72 3.27 4.93 3.86 2.41 1.58 5.45 3.12 2.66 6.81 3.27 5.93 4.22 0.34 4.96 2.12 4.98 3.76 7.00 3.91 4.90 
7.20 1.69 7.89 11.23 1.75 5.27 10.23 8.39 1.95 10.50 8.63 0.51 10.41 2.17 3.96 10.73 7.26 4.55 7.23 8.45 10.44 2.68 3.74 9.89 5.98 5.13 10.29 5.11 6.89 10.47 1.71 5.29 7.56 11.10 7.92 3.49 10.30 1.85 10.20 7.80 
6.62 7.41 6.06 3.18 7.43 4.95 4.32 4.57 6.72 2.34 6.04 9.13 3.15 7.93 5.51 3.44 7.18 7.77 3.02 6.34 3.06 6.13 5.22 3.64 4.19 4.29 5.87 5.32 4.49 3.13 6.97 3.49 4.01 2.50 5.78 5.21 2.13 8.88 1.83 1.95 
5.31 4.20 6.21 11.00 2.20 4.46 9.32 7.25 3.32 10.41 7.00 3.18 9.96 4.98 5.93 10.23 5.17 2.26 8.62 6.70 10.02 3.34 3.94 9.18 5.33 6.73 8.88 4.14 8.74 10.03 3.15 6.34 6.66 11.26 6.35 4.82 10.24 1.11 10.25 8.86 
4.66 9.82 3.67 2.94 8.76 5.21 0.30 2.21 8.63 3.14 3.06 10.94 1.84 10.63 8.75 1.79 5.14 7.36 7.41 3.49 1.98 7.81 6.75 0.98 4.45 7.89 1.60 5.44 8.83 1.92 8.81 6.70 2.89 4.30 3.41 7.77 3.20 9.79 3.56 6.46 
2.54 4.78 3.04 7.22 3.15 0.71 5.58 3.58 3.39 6.67 3.75 5.38 6.16 5.73 4.91 6.43 2.82 2.11 6.16 3.61 6.23 2.60 1.87 5.39 1.57 4.94 5.42 0.36 6.86 6.23 3.50 3.96 2.88 7.61 3.05 3.49 6.52 4.05 6.57 5.99 
9.96 5.11 9.97 9.02 6.82 7.33 9.85 9.18 5.70 8.19 10.35 7.03 8.96 4.83 3.10 9.27 10.38 9.16 2.85 10.47 8.89 5.87 5.92 9.21 7.21 2.75 11.02 7.54 1.38 8.95 5.87 3.89 8.27 8.00 9.79 4.41 7.98 8.17 7.65 3.94 
1.70 7.83 0.77 5.37 6.33 2.89 2.93 0.95 6.49 5.15 0.76 8.56 4.14 8.74 7.40 4.30 2.22 4.46 7.30 0.97 4.26 5.66 4.71 3.08 2.51 6.94 2.25 2.98 8.46 4.23 6.62 5.73 1.42 6.32 0.48 6.12 5.09 7.13 5.32 6.65 
5.09 5.40 4.82 4.81 5.19 2.91 4.65 3.82 4.55 4.03 5.08 6.99 4.21 6.05 3.88 4.54 5.61 5.65 2.98 5.26 4.19 3.91 2.97 4.08 2.32 2.95 5.66 3.26 4.16 4.23 4.79 1.78 2.94 4.61 4.60 3.19 3.83 6.63 3.70 2.50 
7.93 0.71 8.39 10.45 2.91 5.49 9.99 8.45 2.06 9.65 9.05 2.40 9.83 0.40 2.16 10.16 8.13 5.87 5.53 8.96 9.83 2.80 3.67 9.53 5.96 3.45 10.44 5.47 4.91 9.87 2.05 4.05 7.52 10.04 8.35 2.50 9.44 3.85 9.26 6.30 
8.24 3.33 8.36 8.50 4.88 5.57 8.79 7.79 3.75 7.66 8.82 5.31 8.18 3.28 1.15 8.51 8.62 7.22 2.73 8.88 8.14 3.91 4.03 8.21 5.60 1.19 9.73 5.74 1.91 8.19 3.94 2.40 6.84 7.77 8.21 2.47 7.45 6.26 7.18 3.70 
8.32 6.14 8.05 6.01 7.03 5.97 7.14 6.90 6.02 5.19 8.25 8.11 6.06 6.34 3.86 6.36 8.83 8.46 0.49 8.47 5.98 5.76 5.26 6.46 5.52 2.60 8.52 6.28 1.69 6.04 6.26 2.76 6.10 4.96 7.82 4.36 4.99 8.54 4.64 0.98 
7.97 3.37 8.07 8.20 4.80 5.31 8.48 7.48 3.68 7.36 8.53 5.37 7.87 3.42 1.09 8.20 8.37 7.04 2.51 8.60 7.83 3.77 3.82 7.89 5.31 0.87 9.42 5.49 1.85 7.88 3.88 2.09 6.54 7.48 7.92 2.29 7.14 6.21 6.88 3.44 
6.39 3.01 6.51 7.38 3.71 3.72 7.24 6.04 2.69 6.57 7.00 4.88 6.85 3.50 1.24 7.19 6.78 5.57 2.85 7.04 6.84 2.49 2.29 6.70 3.76 0.96 8.01 3.90 2.99 6.88 2.93 0.95 5.08 6.93 6.37 1.03 6.36 5.21 6.16 3.35 
4.12 8.37 3.25 2.92 7.44 3.96 1.23 1.53 7.22 2.68 2.92 9.58 1.71 9.17 7.24 1.92 4.66 6.41 6.02 3.32 1.81 6.42 5.35 0.83 3.13 6.39 2.46 4.24 7.40 1.80 7.42 5.20 1.71 3.87 2.95 6.28 2.64 8.58 2.90 5.12 
6.20 9.75 5.31 0.84 9.15 5.84 1.97 3.59 8.76 1.04 4.88 11.19 0.40 10.44 8.22 0.41 6.74 8.44 6.14 5.30 0.28 8.01 6.95 1.49 4.97 7.14 3.76 6.16 7.61 0.31 8.98 6.10 3.76 2.14 5.01 7.55 1.16 10.41 1.56 5.07 
7.65 3.19 7.76 8.06 4.51 4.99 8.24 7.20 3.40 7.22 8.23 5.19 7.68 3.32 0.87 8.01 8.04 6.72 2.55 8.29 7.65 3.46 3.49 7.67 5.00 0.66 9.15 5.17 2.08 7.70 3.61 1.83 6.25 7.39 7.62 1.97 7.00 5.95 6.75 3.41 
7.46 2.37 8.21 11.83 2.16 5.72 10.72 8.83 2.59 11.11 8.97 0.48 10.98 2.74 4.67 11.29 7.47 4.66 7.93 8.76 11.01 3.26 4.31 10.42 6.47 5.83 10.69 5.52 7.59 11.03 2.34 5.98 8.03 11.74 8.27 4.18 10.92 1.70 10.82 8.50 
2.54 7.13 1.89 4.62 5.92 2.36 2.68 0.83 5.87 4.25 1.98 8.12 3.44 8.00 6.41 3.67 3.11 4.66 6.06 2.22 3.54 5.04 4.00 2.54 1.67 5.83 2.83 2.59 7.26 3.53 6.04 4.61 0.17 5.36 1.62 5.23 4.15 6.95 4.32 5.40 
0.85 7.37 1.80 7.88 5.39 3.11 5.45 3.46 5.98 7.60 2.48 7.50 6.66 8.33 7.71 6.83 0.34 2.66 8.65 2.07 6.77 5.26 4.67 5.62 3.45 7.68 4.40 2.90 9.53 6.75 6.02 6.62 3.50 8.73 2.07 6.29 7.51 5.68 7.70 8.26 
3.39 6.52 2.90 4.32 5.61 2.22 3.06 1.79 5.36 3.78 3.06 7.72 3.29 7.33 5.54 3.59 3.95 4.92 4.99 3.28 3.35 4.55 3.48 2.68 1.35 4.85 3.70 2.55 6.20 3.36 5.56 3.63 0.90 4.78 2.65 4.48 3.64 6.80 3.73 4.34 
4.47 5.82 4.13 4.45 5.34 2.56 3.98 3.07 4.84 3.74 4.35 7.28 3.70 6.54 4.50 4.03 5.01 5.38 3.70 4.54 3.71 4.12 3.09 3.44 1.83 3.66 4.91 2.93 4.91 3.74 5.07 2.46 2.20 4.48 3.90 3.64 3.55 6.70 3.49 3.11 
3.80 4.30 4.66 9.45 2.12 2.92 7.72 5.65 3.04 8.89 5.44 4.02 8.39 5.22 5.45 8.65 3.74 0.92 7.65 5.17 8.46 2.66 2.83 7.59 3.79 5.98 7.30 2.58 8.01 8.46 2.98 5.34 5.06 9.80 4.78 4.13 8.73 2.17 8.77 7.73 
4.32 3.10 4.73 7.72 2.04 1.84 6.64 4.89 1.79 7.03 5.39 4.10 6.84 4.02 3.19 7.15 4.60 3.08 5.06 5.30 6.87 0.96 0.25 6.30 2.42 3.45 6.85 1.82 5.47 6.90 1.96 2.75 4.01 7.75 4.69 1.76 6.84 3.43 6.79 5.19 
6.20 3.66 6.23 6.73 4.16 3.58 6.68 5.60 3.22 5.91 6.66 5.49 6.23 4.16 1.84 6.56 6.63 5.71 2.42 6.74 6.21 2.88 2.44 6.12 3.46 1.04 7.54 3.81 2.87 6.25 3.46 0.29 4.65 6.27 6.07 1.56 5.70 5.68 5.50 2.77 
6.41 9.01 5.61 1.22 8.64 5.55 2.79 3.90 8.12 0.43 5.32 10.57 1.27 9.64 7.33 1.50 6.97 8.30 5.04 5.71 1.15 7.42 6.40 2.15 4.68 6.19 4.55 5.90 6.52 1.22 8.36 5.23 3.78 1.48 5.31 6.79 0.27 9.98 0.52 3.97 
6.09 1.25 6.57 9.13 1.55 3.69 8.37 6.70 0.43 8.38 7.23 2.66 8.38 2.17 2.18 8.71 6.31 4.21 5.16 7.14 8.40 0.97 1.89 7.96 4.22 3.11 8.68 3.65 5.05 8.43 0.63 3.11 5.80 8.93 6.53 1.32 8.17 2.97 8.05 5.65 
6.81 4.08 6.77 6.66 4.81 4.22 6.90 6.02 3.81 5.83 7.15 5.99 6.29 4.45 1.96 6.62 7.26 6.43 1.74 7.27 6.25 3.55 3.15 6.31 4.03 0.74 7.91 4.48 2.20 6.30 4.05 0.72 5.09 6.05 6.59 2.14 5.61 6.32 5.37 2.26 
7.30 4.00 7.28 7.07 4.97 4.69 7.40 6.54 3.92 6.23 7.67 5.96 6.74 4.26 1.75 7.07 7.73 6.78 1.66 7.78 6.70 3.76 3.49 6.80 4.53 0.45 8.42 4.92 1.77 6.75 4.15 1.20 5.61 6.37 7.10 2.29 6.01 6.46 5.75 2.41 
4.22 5.75 3.90 4.59 5.18 2.31 3.94 2.91 4.73 3.90 4.14 7.16 3.78 6.50 4.53 4.10 4.76 5.13 3.91 4.32 3.79 3.99 2.94 3.44 1.56 3.76 4.79 2.67 5.09 3.82 4.95 2.54 2.00 4.68 3.67 3.60 3.71 6.52 3.68 3.36 
9.79 3.60 10.00 10.27 5.64 7.13 10.61 9.55 4.58 9.43 10.51 5.33 9.99 3.06 2.41 10.32 10.12 8.37 4.27 10.55 9.95 5.01 5.43 10.03 7.27 3.01 11.51 7.25 3.01 10.00 4.68 4.20 8.60 9.46 9.88 3.82 9.22 6.79 8.93 5.33 
2.27 6.30 1.99 5.34 5.02 1.46 3.58 1.67 5.01 4.87 2.40 7.23 4.22 7.19 5.75 4.47 2.82 3.87 5.83 2.48 4.30 4.18 3.16 3.39 0.87 5.31 3.63 1.69 6.90 4.29 5.17 4.10 0.88 5.92 1.81 4.49 4.75 6.05 4.87 5.31 
8.15 4.95 8.04 6.97 6.05 5.61 7.71 7.12 4.99 6.13 8.35 6.94 6.84 5.08 2.64 7.15 8.62 7.84 0.88 8.51 6.77 4.85 4.55 7.06 5.34 1.48 8.91 5.87 0.86 6.83 5.22 2.12 6.23 6.06 7.84 3.37 5.91 7.54 5.60 1.93 
10.80 4.54 10.99 10.93 6.64 8.14 11.44 10.48 5.58 10.09 11.48 6.16 10.74 3.90 3.42 11.06 11.14 9.39 4.80 11.53 10.68 6.04 6.46 10.84 8.24 3.87 12.41 8.27 3.39 10.74 5.68 5.09 9.53 10.01 10.86 4.84 9.87 7.73 9.57 5.89 
5.59 7.43 4.97 2.79 7.11 4.22 3.27 3.43 6.55 2.01 4.90 9.00 2.34 8.06 5.79 2.66 6.16 7.04 3.87 5.22 2.29 5.87 4.86 2.59 3.39 4.70 4.74 4.58 5.31 2.35 6.79 3.68 2.93 2.70 4.69 5.21 1.80 8.48 1.71 2.89 
10.15 4.32 10.29 10.08 6.29 7.48 10.63 9.71 5.20 9.24 10.76 6.11 9.89 3.84 2.82 10.22 10.51 8.92 3.95 10.82 9.84 5.56 5.86 10.01 7.53 3.09 11.63 7.63 2.56 9.90 5.33 4.32 8.77 9.17 10.15 4.25 9.03 7.50 8.72 5.04 
9.19 4.68 9.18 8.39 6.24 6.56 9.11 8.40 5.12 7.55 9.56 6.66 8.27 4.54 2.51 8.58 9.61 8.46 2.22 9.68 8.20 5.22 5.20 8.47 6.43 1.99 10.24 6.77 0.84 8.26 5.31 3.10 7.48 7.44 9.01 3.73 7.34 7.64 7.02 3.32 
6.28 1.44 6.91 10.17 0.85 4.22 9.16 7.34 0.94 9.45 7.64 1.58 9.34 2.30 3.34 9.66 6.38 3.85 6.43 7.48 9.37 1.61 2.67 8.82 4.92 4.37 9.26 4.08 6.26 9.39 0.69 4.36 6.50 10.07 6.93 2.58 9.25 1.82 9.15 6.91 
4.25 8.58 3.36 2.79 7.65 4.16 1.04 1.64 7.43 2.61 2.99 9.79 1.56 9.37 7.43 1.76 4.79 6.59 6.15 3.39 1.68 6.63 5.55 0.63 3.34 6.57 2.38 4.44 7.54 1.65 7.63 5.38 1.90 3.80 3.06 6.48 2.57 8.78 2.86 5.24 
7.67 1.90 7.95 9.12 3.60 5.04 8.99 7.68 2.48 8.30 8.51 3.89 8.62 1.97 0.58 8.96 7.98 6.20 3.90 8.51 8.60 2.84 3.28 8.46 5.28 1.87 9.67 5.13 3.32 8.65 2.64 2.68 6.72 8.58 7.85 1.69 8.08 4.90 7.87 4.72 
8.51 6.18 8.25 6.18 7.12 6.14 7.34 7.10 6.10 5.36 8.45 8.15 6.25 6.34 3.87 6.55 9.02 8.61 0.58 8.66 6.17 5.86 5.39 6.66 5.70 2.64 8.73 6.44 1.56 6.23 6.34 2.88 6.30 5.11 8.02 4.44 5.16 8.62 4.81 1.18 
6.45 10.05 5.54 0.67 9.46 6.14 2.10 3.84 9.06 1.13 5.08 11.49 0.65 10.73 8.51 0.50 6.99 8.73 6.36 5.51 0.57 8.31 7.25 1.70 5.27 7.41 3.88 6.46 7.83 0.57 9.28 6.39 4.04 2.11 5.25 7.85 1.29 10.71 1.68 5.28 
5.00 2.96 5.75 9.84 0.77 3.42 8.44 6.47 1.85 9.19 6.52 2.67 8.88 3.85 4.44 9.17 5.02 2.32 7.08 6.30 8.93 1.80 2.49 8.20 4.25 5.20 8.28 3.17 7.21 8.94 1.72 4.82 5.74 9.98 5.82 3.28 9.02 1.22 8.99 7.36 
3.74 5.26 3.58 5.27 4.50 1.58 4.32 2.92 4.14 4.61 3.96 6.55 4.38 6.07 4.32 4.69 4.24 4.39 4.29 4.07 4.41 3.36 2.29 3.90 0.94 3.74 4.90 1.94 5.31 4.43 4.35 2.53 1.97 5.43 3.39 3.21 4.43 5.80 4.42 3.88 
6.63 1.60 6.96 8.68 2.68 4.03 8.26 6.81 1.56 7.89 7.55 3.50 8.06 2.18 1.06 8.39 6.92 5.14 4.14 7.52 8.05 1.78 2.24 7.78 4.36 2.04 8.81 4.10 3.92 8.09 1.76 2.33 5.86 8.31 6.87 0.75 7.67 4.10 7.50 4.75 
5.58 3.35 5.69 6.87 3.52 2.92 6.51 5.23 2.67 6.08 6.17 5.05 6.24 4.00 2.01 6.57 5.98 4.97 3.14 6.22 6.23 2.22 1.69 6.00 2.93 1.66 7.21 3.13 3.60 6.27 2.92 0.84 4.27 6.56 5.55 1.14 5.87 5.04 5.71 3.38 
9.56 5.10 9.52 8.47 6.68 6.94 9.31 8.69 5.56 7.64 9.88 7.07 8.41 4.93 2.95 8.72 9.99 8.89 2.30 10.01 8.34 5.66 5.62 8.67 6.78 2.39 10.50 7.16 0.82 8.40 5.75 3.46 7.78 7.45 9.34 4.16 7.43 8.08 7.10 3.39 
3.24 6.53 2.76 4.42 5.56 2.14 3.06 1.69 5.34 3.90 2.93 7.70 3.37 7.35 5.60 3.65 3.80 4.81 5.12 3.14 3.43 4.53 3.47 2.71 1.28 4.94 3.63 2.46 6.32 3.44 5.54 3.71 0.78 4.90 2.51 4.51 3.76 6.74 3.85 4.48 
3.73 7.75 2.95 3.39 6.81 3.33 1.83 1.29 6.59 3.03 2.77 8.95 2.23 8.56 6.68 2.49 4.29 5.84 5.68 3.12 2.32 5.79 4.72 1.46 2.50 5.88 2.75 3.62 7.01 2.31 6.79 4.68 1.15 4.16 2.65 5.68 2.94 7.96 3.14 4.85 
4.89 8.14 4.11 2.36 7.48 4.18 1.95 2.42 7.10 1.89 3.88 9.52 1.40 8.86 6.76 1.72 5.45 6.85 5.16 4.25 1.43 6.34 5.28 1.29 3.31 5.78 3.46 4.51 6.59 1.45 7.32 4.65 2.26 3.00 3.81 5.96 1.78 8.73 1.98 4.21 
7.98 8.58 7.35 3.10 8.79 6.41 5.07 5.76 8.02 2.40 7.24 10.39 3.60 9.01 6.52 3.81 8.55 9.23 3.49 7.58 3.47 7.48 6.62 4.40 5.64 5.23 6.79 6.77 4.87 3.54 8.27 4.66 5.33 1.81 7.07 6.44 2.25 10.26 1.86 2.44 
9.84 4.03 9.99 9.91 5.98 7.18 10.39 9.44 4.88 9.07 10.47 5.84 9.69 3.58 2.50 10.02 10.20 8.60 3.82 10.53 9.64 5.24 5.55 9.79 7.24 2.82 11.37 7.32 2.49 9.70 5.02 4.05 8.49 9.03 9.85 3.93 8.85 7.20 8.56 4.90 
6.20 4.45 6.10 6.00 4.83 3.69 6.14 5.27 3.94 5.18 6.44 6.26 5.57 4.94 2.55 5.90 6.67 6.09 1.95 6.58 5.53 3.52 2.91 5.55 3.38 1.47 7.15 3.97 2.80 5.59 4.19 0.52 4.35 5.49 5.90 2.31 4.96 6.34 4.75 2.07 
8.82 10.79 7.99 2.05 10.74 7.88 4.80 6.27 10.09 2.07 7.65 12.51 3.21 11.29 8.83 3.20 9.37 10.67 5.88 8.05 3.07 9.47 8.51 4.30 7.03 7.57 6.59 8.24 7.26 3.12 10.34 6.87 6.20 0.99 7.69 8.60 2.16 12.15 2.03 4.83 
3.39 10.31 2.57 5.88 8.71 5.38 3.13 2.74 8.95 6.02 1.84 10.93 4.75 11.23 9.87 4.72 3.58 6.43 9.45 2.02 4.89 8.13 7.20 3.72 5.00 9.34 1.34 5.43 10.72 4.83 9.07 8.12 3.67 7.21 2.54 8.62 6.05 9.34 6.39 8.66 
8.52 5.70 8.33 6.66 6.76 6.06 7.67 7.28 5.71 5.83 8.59 7.68 6.66 5.82 3.38 6.96 9.01 8.42 0.56 8.77 6.58 5.53 5.15 7.00 5.70 2.20 8.98 6.35 1.00 6.65 5.94 2.66 6.44 5.64 8.11 4.07 5.63 8.25 5.29 1.59 
4.94 3.98 5.82 10.51 1.88 3.97 8.86 6.80 2.99 9.92 6.60 3.20 9.48 4.81 5.59 9.75 4.83 1.92 8.18 6.32 9.54 2.92 3.47 8.71 4.84 6.33 8.47 3.66 8.35 9.55 2.84 5.90 6.19 10.77 5.94 4.42 9.75 1.16 9.76 8.40 
4.00 7.79 3.23 3.15 6.93 3.49 1.83 1.57 6.66 2.76 3.05 9.04 2.03 8.58 6.64 2.30 4.57 6.06 5.50 3.40 2.10 5.87 4.80 1.37 2.64 5.80 2.93 3.80 6.85 2.10 6.87 4.60 1.40 3.88 2.94 5.69 2.66 8.10 2.86 4.64 
4.78 8.85 3.89 2.26 8.03 4.58 1.06 2.17 7.75 2.11 3.50 10.14 1.03 9.61 7.59 1.24 5.32 7.08 6.07 3.91 1.14 6.96 5.89 0.38 3.74 6.65 2.70 4.88 7.49 1.12 7.96 5.50 2.38 3.31 3.59 6.72 2.10 9.20 2.41 5.10 
7.49 2.16 7.73 8.76 3.68 4.84 8.66 7.40 2.55 7.94 8.27 4.15 8.28 2.31 0.22 8.61 7.82 6.16 3.57 8.28 8.25 2.80 3.13 8.13 5.04 1.51 9.39 4.95 3.07 8.30 2.73 2.33 6.44 8.22 7.62 1.51 7.72 5.04 7.51 4.36 
