5.91 8.60 2.49 8.66 8.16 0.42 7.59 8.50 2.27 8.47 10.40 9.01 3.87 10.78 0.46 8.07 2.93 8.69 10.66 8.31 4.47 0.85 5.11 7.32 9.10 4.16 8.79 7.85 7.27 7.38 5.77 1.52 6.37 8.38 7.65 8.82 2.21 6.33 0.93 8.76 7.03 7.98 5.88 8.19 8.53 7.55 9.68 11.14 5.90 8.66 6.90 3.38 6.42 10.65 10.61 0.93 5.78 3.96 3.48 9.03 
1.44 7.60 6.62 7.38 1.49 7.02 5.42 5.57 5.43 2.23 5.44 9.46 5.30 7.13 6.32 6.77 4.97 8.79 6.69 9.25 2.25 6.67 3.20 0.94 7.91 5.78 5.40 3.02 8.01 1.15 7.65 5.67 1.47 6.27 5.62 7.40 4.91 7.22 5.80 2.12 3.18 1.94 3.18 2.46 1.85 2.43 7.55 6.50 7.24 2.03 8.06 4.81 6.48 5.12 4.85 5.81 5.20 4.51 4.91 2.66 
5.34 7.22 1.42 7.27 7.37 1.43 6.19 7.12 0.87 7.42 9.11 7.74 2.47 9.40 0.98 6.67 1.55 7.38 9.29 7.08 3.68 0.85 4.96 6.36 7.72 2.79 7.42 6.62 5.98 6.40 4.56 2.07 5.83 6.98 6.25 7.43 1.00 5.02 0.94 7.82 5.75 7.39 5.73 7.07 7.73 6.38 8.28 9.80 4.62 7.90 5.64 1.99 5.05 9.42 9.41 0.87 4.38 2.58 2.09 7.99 
9.78 1.37 6.92 1.66 9.84 9.20 3.57 3.87 7.22 8.23 6.44 1.17 5.65 4.58 8.97 2.18 6.73 0.79 5.01 1.82 8.43 8.54 10.85 8.44 1.26 5.23 4.33 6.46 2.16 8.24 3.78 9.89 10.14 2.90 3.36 1.73 7.66 3.02 8.89 9.19 5.84 10.82 11.33 7.49 10.03 6.91 2.40 6.12 3.48 10.30 2.65 6.36 3.04 7.42 7.81 8.82 4.16 5.98 6.19 8.57 
8.89 0.83 7.11 0.71 8.66 9.30 2.50 2.50 7.14 6.94 4.92 2.64 5.52 3.08 8.96 1.36 6.56 2.04 3.49 3.12 7.73 8.63 10.13 7.30 0.38 5.23 2.91 5.21 2.88 7.09 4.35 9.69 9.20 1.64 2.31 0.58 7.46 3.39 8.79 7.91 4.73 9.71 10.54 6.21 8.82 5.71 0.88 4.60 3.89 9.08 3.40 6.14 2.98 5.92 6.32 8.74 3.72 5.66 5.99 7.23 
6.74 1.85 5.76 1.61 6.63 7.76 0.35 1.08 5.49 5.04 3.93 3.96 3.93 3.17 7.32 1.05 4.84 3.25 3.24 4.03 5.61 7.10 8.00 5.23 2.13 3.81 1.60 3.26 3.08 5.03 3.88 7.85 7.05 0.64 0.16 1.62 5.69 2.90 7.07 5.99 2.63 7.62 8.40 4.30 6.81 3.70 2.05 4.10 3.30 7.08 3.44 4.40 2.06 4.76 5.05 7.02 1.99 3.84 4.28 5.41 
8.35 5.25 9.93 4.91 6.85 11.66 4.38 3.36 9.38 4.92 1.52 7.36 8.02 1.65 11.10 4.94 8.69 6.74 1.25 7.79 8.12 11.04 10.05 6.03 5.05 8.03 2.91 4.11 7.22 5.81 8.26 11.25 8.42 4.06 4.43 4.74 9.36 7.26 10.74 5.69 4.64 8.10 10.12 4.50 6.80 4.65 3.83 0.46 7.70 7.01 7.66 8.26 6.46 2.23 2.69 10.71 6.19 7.66 8.19 4.81 
5.56 3.43 3.43 3.41 6.32 5.37 2.25 3.23 3.11 5.32 5.67 4.67 1.55 5.49 4.95 2.76 2.48 4.09 5.46 4.29 4.01 4.72 6.41 4.90 3.90 1.51 3.62 3.80 3.02 4.78 2.65 5.58 5.99 3.00 2.29 3.53 3.36 2.16 4.72 6.11 2.81 7.01 6.96 4.68 6.61 3.91 4.32 6.15 2.18 6.86 3.01 2.04 1.54 6.25 6.39 4.67 0.40 1.54 1.91 5.84 
7.49 5.23 9.39 4.88 5.96 11.01 4.00 3.03 8.75 4.04 0.64 7.42 7.46 1.98 10.44 4.79 8.07 6.77 1.41 7.77 7.31 10.42 9.19 5.15 5.11 7.53 2.51 3.29 7.07 4.93 7.97 10.52 7.54 3.87 4.09 4.73 8.69 7.00 10.05 4.81 3.91 7.21 9.25 3.62 5.92 3.81 3.96 0.47 7.40 6.14 7.48 7.64 6.15 1.43 1.91 10.02 5.72 7.04 7.59 3.94 
8.65 6.10 10.66 5.77 6.94 12.31 5.17 4.16 10.05 5.08 1.86 8.21 8.74 2.49 11.74 5.79 9.36 7.59 2.10 8.64 8.57 11.71 10.37 6.28 5.90 8.78 3.69 4.55 8.07 6.07 9.09 11.81 8.66 4.90 5.24 5.60 9.99 8.10 11.35 5.74 5.20 8.18 10.39 4.76 6.84 5.04 4.68 1.13 8.52 7.03 8.51 8.93 7.28 2.18 2.59 11.32 6.96 8.33 8.88 4.88 
9.47 2.75 5.21 3.08 10.11 7.49 4.25 4.99 5.83 8.81 7.84 1.43 4.47 6.42 7.40 3.12 5.52 1.52 6.74 0.63 7.86 6.86 10.20 8.66 3.05 3.95 5.53 7.07 0.96 8.51 1.94 8.52 9.90 4.06 4.08 3.26 6.40 1.77 7.43 9.70 6.22 10.88 10.80 8.08 10.36 7.38 4.27 7.79 1.96 10.62 0.94 5.24 2.47 8.73 9.04 7.36 3.74 5.06 5.07 9.25 
6.04 3.18 3.35 3.21 6.82 5.42 2.35 3.37 3.22 5.79 5.94 4.24 1.61 5.58 5.05 2.59 2.65 3.69 5.60 3.83 4.46 4.76 6.84 5.40 3.67 1.39 3.80 4.23 2.56 5.28 2.16 5.80 6.47 2.99 2.34 3.35 3.56 1.66 4.87 6.59 3.24 7.51 7.40 5.13 7.10 4.36 4.22 6.35 1.68 7.35 2.52 2.24 1.13 6.58 6.75 4.82 0.56 1.83 2.09 6.30 
6.91 5.60 0.96 5.74 8.48 3.20 5.25 6.26 1.99 7.98 8.77 5.64 1.85 8.46 3.16 5.25 2.13 5.39 8.50 4.91 5.12 2.58 6.98 7.22 6.09 1.61 6.69 6.72 3.96 7.17 2.38 4.43 7.40 5.82 5.23 5.92 2.68 3.10 3.29 8.61 5.73 8.81 7.70 7.45 8.82 6.68 6.91 9.24 2.62 9.03 3.53 2.22 3.47 9.32 9.43 3.22 3.41 2.59 2.12 8.54 
2.03 6.62 4.63 6.47 3.47 5.16 4.63 5.13 3.44 3.58 6.02 8.18 3.42 7.14 4.47 5.81 2.99 7.57 6.82 7.84 0.71 4.75 3.04 2.43 7.01 3.94 5.16 3.32 6.57 2.48 5.95 4.08 2.48 5.56 4.80 6.53 2.95 5.68 3.97 3.88 2.85 3.74 3.47 3.39 3.83 2.87 6.96 6.95 5.60 4.02 6.53 2.86 5.07 6.03 5.90 3.97 3.79 2.63 2.98 4.13 
4.11 7.50 2.56 7.49 6.25 2.23 6.12 6.94 1.44 6.52 8.59 8.35 2.81 9.19 1.54 6.84 1.72 7.91 9.01 7.76 2.54 1.92 3.69 5.37 7.98 3.29 7.16 5.97 6.58 5.43 5.33 1.51 4.59 6.99 6.22 7.62 0.81 5.59 1.03 6.80 5.21 6.17 4.45 6.26 6.61 5.64 8.36 9.39 5.27 6.76 6.31 2.09 5.41 8.77 8.71 1.03 4.48 2.54 2.25 7.07 
2.49 6.62 6.52 6.38 1.93 7.28 4.42 4.48 5.42 1.45 4.36 8.57 4.95 6.00 6.60 5.80 4.85 7.89 5.56 8.42 2.68 6.84 4.20 0.49 6.89 5.37 4.29 1.88 7.22 0.40 7.05 6.18 2.60 5.23 4.62 6.38 5.01 6.50 6.10 1.84 2.14 2.85 4.27 1.42 2.20 1.29 6.47 5.40 6.59 2.45 7.33 4.60 5.70 4.14 3.93 6.10 4.47 4.19 4.67 2.00 
7.41 2.42 3.93 2.58 8.09 6.18 2.69 3.65 4.19 6.90 6.47 2.92 2.64 5.59 5.93 2.16 3.73 2.45 5.75 2.46 5.83 5.52 8.19 6.65 2.91 2.20 4.16 5.22 1.19 6.51 1.31 6.87 7.84 2.92 2.58 2.76 4.66 0.36 5.85 7.76 4.30 8.83 8.77 6.20 8.35 5.46 3.80 6.66 0.74 8.61 1.17 3.39 0.54 7.25 7.49 5.79 1.70 3.10 3.22 7.38 
8.25 0.60 6.56 0.26 8.09 8.72 1.87 2.02 6.53 6.42 4.66 2.82 4.92 3.08 8.36 0.72 5.94 2.14 3.40 3.15 7.07 8.05 9.48 6.71 0.63 4.65 2.48 4.66 2.64 6.51 3.97 9.06 8.57 1.07 1.67 0.12 6.84 2.97 8.18 7.38 4.13 9.12 9.89 5.68 8.26 5.14 1.04 4.47 3.47 8.52 3.13 5.51 2.44 5.62 5.99 8.12 3.08 5.02 5.37 6.73 
4.32 6.95 8.39 6.65 2.39 9.35 4.86 4.46 7.38 0.68 2.98 9.13 6.65 5.15 8.68 6.21 6.76 8.42 4.61 9.17 4.81 8.88 6.08 1.99 7.09 6.98 4.05 1.99 8.10 1.84 8.32 8.31 4.24 5.41 5.06 6.59 7.05 7.58 8.20 1.22 2.94 3.64 5.97 1.06 2.33 1.84 6.32 4.06 7.79 2.54 8.33 6.45 6.70 2.37 2.02 8.19 5.65 5.95 6.49 0.35 
2.43 6.28 5.88 6.06 2.47 6.68 4.11 4.30 4.79 2.03 4.60 8.15 4.33 6.02 6.01 5.45 4.22 7.48 5.63 7.96 2.20 6.23 4.02 1.09 6.59 4.75 4.18 1.95 6.73 1.04 6.48 5.66 2.65 4.96 4.30 6.08 4.40 5.98 5.52 2.48 1.89 3.23 4.20 1.82 2.77 1.41 6.27 5.59 6.04 3.01 6.81 3.97 5.21 4.50 4.34 5.52 3.95 3.55 4.04 2.59 
5.95 2.82 5.91 2.55 5.68 7.72 0.66 0.87 5.43 4.06 3.25 4.94 4.00 3.12 7.22 2.02 4.75 4.23 3.01 4.98 4.99 7.09 7.32 4.29 3.05 4.01 1.14 2.29 3.96 4.09 4.53 7.57 6.23 1.37 0.86 2.53 5.51 3.62 6.90 5.01 1.72 6.70 7.65 3.32 5.85 2.73 2.69 3.65 3.96 6.12 4.26 4.30 2.73 3.98 4.22 6.86 2.18 3.71 4.22 4.43 
3.01 11.28 9.18 11.07 3.28 8.70 9.11 9.23 7.93 5.22 8.62 13.08 8.39 10.60 8.05 10.45 7.71 12.43 10.11 12.81 4.76 8.62 3.20 4.36 11.59 8.92 9.02 6.58 11.55 4.59 10.97 6.86 2.55 9.95 9.31 11.08 7.27 10.69 7.54 4.45 6.86 2.03 2.45 5.78 3.35 6.00 11.22 9.70 10.63 3.17 11.54 7.72 10.03 8.01 7.62 7.59 8.73 7.62 7.87 5.32 
5.86 3.05 6.13 2.77 5.48 7.89 0.95 0.85 5.60 3.81 2.97 5.20 4.21 2.99 7.37 2.28 4.92 4.49 2.83 5.26 4.98 7.26 7.28 4.12 3.25 4.25 0.97 2.05 4.26 3.90 4.83 7.68 6.12 1.55 1.13 2.74 5.65 3.92 7.04 4.77 1.59 6.53 7.59 3.07 5.64 2.52 2.79 3.42 4.25 5.90 4.56 4.48 3.03 3.68 3.92 7.01 2.43 3.88 4.40 4.17 
5.85 3.56 3.00 3.58 6.76 5.05 2.67 3.68 2.84 5.83 6.18 4.53 1.23 5.91 4.68 2.97 2.28 4.01 5.92 4.07 4.22 4.38 6.57 5.35 4.05 1.05 4.09 4.33 2.81 5.25 2.20 5.43 6.29 3.34 2.68 3.73 3.19 1.87 4.50 6.60 3.34 7.39 7.16 5.19 7.05 4.42 4.60 6.63 1.79 7.30 2.71 1.87 1.46 6.78 6.93 4.44 0.81 1.50 1.72 6.35 
3.57 5.32 3.51 5.22 4.75 4.66 3.57 4.29 2.52 4.30 5.89 6.72 1.97 6.50 4.05 4.56 1.88 6.13 6.29 6.33 1.96 4.11 4.37 3.46 5.75 2.45 4.47 3.36 5.06 3.42 4.41 4.18 4.02 4.48 3.70 5.32 2.31 4.15 3.65 4.87 2.51 5.21 4.91 3.86 5.08 3.14 5.90 6.66 4.06 5.30 5.00 1.59 3.59 6.16 6.15 3.62 2.34 1.18 1.65 4.87 
3.09 6.89 7.37 6.62 1.64 8.17 4.70 4.56 6.29 0.60 3.87 8.96 5.75 5.77 7.49 6.09 5.72 8.26 5.28 8.88 3.55 7.74 4.84 0.72 7.11 6.13 4.27 1.84 7.72 0.56 7.70 7.05 3.06 5.41 4.91 6.60 5.91 7.07 7.00 1.05 2.48 2.82 4.79 0.94 1.78 1.35 6.54 4.95 7.21 2.04 7.88 5.45 6.24 3.48 3.20 7.00 5.06 5.00 5.51 1.11 
4.94 4.23 2.98 4.19 5.94 4.74 2.88 3.80 2.45 5.17 5.99 5.41 1.07 6.08 4.26 3.54 1.78 4.85 6.00 4.98 3.31 4.10 5.67 4.57 4.69 1.32 4.13 3.84 3.72 4.48 3.06 4.81 5.38 3.70 2.95 4.31 2.62 2.78 4.00 5.88 2.85 6.51 6.25 4.59 6.25 3.82 5.06 6.58 2.69 6.49 3.63 1.33 2.29 6.47 6.56 3.95 1.18 0.77 1.23 5.72 
8.70 4.71 9.77 4.38 7.35 11.60 4.13 3.12 9.31 5.40 2.03 6.75 7.87 1.05 11.07 4.49 8.62 6.16 0.88 7.22 8.31 10.97 10.35 6.43 4.47 7.84 2.75 4.38 6.74 6.20 7.89 11.32 8.80 3.67 4.15 4.20 9.34 6.87 10.73 6.22 4.77 8.59 10.48 4.91 7.33 4.95 3.23 0.99 7.33 7.55 7.21 8.18 6.11 2.88 3.36 10.70 5.99 7.58 8.10 5.36 
5.68 9.82 3.92 9.85 8.09 1.82 8.59 9.44 3.44 8.73 11.05 10.39 5.04 11.69 1.72 9.22 4.00 10.03 11.51 9.71 4.60 2.31 4.49 7.48 10.31 5.41 9.67 8.40 8.63 7.59 7.18 1.10 6.08 9.44 8.68 9.99 3.12 7.67 1.77 8.86 7.69 7.68 5.21 8.57 8.44 8.01 10.79 11.87 7.26 8.54 8.28 4.43 7.66 11.17 11.07 1.83 6.88 4.96 4.57 9.26 
8.14 0.55 5.75 0.73 8.27 7.97 2.02 2.58 5.85 6.73 5.39 2.26 4.24 4.01 7.66 0.69 5.30 1.55 4.29 2.38 6.80 7.30 9.22 6.84 1.05 3.90 3.10 4.96 1.69 6.66 3.02 8.46 8.50 1.61 1.82 0.93 6.22 2.03 7.52 7.67 4.26 9.21 9.70 5.99 8.47 5.37 2.00 5.33 2.54 8.73 2.17 4.90 1.64 6.31 6.64 7.46 2.57 4.47 4.74 7.11 
2.83 6.36 6.57 6.12 2.13 7.43 4.16 4.17 5.51 1.28 4.03 8.35 4.94 5.66 6.76 5.54 4.92 7.66 5.22 8.23 2.92 6.98 4.53 0.72 6.62 5.33 3.97 1.55 7.04 0.52 6.94 6.40 2.94 4.94 4.36 6.11 5.14 6.35 6.27 1.84 1.88 3.13 4.61 1.11 2.36 0.96 6.17 5.07 6.46 2.62 7.17 4.64 5.54 3.83 3.64 6.27 4.33 4.19 4.70 1.85 
5.88 8.44 2.32 8.50 8.11 0.38 7.43 8.35 2.11 8.38 10.27 8.84 3.70 10.63 0.35 7.90 2.78 8.52 10.52 8.14 4.40 0.68 5.13 7.24 8.94 3.99 8.65 7.73 7.10 7.30 5.61 1.58 6.34 8.22 7.49 8.65 2.08 6.16 0.86 8.68 6.90 7.95 5.90 8.09 8.47 7.44 9.52 11.00 5.73 8.61 6.73 3.22 6.26 10.53 10.50 0.85 5.62 3.81 3.33 8.94 
6.71 3.89 2.42 4.02 7.82 4.68 3.59 4.61 2.76 6.96 7.25 4.26 1.41 6.76 4.45 3.51 2.42 3.89 6.83 3.64 4.98 4.01 7.21 6.44 4.39 0.86 5.07 5.48 2.49 6.34 1.28 5.46 7.17 4.10 3.55 4.19 3.31 1.52 4.41 7.72 4.49 8.37 7.85 6.34 8.12 5.56 5.18 7.63 1.14 8.36 2.19 2.17 1.74 7.89 8.05 4.34 1.87 2.10 1.99 7.50 
0.53 8.95 6.46 8.78 2.81 6.20 6.88 7.21 5.21 4.16 7.38 10.58 5.66 8.96 5.52 8.14 4.97 9.96 8.55 10.24 2.03 6.03 1.30 2.89 9.32 6.20 7.13 4.86 8.97 3.10 8.28 4.52 0.64 7.78 7.06 8.83 4.56 8.07 4.99 3.86 4.80 2.21 1.25 4.40 3.13 4.28 9.14 8.42 7.97 3.17 8.92 4.99 7.47 7.06 6.79 5.03 6.19 4.91 5.14 4.54 
2.35 10.83 8.22 10.65 3.49 7.61 8.72 8.96 6.98 5.32 8.71 12.51 7.57 10.53 6.97 10.01 6.82 11.88 10.07 12.18 3.95 7.56 2.10 4.25 11.18 8.12 8.81 6.42 10.91 4.48 10.21 5.75 2.01 9.60 8.91 10.68 6.30 10.01 6.47 4.70 6.54 2.31 1.33 5.76 3.67 5.84 10.92 9.79 9.91 3.56 10.86 6.87 9.41 8.22 7.87 6.52 8.12 6.84 7.03 5.53 
4.91 7.74 2.13 7.76 7.07 1.41 6.55 7.43 1.36 7.30 9.24 8.37 2.96 9.70 0.73 7.14 1.92 7.99 9.56 7.73 3.36 1.12 4.37 6.17 8.23 3.35 7.70 6.67 6.60 6.23 5.23 1.37 5.39 7.38 6.63 7.90 1.08 5.63 0.32 7.62 5.86 6.98 5.14 7.02 7.44 6.37 8.72 10.00 5.25 7.59 6.28 2.36 5.59 9.48 9.43 0.28 4.80 2.91 2.49 7.86 
6.22 5.64 0.67 5.74 7.83 2.91 5.02 6.02 1.33 7.41 8.39 5.94 1.35 8.26 2.74 5.20 1.44 5.62 8.25 5.26 4.43 2.25 6.29 6.59 6.14 1.30 6.41 6.22 4.20 6.56 2.73 3.89 6.71 5.67 5.03 5.91 2.01 3.27 2.77 8.00 5.25 8.13 7.01 6.90 8.17 6.14 6.86 8.93 2.84 8.38 3.83 1.56 3.46 8.89 8.97 2.71 3.14 2.00 1.48 7.97 
5.91 9.67 3.65 9.70 8.30 1.48 8.51 9.38 3.28 8.86 11.08 10.16 4.89 11.65 1.48 9.09 3.88 9.82 11.49 9.47 4.74 2.02 4.80 7.64 10.16 5.23 9.63 8.45 8.41 7.73 6.93 1.25 6.33 9.34 8.59 9.85 3.03 7.46 1.64 9.03 7.71 7.94 5.53 8.67 8.66 8.09 10.68 11.89 7.04 8.76 8.04 4.32 7.50 11.25 11.16 1.69 6.76 4.87 4.45 9.40 
4.49 4.57 3.10 4.51 5.54 4.67 3.05 3.92 2.39 4.86 5.93 5.83 1.28 6.19 4.15 3.85 1.70 5.27 6.06 5.42 2.87 4.05 5.24 4.19 5.02 1.65 4.19 3.63 4.15 4.12 3.50 4.57 4.94 3.92 3.15 4.62 2.44 3.23 3.83 5.53 2.67 6.09 5.81 4.32 5.86 3.55 5.31 6.58 3.14 6.09 4.08 1.27 2.71 6.34 6.40 3.79 1.52 0.67 1.22 5.42 
2.44 10.82 8.55 10.62 3.12 8.06 8.67 8.85 7.30 5.01 8.42 12.58 7.79 10.32 7.41 10.00 7.10 11.93 9.85 12.28 4.16 7.98 2.57 4.04 11.15 8.33 8.67 6.25 11.01 4.27 10.40 6.23 2.02 9.53 8.87 10.65 6.64 10.14 6.90 4.33 6.45 1.89 1.83 5.51 3.25 5.66 10.83 9.50 10.07 3.12 10.99 7.12 9.50 7.88 7.50 6.95 8.21 7.04 7.27 5.18 
2.47 10.05 8.78 9.81 1.74 8.69 7.85 7.87 7.53 3.69 7.07 11.96 7.69 9.11 8.01 9.23 7.19 11.29 8.60 11.76 4.22 8.49 3.52 2.99 10.33 8.19 7.62 5.16 10.53 3.20 10.13 7.01 1.98 8.65 8.06 9.81 6.92 9.73 7.48 2.88 5.57 0.58 2.95 4.29 1.77 4.61 9.86 8.15 9.74 1.59 10.58 7.11 9.00 6.44 6.04 7.51 7.72 6.89 7.24 3.76 
6.44 2.17 4.58 2.11 6.77 6.64 1.21 2.22 4.40 5.44 4.97 3.76 2.81 4.37 6.24 1.45 3.79 3.10 4.44 3.58 5.07 5.97 7.49 5.33 2.62 2.63 2.70 3.72 2.41 5.17 2.80 6.89 6.82 1.75 1.16 2.23 4.68 1.91 6.03 6.33 2.85 7.63 7.97 4.72 7.01 4.01 3.02 5.25 2.23 7.27 2.62 3.36 1.01 5.71 5.94 5.98 0.91 2.85 3.22 5.89 
7.52 2.62 7.53 2.28 6.81 9.46 1.87 0.95 7.17 4.95 2.65 4.83 5.66 1.38 8.98 2.22 6.50 4.16 1.49 5.16 6.73 8.81 9.00 5.57 2.53 5.58 0.92 3.36 4.51 5.34 5.57 9.38 7.74 1.35 1.85 2.13 7.29 4.56 8.69 5.91 3.25 7.96 9.27 4.26 6.90 3.93 1.51 2.48 5.01 7.16 4.95 6.05 3.79 3.64 4.04 8.65 3.74 5.47 5.95 5.15 
2.03 6.73 4.49 6.59 3.63 4.95 4.78 5.31 3.29 3.81 6.25 8.24 3.36 7.34 4.26 5.93 2.86 7.64 7.03 7.88 0.52 4.55 2.91 2.64 7.13 3.89 5.35 3.55 6.61 2.70 5.93 3.85 2.50 5.71 4.95 6.66 2.77 5.70 3.75 4.08 3.06 3.84 3.38 3.62 3.99 3.11 7.11 7.18 5.61 4.17 6.55 2.76 5.12 6.26 6.14 3.76 3.85 2.59 2.89 4.36 
4.73 9.41 3.91 9.40 7.15 2.22 8.02 8.82 3.14 7.84 10.27 10.17 4.68 11.04 1.81 8.76 3.59 9.76 10.83 9.54 3.71 2.49 3.57 6.58 9.89 5.11 9.01 7.60 8.39 6.69 7.04 0.44 5.14 8.90 8.12 9.53 2.67 7.41 1.57 7.94 6.94 6.74 4.31 7.71 7.50 7.19 10.28 11.13 7.05 7.60 8.09 3.99 7.30 10.35 10.23 1.64 6.40 4.46 4.15 8.36 
8.57 3.34 3.90 3.60 9.46 6.18 4.16 5.08 4.58 8.37 7.93 2.70 3.34 6.86 6.10 3.39 4.33 2.58 7.09 1.94 6.88 5.55 9.14 8.04 3.76 2.79 5.60 6.71 1.26 7.91 0.66 7.25 9.02 4.26 4.04 3.80 5.18 1.14 6.14 9.21 5.78 10.13 9.78 7.68 9.75 6.93 4.87 8.05 0.96 10.00 0.74 4.10 2.04 8.73 8.98 6.08 3.10 4.01 3.93 8.85 
8.66 0.17 6.38 0.49 8.65 8.60 2.37 2.71 6.49 7.04 5.39 2.09 4.88 3.76 8.30 1.00 5.94 1.41 4.12 2.43 7.37 7.93 9.79 7.25 0.45 4.54 3.19 5.27 2.06 7.05 3.54 9.09 9.00 1.73 2.17 0.63 6.86 2.59 8.15 7.99 4.65 9.64 10.25 6.30 8.84 5.72 1.61 5.19 3.09 9.10 2.58 5.53 2.27 6.35 6.71 8.10 3.19 5.09 5.38 7.38 
2.93 8.00 3.79 7.94 5.23 3.32 6.34 7.04 2.59 5.79 8.27 9.12 3.63 9.19 2.64 7.27 2.63 8.61 8.93 8.60 1.66 3.14 2.42 4.54 8.45 4.16 7.17 5.58 7.37 4.65 6.29 1.85 3.40 7.25 6.47 8.04 1.90 6.39 2.11 5.93 4.99 5.01 3.18 5.66 5.59 5.15 8.66 9.16 6.13 5.71 7.17 2.86 6.06 8.31 8.18 2.14 4.95 3.11 3.03 6.32 
1.40 9.83 7.00 9.66 3.34 6.47 7.76 8.10 5.76 4.90 8.19 11.42 6.38 9.83 5.81 9.01 5.60 10.81 9.42 11.06 2.78 6.38 1.01 3.68 10.20 6.93 8.01 5.72 9.79 3.90 9.03 4.65 1.29 8.67 7.95 9.71 5.08 8.87 5.31 4.49 5.69 2.44 0.47 5.21 3.62 5.14 10.03 9.25 8.75 3.60 9.72 5.67 8.31 7.83 7.53 5.35 7.03 5.66 5.83 5.23 
2.82 5.68 5.11 5.49 3.29 6.08 3.57 3.94 4.07 2.71 4.76 7.46 3.51 5.87 5.42 4.86 3.47 6.80 5.54 7.22 2.00 5.59 4.19 1.91 6.03 3.92 3.92 2.07 5.98 1.85 5.67 5.24 3.15 4.47 3.76 5.53 3.75 5.19 4.96 3.28 1.59 3.97 4.51 2.33 3.59 1.68 5.84 5.68 5.23 3.83 6.03 3.19 4.45 4.84 4.75 4.95 3.17 2.74 3.24 3.28 
7.31 5.41 9.40 5.06 5.74 10.98 4.10 3.14 8.74 3.83 0.48 7.62 7.48 2.24 10.40 4.94 8.05 6.96 1.67 7.95 7.20 10.39 9.03 4.97 5.31 7.57 2.62 3.18 7.22 4.75 8.08 10.44 7.36 4.01 4.20 4.92 8.65 7.11 10.00 4.58 3.84 6.99 9.07 3.44 5.69 3.67 4.18 0.73 7.50 5.90 7.62 7.63 6.25 1.17 1.64 9.98 5.77 7.03 7.59 3.71 
5.07 3.58 3.93 3.48 5.66 5.70 1.95 2.84 3.41 4.61 5.06 5.09 2.01 5.11 5.22 2.81 2.74 4.47 5.02 4.80 3.65 5.07 6.07 4.23 4.01 2.12 3.15 3.09 3.55 4.10 3.35 5.68 5.47 2.82 2.05 3.58 3.53 2.77 4.93 5.41 2.09 6.40 6.57 3.96 5.94 3.19 4.22 5.62 2.86 6.19 3.61 2.29 2.03 5.60 5.72 4.88 0.74 1.71 2.20 5.13 
3.40 9.60 4.95 9.54 5.85 3.72 7.92 8.59 3.89 6.83 9.61 10.68 5.15 10.69 3.17 8.88 4.10 10.19 10.41 10.14 2.90 3.83 2.00 5.52 10.06 5.66 8.69 6.92 8.92 5.67 7.75 1.79 3.73 8.84 8.06 9.64 3.24 7.93 2.75 6.77 6.44 5.29 2.71 6.83 6.19 6.43 10.25 10.56 7.65 6.25 8.69 4.38 7.64 9.54 9.36 2.81 6.55 4.69 4.56 7.30 
2.94 5.55 4.78 5.38 3.60 5.78 3.49 3.94 3.75 3.04 4.96 7.26 3.18 5.95 5.13 4.73 3.14 6.61 5.65 7.00 1.90 5.28 4.20 2.24 5.92 3.60 3.97 2.30 5.75 2.18 5.38 5.01 3.31 4.41 3.67 5.43 3.44 4.93 4.68 3.61 1.68 4.23 4.57 2.63 3.91 1.96 5.79 5.84 4.95 4.14 5.78 2.85 4.22 5.09 5.03 4.67 2.93 2.41 2.91 3.61 
6.10 7.90 1.68 7.98 8.23 0.62 7.02 7.97 1.74 8.34 10.03 8.21 3.24 10.25 0.72 7.40 2.43 7.92 10.17 7.50 4.51 0.09 5.53 7.27 8.40 3.46 8.29 7.56 6.49 7.30 4.97 2.15 6.59 7.78 7.07 8.14 1.93 5.57 1.15 8.72 6.68 8.17 6.30 8.00 8.59 7.31 9.04 10.71 5.13 8.75 6.10 2.87 5.72 10.35 10.34 1.11 5.18 3.47 2.94 8.91 
1.52 7.04 5.10 6.88 3.04 5.48 5.00 5.43 3.89 3.39 6.08 8.66 3.94 7.35 4.78 6.22 3.47 8.03 7.00 8.33 0.75 5.12 2.70 2.15 7.42 4.46 5.41 3.40 7.06 2.24 6.47 4.25 1.96 5.92 5.18 6.93 3.36 6.18 4.27 3.57 3.07 3.23 3.06 3.30 3.40 2.89 7.30 7.05 6.12 3.58 7.03 3.36 5.56 6.00 5.83 4.28 4.27 3.16 3.49 3.91 
7.71 3.27 8.16 2.93 6.77 10.03 2.50 1.50 7.74 4.85 2.14 5.45 6.27 0.80 9.54 2.92 7.06 4.80 0.78 5.82 7.07 9.40 9.26 5.62 3.13 6.22 1.23 3.42 5.21 5.39 6.27 9.87 7.89 2.05 2.51 2.77 7.83 5.27 9.22 5.78 3.51 7.96 9.48 4.21 6.83 4.01 1.99 1.80 5.71 7.08 5.65 6.62 4.48 3.15 3.59 9.18 4.37 6.03 6.53 4.98 
7.35 2.19 4.13 2.33 7.95 6.36 2.44 3.38 4.32 6.72 6.21 2.89 2.75 5.32 6.09 1.90 3.84 2.36 5.48 2.49 5.81 5.70 8.19 6.51 2.68 2.34 3.90 5.02 1.23 6.37 1.58 6.99 7.77 2.65 2.32 2.51 4.77 0.60 5.99 7.59 4.12 8.73 8.75 6.01 8.21 5.28 3.54 6.40 1.02 8.47 1.32 3.47 0.32 7.00 7.25 5.93 1.59 3.14 3.30 7.19 
9.77 1.32 7.00 1.59 9.80 9.27 3.52 3.79 7.28 8.17 6.33 1.31 5.70 4.45 9.04 2.14 6.78 0.92 4.89 1.96 8.43 8.61 10.85 8.39 1.16 5.29 4.24 6.40 2.26 8.20 3.88 9.94 10.12 2.83 3.31 1.65 7.71 3.10 8.95 9.12 5.80 10.78 11.33 7.42 9.98 6.86 2.27 6.00 3.57 10.24 2.76 6.40 3.08 7.32 7.71 8.88 4.17 6.02 6.24 8.49 
5.44 4.66 2.00 4.70 6.73 3.94 3.70 4.68 1.73 6.12 6.99 5.44 0.11 6.94 3.56 4.09 1.20 4.98 6.90 4.89 3.69 3.28 5.89 5.41 5.15 0.48 5.04 4.84 3.67 5.35 2.61 4.35 5.91 4.43 3.73 4.85 2.13 2.68 3.39 6.78 3.86 7.19 6.54 5.57 7.06 4.80 5.71 7.54 2.41 7.29 3.45 0.87 2.51 7.48 7.57 3.33 1.84 0.83 0.69 6.67 
7.12 2.20 4.11 2.31 7.69 6.32 2.22 3.19 4.23 6.46 6.00 3.09 2.63 5.18 6.02 1.81 3.71 2.54 5.32 2.73 5.59 5.65 7.98 6.25 2.70 2.26 3.70 4.77 1.48 6.10 1.76 6.87 7.53 2.50 2.12 2.48 4.64 0.83 5.90 7.33 3.86 8.47 8.53 5.75 7.95 5.02 3.48 6.21 1.19 8.21 1.58 3.33 0.06 6.77 7.01 5.84 1.34 2.97 3.17 6.93 
5.57 4.30 7.20 3.98 4.62 8.74 2.35 1.77 6.50 2.75 1.79 6.51 5.28 2.87 8.16 3.59 5.81 5.81 2.46 6.63 5.12 8.15 7.18 3.44 4.40 5.42 1.35 1.24 5.67 3.21 6.21 8.24 5.72 2.74 2.52 3.90 6.41 5.33 7.77 3.71 1.63 5.79 7.35 2.06 4.71 1.83 3.64 2.57 5.64 4.96 5.98 5.39 4.44 2.32 2.52 7.74 3.70 4.80 5.36 2.98 
5.54 7.97 1.99 8.03 7.71 0.79 6.93 7.85 1.62 7.92 9.77 8.45 3.22 10.12 0.23 7.42 2.28 8.11 10.01 7.77 4.00 0.55 4.92 6.80 8.47 3.53 8.14 7.23 6.70 6.85 5.23 1.59 6.02 7.73 7.00 8.18 1.58 5.74 0.54 8.25 6.40 7.61 5.69 7.61 8.08 6.95 9.04 10.49 5.33 8.23 6.34 2.72 5.80 10.04 10.01 0.50 5.13 3.31 2.83 8.48 
9.24 1.95 5.55 2.29 9.69 7.84 3.63 4.30 6.01 8.29 7.12 1.01 4.53 5.62 7.68 2.40 5.61 0.77 5.95 0.68 7.71 7.19 10.10 8.25 2.24 4.05 4.82 6.53 0.76 8.08 2.30 8.71 9.65 3.33 3.45 2.46 6.53 1.75 7.65 9.21 5.73 10.54 10.66 7.55 9.92 6.88 3.46 7.01 2.12 10.18 1.15 5.29 2.17 8.03 8.36 7.59 3.46 5.02 5.12 8.70 
6.50 2.03 5.48 1.82 6.48 7.46 0.28 1.26 5.19 4.94 4.05 4.05 3.64 3.43 7.02 1.20 4.54 3.34 3.47 4.06 5.33 6.81 7.73 5.06 2.35 3.53 1.75 3.17 3.04 4.87 3.71 7.55 6.83 0.94 0.20 1.85 5.38 2.76 6.77 5.88 2.47 7.44 8.14 4.20 6.67 3.57 2.34 4.29 3.14 6.94 3.36 4.10 1.89 4.85 5.11 6.72 1.70 3.54 3.98 5.34 
6.23 2.52 5.94 2.25 5.97 7.81 0.43 0.73 5.52 4.34 3.36 4.66 4.05 3.00 7.33 1.74 4.85 3.95 2.95 4.72 5.23 7.17 7.57 4.59 2.75 4.02 1.12 2.57 3.74 4.39 4.40 7.73 6.52 1.08 0.60 2.23 5.63 3.46 7.03 5.30 2.02 7.00 7.93 3.60 6.15 3.03 2.42 3.68 3.82 6.41 4.07 4.40 2.58 4.14 4.40 6.99 2.17 3.82 4.31 4.71 
5.23 3.36 4.17 3.25 5.71 5.97 1.68 2.57 3.68 4.56 4.85 4.95 2.24 4.85 5.48 2.58 3.00 4.31 4.76 4.70 3.86 5.33 6.28 4.27 3.78 2.31 2.90 2.99 3.46 4.12 3.38 5.95 5.61 2.55 1.78 3.33 3.80 2.73 5.20 5.39 2.00 6.49 6.76 3.89 5.97 3.13 3.95 5.38 2.87 6.22 3.56 2.56 1.94 5.42 5.56 5.15 0.72 1.97 2.47 5.07 
5.06 4.30 6.65 4.01 4.32 8.15 2.19 1.88 5.92 2.57 2.38 6.46 4.75 3.38 7.56 3.54 5.23 5.75 3.01 6.51 4.54 7.57 6.63 3.05 4.47 4.92 1.61 0.85 5.47 2.82 5.87 7.63 5.25 2.77 2.39 3.96 5.82 5.03 7.17 3.54 1.02 5.44 6.84 1.84 4.45 1.41 3.86 3.18 5.31 4.72 5.73 4.83 4.14 2.79 2.92 7.14 3.28 4.24 4.80 2.91 
4.51 6.57 8.25 6.27 2.73 9.30 4.51 4.06 7.28 0.86 2.61 8.76 6.47 4.75 8.64 5.83 6.64 8.05 4.21 8.82 4.85 8.81 6.27 2.14 6.70 6.77 3.65 1.69 7.76 1.96 8.04 8.33 4.47 5.02 4.70 6.20 6.98 7.27 8.17 1.59 2.67 3.98 6.20 0.91 2.70 1.64 5.92 3.69 7.50 2.92 8.01 6.31 6.39 2.07 1.78 8.16 5.38 5.79 6.34 0.74 
6.38 2.38 5.99 2.10 6.12 7.88 0.37 0.67 5.60 4.49 3.41 4.53 4.10 2.94 7.41 1.60 4.92 3.82 2.91 4.61 5.37 7.24 7.72 4.74 2.60 4.05 1.12 2.72 3.65 4.54 4.35 7.84 6.67 0.92 0.50 2.08 5.72 3.40 7.12 5.44 2.17 7.15 8.07 3.74 6.30 3.18 2.27 3.68 3.78 6.56 3.99 4.48 2.53 4.21 4.49 7.07 2.20 3.90 4.38 4.84 
5.06 4.00 3.16 3.96 5.97 4.96 2.65 3.58 2.67 5.13 5.82 5.23 1.24 5.86 4.49 3.31 2.01 4.66 5.79 4.82 3.46 4.31 5.85 4.58 4.46 1.41 3.92 3.74 3.55 4.48 2.99 5.05 5.50 3.47 2.72 4.08 2.85 2.64 4.23 5.86 2.74 6.59 6.41 4.53 6.27 3.75 4.83 6.39 2.59 6.51 3.50 1.56 2.10 6.33 6.43 4.18 0.95 1.01 1.46 5.67 
1.55 10.02 7.61 9.84 2.88 7.18 7.91 8.15 6.36 4.61 7.98 11.72 6.85 9.75 6.51 9.20 6.15 11.09 9.31 11.40 3.22 7.06 1.75 3.49 10.37 7.39 8.01 5.64 10.13 3.72 9.47 5.38 1.20 8.79 8.10 9.87 5.69 9.24 6.00 4.08 5.74 1.83 1.12 5.01 3.11 5.05 10.11 9.06 9.15 3.05 10.09 6.17 8.62 7.54 7.20 6.04 7.33 6.10 6.33 4.88 
2.84 5.79 5.61 5.58 2.93 6.57 3.62 3.86 4.57 2.21 4.39 7.66 3.98 5.66 5.91 4.96 3.97 6.99 5.30 7.47 2.33 6.09 4.35 1.50 6.10 4.37 3.77 1.69 6.25 1.40 6.04 5.68 3.10 4.49 3.82 5.60 4.25 5.51 5.44 2.81 1.44 3.72 4.59 1.83 3.21 1.24 5.81 5.34 5.58 3.45 6.34 3.68 4.73 4.40 4.29 5.44 3.47 3.23 3.74 2.78 
4.30 6.52 2.03 6.52 6.17 2.65 5.21 6.07 0.78 6.14 7.89 7.39 1.84 8.34 2.05 5.88 0.76 6.93 8.19 6.82 2.54 2.12 4.26 5.11 7.01 2.34 6.33 5.37 5.62 5.13 4.42 2.46 4.79 6.06 5.30 6.65 0.30 4.62 1.68 6.56 4.52 6.29 4.99 5.79 6.53 5.11 7.42 8.64 4.32 6.71 5.37 1.11 4.43 8.17 8.15 1.65 3.52 1.58 1.27 6.71 
10.29 2.65 6.34 2.99 10.71 8.62 4.58 5.15 6.91 9.27 7.89 0.50 5.49 6.19 8.51 3.27 6.56 1.09 6.59 0.52 8.75 7.99 11.12 9.28 2.77 4.99 5.66 7.50 1.74 9.11 3.05 9.61 10.69 4.16 4.39 3.13 7.46 2.72 8.53 10.20 6.74 11.57 11.69 8.54 10.94 7.88 3.99 7.68 3.01 11.20 1.97 6.26 3.21 8.84 9.19 8.46 4.50 6.02 6.08 9.67 
9.08 2.38 5.07 2.70 9.67 7.36 3.80 4.56 5.60 8.36 7.41 1.46 4.18 6.04 7.22 2.70 5.24 1.34 6.34 0.81 7.50 6.72 9.85 8.23 2.72 3.67 5.09 6.62 0.52 8.08 1.79 8.30 9.51 3.63 3.63 2.88 6.15 1.42 7.22 9.26 5.77 10.47 10.44 7.64 9.92 6.94 3.92 7.38 1.69 10.18 0.66 4.95 2.05 8.30 8.60 7.16 3.33 4.73 4.77 8.80 
3.24 11.56 9.36 11.35 3.57 8.81 9.39 9.52 8.11 5.52 8.91 13.34 8.60 10.90 8.17 10.73 7.91 12.69 10.41 13.06 4.97 8.75 3.30 4.66 11.87 9.14 9.31 6.87 11.80 4.89 11.20 6.95 2.80 10.24 9.59 11.36 7.44 10.93 7.67 4.75 7.15 2.33 2.53 6.07 3.64 6.29 11.51 10.00 10.87 3.45 11.79 7.93 10.28 8.30 7.91 7.71 8.99 7.84 8.08 5.62 
3.87 7.37 8.37 7.08 1.82 9.19 5.24 4.91 7.31 0.58 3.57 9.52 6.71 5.72 8.51 6.60 6.72 8.81 5.18 9.52 4.54 8.76 5.63 1.66 7.54 7.07 4.53 2.31 8.41 1.56 8.53 8.05 3.75 5.84 5.44 7.03 6.93 7.84 8.01 0.63 3.17 3.06 5.48 1.29 1.74 2.02 6.82 4.65 8.01 1.95 8.61 6.44 6.97 2.94 2.57 8.02 5.86 5.97 6.49 0.25 
8.55 0.35 6.60 0.24 8.44 8.79 2.19 2.39 6.64 6.78 5.01 2.47 5.03 3.35 8.47 0.91 6.07 1.81 3.70 2.84 7.33 8.12 9.74 7.05 0.29 4.72 2.85 5.02 2.45 6.85 3.87 9.21 8.88 1.43 1.99 0.25 6.98 2.89 8.30 7.74 4.46 9.46 10.18 6.04 8.61 5.49 1.20 4.79 3.40 8.88 2.96 5.65 2.47 5.98 6.35 8.24 3.25 5.18 5.50 7.10 
10.50 2.51 6.80 2.85 10.81 9.09 4.59 5.05 7.33 9.30 7.72 0.34 5.86 5.90 8.96 3.23 6.94 1.02 6.34 1.01 9.01 8.45 11.41 9.38 2.54 5.37 5.55 7.52 2.09 9.20 3.52 10.02 10.89 4.07 4.39 2.96 7.85 3.08 8.96 10.24 6.81 11.71 11.95 8.56 11.02 7.93 3.72 7.44 3.42 11.29 2.40 6.62 3.46 8.70 9.06 8.89 4.73 6.35 6.45 9.67 
1.95 9.49 5.87 9.38 4.36 5.12 7.58 8.08 4.67 5.58 8.65 10.88 5.54 10.02 4.49 8.71 4.64 10.31 9.66 10.43 2.29 5.09 0.39 4.28 9.91 6.09 8.08 6.01 9.17 4.47 8.23 3.27 2.19 8.51 7.74 9.45 3.98 8.21 4.00 5.38 5.74 3.69 1.15 5.73 4.68 5.47 9.91 9.66 8.02 4.72 9.03 4.79 7.75 8.44 8.19 4.04 6.53 4.91 4.96 6.01 
4.91 6.13 8.21 5.81 3.27 9.39 4.12 3.60 7.30 1.34 2.07 8.34 6.38 4.19 8.74 5.41 6.64 7.63 3.65 8.43 5.08 8.87 6.66 2.53 6.23 6.64 3.16 1.50 7.41 2.33 7.78 8.52 4.91 4.57 4.30 5.73 7.04 6.97 8.29 2.15 2.50 4.51 6.64 1.08 3.24 1.65 5.41 3.16 7.23 3.47 7.68 6.29 6.08 1.65 1.45 8.27 5.15 5.74 6.30 1.30 
8.06 3.65 8.67 3.31 7.00 10.54 3.01 2.01 8.25 5.06 2.06 5.77 6.78 0.38 10.04 3.37 7.57 5.14 0.36 6.18 7.49 9.90 9.64 5.91 3.45 6.73 1.71 3.74 5.63 5.68 6.75 10.35 8.22 2.52 3.02 3.14 8.32 5.74 9.72 5.96 3.93 8.21 9.84 4.45 7.03 4.33 2.25 1.48 6.19 7.28 6.09 7.12 4.97 3.07 3.53 9.68 4.88 6.53 7.04 5.13 
6.19 7.18 0.91 7.27 8.17 1.38 6.40 7.37 1.33 8.10 9.55 7.44 2.61 9.64 1.37 6.70 1.98 7.15 9.59 6.73 4.50 0.75 5.83 7.10 7.68 2.76 7.73 7.17 5.72 7.12 4.19 2.74 6.69 7.12 6.44 7.43 1.77 4.81 1.62 8.55 6.26 8.23 6.60 7.70 8.53 6.98 8.36 10.18 4.36 8.70 5.33 2.37 4.99 9.94 9.96 1.56 4.54 2.96 2.41 8.67 
6.62 2.87 3.47 2.95 7.37 5.65 2.48 3.49 3.54 6.28 6.20 3.71 1.94 5.62 5.34 2.40 3.03 3.19 5.70 3.26 5.02 4.98 7.39 5.95 3.37 1.58 3.97 4.67 1.99 5.82 1.67 6.18 7.05 2.96 2.43 3.11 3.95 1.09 5.21 7.11 3.71 8.08 7.97 5.61 7.65 4.85 4.07 6.52 1.15 7.90 1.94 2.65 0.69 6.90 7.10 5.15 1.00 2.32 2.48 6.78 
7.67 2.30 4.10 2.49 8.32 6.37 2.80 3.72 4.41 7.10 6.57 2.67 2.88 5.60 6.14 2.14 3.97 2.22 5.79 2.20 6.09 5.71 8.45 6.88 2.79 2.43 4.25 5.41 0.93 6.74 1.29 7.10 8.09 2.95 2.68 2.68 4.89 0.27 6.07 7.97 4.50 9.07 9.03 6.40 8.58 5.67 3.74 6.72 0.77 8.84 0.94 3.63 0.70 7.37 7.62 6.01 1.93 3.35 3.46 7.57 
7.01 2.84 7.27 2.50 6.31 9.13 1.63 0.61 6.84 4.46 2.41 5.08 5.37 1.70 8.63 2.31 6.16 4.40 1.63 5.34 6.26 8.49 8.51 5.06 2.84 5.33 0.41 2.85 4.59 4.83 5.51 8.98 7.23 1.38 1.67 2.38 6.93 4.53 8.32 5.42 2.75 7.45 8.77 3.76 6.41 3.42 1.94 2.46 4.94 6.67 4.99 5.72 3.70 3.36 3.72 8.28 3.48 5.13 5.63 4.68 
7.82 5.63 9.86 5.28 6.19 11.48 4.47 3.49 9.22 4.30 1.00 7.80 7.94 2.22 10.90 5.22 8.53 7.15 1.70 8.17 7.72 10.88 9.54 5.46 5.48 8.01 2.98 3.70 7.51 5.25 8.44 10.95 7.85 4.30 4.56 5.13 9.15 7.46 10.51 5.01 4.35 7.44 9.57 3.94 6.12 4.19 4.31 0.59 7.86 6.33 7.93 8.11 6.61 1.49 1.95 10.48 6.20 7.52 8.06 4.14 
4.94 8.00 2.35 8.02 7.15 1.33 6.79 7.67 1.63 7.44 9.44 8.63 3.22 9.94 0.63 7.40 2.18 8.25 9.79 7.98 3.44 1.17 4.30 6.29 8.49 3.61 7.93 6.86 6.86 6.35 5.48 1.13 5.41 7.63 6.88 8.16 1.32 5.89 0.10 7.73 6.07 7.01 5.07 7.17 7.51 6.54 8.97 10.21 5.51 7.65 6.54 2.61 5.85 9.66 9.61 0.13 5.06 3.15 2.75 8.00 
2.46 6.20 4.36 6.06 3.75 5.07 4.25 4.79 3.21 3.64 5.85 7.75 3.04 6.85 4.40 5.40 2.70 7.13 6.56 7.40 1.04 4.62 3.44 2.59 6.60 3.55 4.85 3.17 6.13 2.61 5.53 4.15 2.90 5.17 4.41 6.13 2.79 5.24 3.92 4.04 2.59 4.11 3.90 3.36 4.09 2.77 6.58 6.75 5.17 4.30 6.09 2.52 4.63 5.93 5.83 3.91 3.35 2.25 2.63 4.21 
