6.82 2.32 5.31 8.83 5.17 6.21 6.78 7.63 10.30 3.88 2.76 3.04 9.55 7.42 5.22 3.13 3.22 5.96 4.91 6.41 1.72 8.71 5.87 9.49 8.30 7.43 5.56 8.40 2.68 3.56 6.80 11.96 6.80 7.83 0.96 3.30 6.57 9.37 5.80 5.23 5.33 6.84 2.07 8.98 8.70 9.25 9.83 4.86 8.78 5.00 6.19 6.18 8.88 6.30 8.47 
7.73 8.81 4.35 2.72 7.49 4.48 5.66 3.44 1.16 8.32 7.01 7.32 1.53 5.62 5.18 7.70 6.59 4.31 7.13 4.54 10.62 2.50 3.86 2.03 6.81 3.75 5.70 7.33 8.51 7.22 7.67 2.80 6.72 4.43 8.73 8.55 6.82 4.52 3.86 5.42 4.42 3.00 8.32 4.93 4.38 2.25 4.38 5.23 4.54 7.75 7.77 7.35 2.65 7.93 4.98 
1.01 7.16 4.92 8.79 8.70 7.38 8.90 8.13 7.80 8.16 4.11 3.17 6.83 2.68 6.83 2.81 3.92 6.86 1.22 7.68 7.54 8.55 4.82 6.48 10.80 8.15 2.27 11.14 7.26 2.59 1.00 8.94 1.48 3.77 5.12 7.83 1.25 4.93 5.16 7.11 4.46 5.13 6.50 4.34 4.42 6.16 5.45 6.32 4.39 0.84 0.37 9.46 8.81 0.48 3.87 
4.63 9.82 5.23 6.70 9.78 7.10 8.71 6.83 3.64 10.04 6.93 6.61 2.85 2.57 7.25 6.68 6.48 6.64 5.23 7.31 11.08 6.43 4.61 2.34 10.33 7.05 4.10 10.82 9.68 6.18 4.58 4.07 3.77 1.78 8.67 10.00 3.99 0.31 4.97 7.58 4.87 3.84 9.16 0.92 0.91 2.13 0.23 6.97 0.87 5.61 4.99 10.07 6.66 5.08 1.37 
3.67 4.68 4.21 8.33 6.71 6.24 7.47 7.37 8.57 5.89 2.06 1.13 7.67 4.56 5.43 0.60 2.17 5.79 1.87 6.52 4.87 8.14 4.48 7.47 9.30 7.29 2.94 9.56 4.84 1.02 3.65 10.04 3.74 5.25 2.49 5.46 3.50 6.72 4.65 5.63 3.94 5.24 4.05 6.24 6.09 7.18 7.22 4.92 6.13 1.85 3.04 7.60 8.37 3.15 5.72 
3.39 8.27 3.89 6.29 8.52 6.07 7.73 6.12 4.18 8.61 5.30 4.94 3.21 1.18 6.03 5.02 4.86 5.57 3.61 6.32 9.45 6.02 3.33 2.79 9.48 6.28 2.43 9.94 8.16 4.51 3.33 5.16 2.41 0.16 7.01 8.53 2.58 1.42 3.74 6.37 3.47 2.82 7.59 1.11 0.76 2.48 1.89 5.68 0.84 4.05 3.61 8.92 6.27 3.73 0.72 
7.19 9.09 4.44 3.52 8.01 5.00 6.31 4.12 0.58 8.74 7.03 7.22 0.71 5.02 5.60 7.55 6.58 4.75 6.80 5.09 10.81 3.29 3.87 1.22 7.57 4.41 5.36 8.08 8.82 7.05 7.13 2.32 6.18 3.82 8.79 8.91 6.31 3.73 3.96 5.86 4.41 2.92 8.55 4.18 3.66 1.47 3.56 5.57 3.81 7.39 7.29 7.95 3.46 7.45 4.28 
5.17 7.41 2.64 4.10 6.97 4.21 5.81 4.01 2.74 7.38 4.97 5.04 1.86 3.15 4.43 5.34 4.51 3.77 4.57 4.41 8.96 3.83 1.99 1.77 7.46 4.20 3.13 7.94 7.21 4.84 5.11 4.27 4.17 2.07 6.77 7.43 4.25 2.87 2.26 4.75 2.44 1.04 6.81 3.00 2.41 1.55 3.04 4.21 2.59 5.17 5.18 7.20 4.08 5.35 2.84 
6.44 1.79 3.12 6.37 3.35 3.75 4.49 5.17 8.11 2.56 1.49 2.46 7.45 6.28 2.77 2.93 1.77 3.50 4.42 3.97 3.28 6.26 3.75 7.47 6.18 4.97 4.38 6.36 1.73 3.02 6.40 9.83 6.06 6.33 1.74 2.24 5.88 7.85 3.58 2.81 3.29 4.74 1.12 7.58 7.18 7.27 8.25 2.40 7.30 4.81 5.90 4.28 6.43 6.06 7.11 
7.86 7.72 3.62 1.51 6.20 3.22 4.33 2.11 2.48 7.11 6.28 6.75 2.57 5.91 4.01 7.18 5.89 3.12 6.93 3.25 9.61 1.25 3.28 3.01 5.51 2.42 5.55 6.02 7.40 6.75 7.80 4.12 6.88 4.83 7.90 7.38 6.93 5.30 3.14 4.21 3.82 2.68 7.28 5.60 5.01 3.13 5.27 4.13 5.19 7.57 7.79 6.03 1.46 7.97 5.53 
5.13 6.39 1.61 3.86 6.01 3.37 5.02 3.46 3.54 6.36 4.05 4.25 2.76 3.39 3.47 4.60 3.60 2.89 4.14 3.61 7.97 3.60 0.96 2.76 6.77 3.59 2.75 7.22 6.18 4.13 5.07 5.18 4.18 2.57 5.83 6.40 4.20 3.70 1.24 3.80 1.45 0.13 5.79 3.71 3.15 2.57 3.95 3.21 3.32 4.78 5.02 6.29 3.86 5.20 3.43 
10.11 6.09 4.77 2.60 3.43 2.30 1.25 1.99 6.42 4.81 6.47 7.35 6.47 8.69 3.06 7.90 6.31 2.82 8.52 2.01 8.10 2.78 5.01 6.86 1.56 1.77 7.52 2.07 5.67 7.66 10.05 7.97 9.28 7.90 7.40 5.32 9.23 8.82 4.61 2.90 5.25 5.23 5.99 8.97 8.38 6.90 8.92 3.56 8.55 9.14 9.81 2.72 2.68 10.01 8.75 
2.76 8.76 4.65 7.26 9.25 6.94 8.60 7.07 5.02 9.24 5.68 5.16 4.07 0.79 6.83 5.13 5.27 6.42 3.51 7.20 9.77 6.99 4.14 3.61 10.39 7.22 2.66 10.83 8.69 4.66 2.71 5.81 1.90 1.09 7.29 9.10 2.12 1.57 4.56 7.16 4.19 3.74 8.07 0.97 1.18 3.31 2.08 6.44 1.09 3.82 3.12 9.72 7.24 3.20 0.53 
10.63 4.43 5.53 5.11 1.52 3.36 1.89 4.12 8.68 2.88 6.09 7.09 8.53 9.70 3.34 7.62 6.13 3.81 8.75 3.18 6.27 5.22 6.02 8.83 1.89 3.81 8.13 1.79 4.03 7.56 10.58 10.35 9.97 9.19 6.36 3.47 9.86 10.39 5.60 3.01 6.01 6.62 4.63 10.39 9.84 8.80 10.60 3.77 10.00 9.28 10.20 0.54 5.19 10.38 10.06 
2.86 8.09 3.92 6.64 8.53 6.22 7.88 6.39 4.70 8.53 5.05 4.61 3.73 0.65 6.10 4.64 4.63 5.70 3.15 6.48 9.18 6.37 3.41 3.32 9.67 6.53 2.08 10.11 8.01 4.14 2.80 5.70 1.87 0.56 6.72 8.41 2.05 1.80 3.83 6.43 3.46 3.05 7.41 1.34 1.19 3.00 2.31 5.71 1.21 3.55 3.07 8.98 6.63 3.20 0.83 
6.92 1.89 5.04 8.46 4.73 5.82 6.36 7.25 10.05 3.45 2.59 3.01 9.32 7.39 4.83 3.18 3.05 5.59 4.96 6.02 1.63 8.35 5.62 9.28 7.87 7.04 5.50 7.96 2.24 3.56 6.89 11.73 6.83 7.73 0.86 2.87 6.61 9.27 5.53 4.83 5.10 6.60 1.64 8.91 8.60 9.05 9.72 4.49 8.69 5.11 6.29 5.74 8.52 6.42 8.40 
1.43 9.46 6.38 9.68 10.67 8.86 10.49 9.29 7.68 10.32 6.32 5.47 6.73 2.50 8.51 5.18 6.05 8.33 3.43 9.15 9.96 9.41 6.06 6.27 12.36 9.39 3.68 12.76 9.51 4.88 1.45 8.38 1.84 3.63 7.51 10.04 1.96 4.02 6.47 8.83 5.89 5.98 8.77 3.42 3.81 5.97 4.47 8.05 3.69 3.25 2.06 11.32 9.67 1.96 3.16 
7.50 10.55 5.81 5.04 9.61 6.61 7.93 5.72 1.17 10.29 8.25 8.30 1.48 5.30 7.16 8.56 7.80 6.34 7.53 6.71 12.19 4.83 5.19 1.54 9.14 6.02 6.14 9.65 10.30 8.04 7.44 1.05 6.53 4.13 10.05 10.43 6.70 3.40 5.36 7.44 5.69 4.20 9.98 3.98 3.63 1.83 3.03 7.10 3.72 8.06 7.73 9.57 4.98 7.85 4.27 
1.78 9.25 5.71 8.73 10.18 8.14 9.79 8.44 6.57 9.96 6.09 5.36 5.64 1.59 7.89 5.17 5.75 7.61 3.39 8.41 9.97 8.46 5.31 5.17 11.63 8.56 3.18 12.05 9.25 4.78 1.76 7.27 1.51 2.60 7.48 9.74 1.73 2.91 5.73 8.21 5.22 5.09 8.56 2.31 2.71 4.88 3.37 7.45 2.58 3.42 2.36 10.75 8.72 2.35 2.06 
1.70 9.32 5.86 8.93 10.30 8.30 9.95 8.62 6.79 10.06 6.16 5.40 5.85 1.77 8.03 5.19 5.84 7.77 3.41 8.58 10.00 8.66 5.47 5.39 11.79 8.74 3.29 12.21 9.34 4.83 1.69 7.47 1.56 2.81 7.52 9.83 1.76 3.12 5.89 8.36 5.37 5.28 8.63 2.52 2.92 5.09 3.57 7.59 2.79 3.40 2.30 10.88 8.92 2.28 2.27 
8.74 4.16 3.48 3.51 1.89 1.24 0.80 2.32 6.72 3.05 4.62 5.57 6.48 7.64 1.35 6.11 4.53 1.67 6.97 1.11 6.18 3.54 3.92 6.75 2.65 2.01 6.18 2.96 3.76 5.94 8.68 8.43 8.01 7.07 5.43 3.48 7.92 8.26 3.50 1.07 3.97 4.48 4.02 8.26 7.71 6.70 8.47 1.85 7.87 7.55 8.36 1.78 3.59 8.55 7.95 
5.14 2.96 3.50 7.38 5.00 4.98 5.99 6.28 8.40 4.13 0.82 1.10 7.60 5.45 4.06 1.41 1.26 4.61 3.12 5.24 3.56 7.23 3.99 7.51 7.76 6.14 3.56 7.97 3.10 1.68 5.11 10.02 4.95 5.80 1.09 3.71 4.74 7.35 3.99 4.20 3.43 4.92 2.32 6.97 6.68 7.26 7.80 3.59 6.76 3.38 4.54 5.93 7.43 4.69 6.46 
8.27 6.43 3.21 1.02 4.59 1.74 2.64 0.42 4.16 5.62 5.60 6.28 4.12 6.61 2.67 6.79 5.30 1.85 6.96 1.67 8.40 0.92 3.18 4.50 3.92 0.73 5.74 4.42 6.07 6.43 8.21 5.81 7.36 5.70 7.00 5.95 7.35 6.50 2.86 2.79 3.60 3.10 6.08 6.69 6.09 4.54 6.58 2.96 6.27 7.61 8.08 4.34 1.07 8.27 6.51 
2.55 5.59 3.18 7.21 6.90 5.59 7.08 6.44 6.87 6.44 2.44 1.67 5.93 2.76 5.00 1.58 2.17 5.07 0.63 5.89 6.32 6.99 3.20 5.69 8.98 6.43 1.08 9.31 5.63 1.13 2.50 8.26 2.19 3.38 3.82 6.16 1.99 4.86 3.49 5.28 2.76 3.73 4.91 4.40 4.22 5.39 5.36 4.49 4.27 1.26 2.05 7.63 7.23 2.24 3.87 
0.65 8.71 5.85 9.34 10.02 8.34 9.95 8.87 7.64 9.61 5.59 4.72 6.67 2.30 7.93 4.41 5.34 7.81 2.68 8.63 9.18 9.08 5.58 6.24 11.83 8.94 3.10 12.21 8.78 4.13 0.68 8.50 1.32 3.51 6.74 9.32 1.36 4.19 5.98 8.24 5.36 5.61 8.03 3.58 3.86 5.93 4.68 7.45 3.77 2.47 1.28 10.70 9.33 1.19 3.22 
2.89 6.19 2.50 6.16 6.89 4.99 6.60 5.56 5.44 6.74 3.13 2.75 4.50 1.88 4.63 2.87 2.71 4.45 1.84 5.28 7.26 5.91 2.24 4.25 8.48 5.61 0.40 8.87 6.14 2.35 2.83 6.82 2.06 2.08 4.82 6.57 2.00 3.62 2.63 4.95 2.01 2.48 5.51 3.25 2.96 3.95 4.09 4.18 3.03 2.45 2.68 7.47 6.16 2.87 2.74 
5.72 2.90 1.99 5.57 3.72 3.15 4.26 4.45 7.00 3.35 1.16 2.10 6.31 5.29 2.25 2.65 1.10 2.77 3.76 3.41 4.40 5.43 2.61 6.33 6.10 4.30 3.43 6.36 2.78 2.53 5.67 8.71 5.21 5.24 2.48 3.17 5.05 6.74 2.47 2.42 2.14 3.60 2.25 6.49 6.08 6.12 7.12 1.76 6.20 4.25 5.23 4.51 5.62 5.41 6.04 
6.03 10.47 5.72 6.23 10.05 7.17 8.69 6.62 2.65 10.49 7.79 7.61 2.16 3.91 7.51 7.76 7.33 6.79 6.45 7.34 11.90 5.98 5.07 1.73 10.14 6.88 5.20 10.65 10.29 7.25 5.98 2.69 5.13 2.91 9.57 10.53 5.34 1.72 5.37 7.82 5.46 4.15 9.84 2.34 2.16 1.72 1.26 7.32 2.20 6.89 6.36 10.19 6.18 6.46 2.74 
6.54 1.60 3.37 6.61 3.41 3.98 4.66 5.41 8.37 2.53 1.59 2.51 7.70 6.46 3.00 2.96 1.91 3.75 4.50 4.19 3.02 6.51 4.00 7.72 6.32 5.21 4.55 6.48 1.60 3.08 6.50 10.08 6.19 6.54 1.55 2.15 6.01 8.06 3.83 3.02 3.53 4.99 0.92 7.78 7.39 7.52 8.46 2.64 7.51 4.87 5.98 4.37 6.67 6.14 7.30 
5.71 10.28 5.55 6.28 9.94 7.10 8.64 6.61 2.82 10.34 7.56 7.35 2.22 3.59 7.39 7.49 7.10 6.70 6.15 7.27 11.68 6.02 4.90 1.76 10.14 6.86 4.92 10.64 10.11 6.98 5.66 2.99 4.81 2.61 9.33 10.37 5.02 1.40 5.21 7.71 5.27 4.01 9.64 2.02 1.85 1.69 0.95 7.18 1.88 6.59 6.04 10.11 6.23 6.14 2.42 
1.62 6.62 3.77 7.58 7.82 6.26 7.82 6.94 6.68 7.44 3.46 2.69 5.71 1.92 5.78 2.53 3.17 5.73 0.81 6.55 7.32 7.33 3.62 5.39 9.72 6.97 1.06 10.08 6.65 2.12 1.57 7.91 1.16 2.80 4.82 7.17 0.96 4.15 3.98 6.07 3.30 3.91 5.93 3.63 3.56 5.08 4.67 5.28 3.57 1.20 1.28 8.51 7.59 1.47 3.11 
9.85 5.99 4.51 2.40 3.41 2.05 1.18 1.72 6.19 4.76 6.26 7.13 6.22 8.42 2.85 7.67 6.09 2.57 8.27 1.76 8.01 2.56 4.74 6.60 1.81 1.50 7.25 2.32 5.58 7.43 9.79 7.76 9.01 7.63 7.23 5.25 8.96 8.55 4.34 2.71 4.98 4.96 5.87 8.69 8.10 6.64 8.65 3.35 8.28 8.89 9.55 2.78 2.48 9.75 8.47 
3.69 8.40 3.93 6.12 8.55 6.03 7.68 6.01 3.89 8.69 5.48 5.16 2.93 1.49 6.04 5.26 5.03 5.54 3.90 6.27 9.63 5.85 3.35 2.50 9.41 6.18 2.68 9.87 8.28 4.75 3.64 4.85 2.72 0.35 7.21 8.63 2.89 1.23 3.74 6.38 3.53 2.75 7.73 1.06 0.57 2.18 1.67 5.71 0.70 4.35 3.92 8.92 6.10 4.04 0.81 
8.41 2.43 6.59 9.73 5.30 7.03 7.26 8.49 11.60 3.86 4.23 4.63 10.90 9.01 6.06 4.74 4.69 6.89 6.52 7.19 0.48 9.65 7.20 10.89 8.52 8.25 7.13 8.51 2.84 5.16 8.39 13.30 8.40 9.37 2.49 3.28 8.18 10.92 7.07 5.99 6.69 8.18 2.65 10.55 10.25 10.67 11.37 5.80 10.34 6.59 7.78 6.29 9.79 7.88 10.04 
4.81 3.48 2.14 6.13 4.67 3.91 5.16 5.09 7.04 4.19 0.55 1.21 6.26 4.58 3.10 1.75 0.16 3.47 2.82 4.19 4.63 5.96 2.62 6.19 7.02 4.99 2.68 7.30 3.45 1.58 4.76 8.68 4.36 4.71 2.33 3.93 4.19 6.25 2.63 3.31 2.07 3.56 2.79 5.94 5.58 5.96 6.68 2.58 5.68 3.30 4.30 5.46 6.17 4.48 5.45 
9.70 6.16 4.39 2.06 3.67 2.00 1.42 1.44 5.86 4.98 6.26 7.10 5.91 8.22 2.86 7.64 6.06 2.48 8.17 1.71 8.18 2.23 4.58 6.30 2.13 1.26 7.11 2.64 5.75 7.38 9.64 7.43 8.84 7.40 7.31 5.45 8.81 8.29 4.18 2.76 4.85 4.74 6.00 8.44 7.85 6.34 8.38 3.34 8.03 8.80 9.43 3.08 2.14 9.62 8.23 
5.75 10.16 5.42 6.10 9.79 6.93 8.47 6.43 2.64 10.20 7.47 7.29 2.04 3.61 7.24 7.44 7.01 6.54 6.13 7.11 11.58 5.84 4.77 1.58 9.96 6.68 4.87 10.46 9.99 6.92 5.70 2.89 4.84 2.59 9.25 10.24 5.04 1.47 5.08 7.56 5.15 3.87 9.53 2.08 1.86 1.51 1.06 7.04 1.91 6.58 6.06 9.95 6.05 6.17 2.46 
4.80 6.04 1.30 4.21 5.86 3.39 5.06 3.68 4.02 6.11 3.59 3.75 3.22 3.21 3.35 4.11 3.13 2.88 3.68 3.65 7.55 3.96 0.66 3.17 6.86 3.78 2.33 7.29 5.85 3.63 4.73 5.64 3.87 2.55 5.37 6.11 3.87 3.83 1.05 3.68 1.03 0.60 5.42 3.76 3.23 2.96 4.13 3.03 3.38 4.33 4.63 6.22 4.21 4.82 3.42 
8.71 1.53 6.15 8.93 4.24 6.23 6.29 7.68 11.10 2.79 4.10 4.72 10.47 9.04 5.29 4.96 4.53 6.15 6.72 6.35 0.65 8.88 6.78 10.50 7.46 7.42 7.12 7.43 1.91 5.29 8.68 12.83 8.57 9.25 2.62 2.24 8.36 10.79 6.59 5.17 6.32 7.77 1.98 10.47 10.12 10.31 11.21 5.10 10.22 6.90 8.09 5.22 9.00 8.21 9.98 
9.01 1.13 5.18 7.17 2.13 4.52 4.27 5.93 9.82 0.69 4.06 4.97 9.33 8.81 3.70 5.39 4.34 4.59 6.98 4.59 2.76 7.16 5.83 9.45 5.33 5.64 6.93 5.30 0.90 5.55 8.97 11.58 8.64 8.74 3.42 0.37 8.46 10.21 5.54 3.49 5.50 6.76 1.68 10.01 9.56 9.31 10.57 3.69 9.69 7.33 8.45 3.09 7.24 8.61 9.56 
9.50 3.17 4.61 5.20 0.25 2.88 2.02 4.03 8.40 1.69 4.82 5.83 8.11 8.73 2.49 6.35 4.90 3.19 7.57 2.80 5.09 5.25 5.17 8.35 2.98 3.72 7.06 3.02 2.76 6.32 9.45 10.13 8.89 8.34 5.04 2.26 8.77 9.64 4.78 2.16 5.06 5.90 3.32 9.58 9.05 8.27 9.90 2.81 9.21 8.07 9.03 0.80 5.28 9.21 9.21 
5.49 7.02 2.25 3.62 6.45 3.65 5.25 3.46 2.85 6.91 4.75 4.93 2.08 3.57 3.91 5.27 4.30 3.22 4.69 3.85 8.64 3.35 1.63 2.12 6.90 3.64 3.26 7.38 6.80 4.78 5.43 4.49 4.50 2.56 6.52 6.99 4.56 3.43 1.82 4.22 2.14 0.64 6.44 3.55 2.96 1.96 3.60 3.72 3.14 5.31 5.44 6.65 3.61 5.62 3.36 
3.36 9.38 5.12 7.37 9.74 7.29 8.95 7.29 4.76 9.80 6.33 5.85 3.87 1.50 7.27 5.83 5.91 6.80 4.23 7.54 10.45 7.09 4.56 3.38 10.69 7.46 3.33 11.15 9.30 5.36 3.32 5.37 2.57 1.39 7.98 9.69 2.80 1.01 4.97 7.60 4.68 4.03 8.70 0.42 0.94 3.11 1.49 6.91 0.78 4.52 3.77 10.15 7.34 3.84 0.51 
0.25 8.23 5.59 9.23 9.64 8.09 9.66 8.69 7.77 9.17 5.13 4.23 6.79 2.42 7.62 3.89 4.90 7.55 2.21 8.38 8.64 8.98 5.38 6.39 11.56 8.75 2.83 11.92 8.31 3.64 0.31 8.72 1.25 3.63 6.22 8.86 1.18 4.49 5.76 7.92 5.11 5.51 7.55 3.87 4.09 6.07 4.99 7.13 4.02 1.93 0.75 10.34 9.23 0.63 3.47 
6.59 10.16 5.38 5.33 9.47 6.52 7.96 5.83 1.63 10.03 7.68 7.64 1.30 4.40 6.96 7.86 7.22 6.19 6.73 6.66 11.71 5.08 4.73 1.04 9.33 6.10 5.37 9.83 9.94 7.34 6.54 1.93 5.64 3.26 9.48 10.13 5.82 2.47 4.97 7.26 5.19 3.76 9.56 3.05 2.70 1.21 2.11 6.83 2.80 7.23 6.84 9.53 5.27 6.97 3.35 
6.19 1.96 3.11 6.51 3.64 3.93 4.73 5.33 8.12 2.84 1.24 2.18 7.43 6.10 2.96 2.65 1.55 3.65 4.16 4.15 3.29 6.39 3.72 7.43 6.45 5.14 4.19 6.63 1.95 2.75 6.15 9.82 5.83 6.19 1.53 2.49 5.65 7.72 3.58 3.02 3.24 4.71 1.27 7.43 7.05 7.22 8.13 2.56 7.16 4.54 5.64 4.56 6.57 5.80 6.95 
1.91 7.97 4.24 7.38 8.73 6.67 8.32 7.01 5.64 8.58 4.84 4.23 4.67 0.30 6.41 4.15 4.46 6.13 2.49 6.94 8.87 7.11 3.84 4.26 10.16 7.11 1.82 10.58 7.94 3.70 1.85 6.63 0.94 1.50 6.37 8.39 1.13 2.56 4.26 6.74 3.75 3.68 7.28 1.99 2.05 3.95 3.08 5.98 2.01 2.78 2.15 9.28 7.37 2.27 1.49 
2.62 5.89 2.76 6.65 6.87 5.25 6.81 5.96 6.12 6.57 2.74 2.19 5.18 2.22 4.77 2.24 2.37 4.72 1.19 5.54 6.80 6.41 2.65 4.93 8.70 5.98 0.34 9.07 5.87 1.74 2.56 7.50 1.98 2.67 4.32 6.35 1.84 4.19 3.00 5.07 2.30 3.06 5.19 3.76 3.53 4.63 4.67 4.28 3.59 1.83 2.28 7.53 6.67 2.47 3.24 
5.77 2.30 3.20 6.83 4.16 4.32 5.22 5.68 8.20 3.33 0.88 1.72 7.47 5.82 3.36 2.15 1.29 4.00 3.74 4.56 3.33 6.70 3.77 7.44 6.95 5.51 3.90 7.15 2.37 2.30 5.73 9.88 5.47 6.01 1.20 2.94 5.28 7.55 3.69 3.46 3.25 4.75 1.62 7.23 6.88 7.21 7.98 2.93 6.98 4.08 5.20 5.09 6.88 5.36 6.74 
9.96 2.83 5.35 6.19 0.83 3.84 2.98 5.03 9.37 1.26 5.11 6.11 9.04 9.38 3.34 6.60 5.27 4.11 7.98 3.79 4.55 6.24 5.95 9.26 3.63 4.71 7.63 3.54 2.46 6.65 9.91 11.10 9.44 9.08 4.97 1.84 9.29 10.44 5.58 3.03 5.77 6.74 3.17 10.34 9.83 9.17 10.72 3.58 9.98 8.43 9.46 1.43 6.27 9.63 9.94 
8.95 11.60 6.96 5.35 10.37 7.37 8.49 6.27 1.95 11.19 9.51 9.63 2.73 6.75 8.05 9.91 9.06 7.18 8.95 7.42 13.34 5.19 6.37 2.93 9.46 6.58 7.55 9.98 11.33 9.40 8.89 0.44 7.98 5.58 11.29 11.40 8.15 4.80 6.49 8.30 6.90 5.40 11.07 5.39 5.07 3.23 4.38 8.06 5.16 9.49 9.18 10.20 5.27 9.31 5.71 
7.32 9.50 4.83 3.88 8.43 5.43 6.73 4.52 0.23 9.16 7.39 7.54 0.75 5.13 6.02 7.85 6.94 5.18 7.03 5.52 11.21 3.65 4.24 1.19 7.96 4.82 5.60 8.47 9.23 7.35 7.26 1.90 6.32 3.92 9.16 9.33 6.45 3.66 4.36 6.29 4.77 3.27 8.96 4.15 3.66 1.49 3.43 5.99 3.80 7.61 7.45 8.37 3.82 7.60 4.30 
7.45 7.80 3.48 2.01 6.46 3.45 4.69 2.48 2.11 7.29 6.16 6.56 2.09 5.47 4.15 6.97 5.75 3.27 6.61 3.51 9.64 1.75 3.06 2.52 5.95 2.78 5.21 6.46 7.50 6.52 7.39 3.82 6.46 4.36 7.83 7.52 6.52 4.79 2.99 4.38 3.62 2.36 7.33 5.10 4.52 2.62 4.77 4.21 4.69 7.24 7.41 6.34 1.96 7.59 5.05 
8.11 3.73 2.92 3.73 1.95 1.10 1.46 2.48 6.61 2.82 3.96 4.89 6.27 7.09 0.74 5.44 3.86 1.34 6.32 1.14 5.74 3.71 3.42 6.50 3.32 2.20 5.57 3.62 3.34 5.27 8.06 8.34 7.41 6.60 4.82 3.16 7.31 7.84 3.01 0.42 3.40 4.08 3.51 7.81 7.27 6.42 8.08 1.21 7.43 6.89 7.72 2.17 3.80 7.91 7.47 
3.56 9.82 5.56 7.70 10.18 7.71 9.37 7.67 4.93 10.24 6.76 6.26 4.08 1.88 7.70 6.23 6.35 7.22 4.58 7.95 10.87 7.43 5.00 3.58 11.09 7.85 3.75 11.55 9.74 5.76 3.53 5.40 2.85 1.82 8.39 10.13 3.10 1.09 5.40 8.04 5.12 4.44 9.13 0.67 1.26 3.33 1.46 7.35 1.09 4.84 4.02 10.58 7.67 4.08 0.95 
8.12 4.96 2.77 2.45 3.11 0.33 1.51 1.20 5.46 4.10 4.61 5.44 5.24 6.78 1.30 5.98 4.40 0.82 6.52 0.15 6.96 2.42 3.05 5.53 3.27 0.93 5.52 3.71 4.59 5.71 8.06 7.18 7.30 6.09 5.78 4.44 7.25 7.17 2.64 1.33 3.25 3.43 4.68 7.23 6.65 5.50 7.34 1.72 6.82 7.14 7.81 3.01 2.52 8.00 6.95 
8.86 8.05 4.37 0.86 6.18 3.37 4.11 1.98 3.10 7.26 6.96 7.52 3.43 6.93 4.29 7.98 6.61 3.43 7.85 3.31 10.00 0.75 4.12 3.90 4.97 2.29 6.50 5.48 7.70 7.57 8.80 4.54 7.88 5.85 8.48 7.59 7.93 6.27 3.92 4.43 4.64 3.64 7.68 6.60 6.01 4.06 6.22 4.52 6.19 8.50 8.77 5.84 0.78 8.96 6.55 
6.93 10.10 5.34 4.96 9.28 6.30 7.69 5.53 1.18 9.91 7.74 7.75 1.07 4.73 6.80 8.00 7.28 6.00 6.96 6.43 11.71 4.72 4.71 1.00 9.00 5.81 5.57 9.51 9.87 7.49 6.88 1.62 5.96 3.56 9.53 10.03 6.13 2.90 4.91 7.09 5.19 3.72 9.52 3.46 3.08 1.27 2.57 6.71 3.19 7.48 7.16 9.30 4.90 7.29 3.73 
8.33 8.50 4.36 1.83 6.91 3.96 4.95 2.73 2.07 7.86 7.04 7.47 2.46 6.29 4.77 7.89 6.64 3.89 7.53 3.96 10.39 1.64 3.98 2.95 5.96 3.05 6.13 6.47 8.18 7.44 8.27 3.56 7.33 5.15 8.67 8.14 7.40 5.40 3.88 4.97 4.53 3.28 8.07 5.77 5.20 3.14 5.30 4.91 5.37 8.17 8.31 6.67 1.76 8.48 5.77 
8.45 3.72 3.27 3.84 1.67 1.34 1.25 2.62 6.87 2.68 4.21 5.17 6.56 7.45 1.09 5.71 4.14 1.65 6.64 1.31 5.74 3.85 3.77 6.80 3.03 2.32 5.91 3.31 3.32 5.56 8.39 8.60 7.75 6.95 4.97 3.07 7.65 8.18 3.36 0.76 3.75 4.42 3.56 8.16 7.62 6.73 8.42 1.55 7.78 7.20 8.05 1.82 3.92 8.24 7.82 
2.82 5.31 3.05 7.13 6.64 5.42 6.88 6.32 6.94 6.17 2.16 1.40 6.02 3.01 4.80 1.35 1.89 4.91 0.84 5.72 6.04 6.91 3.13 5.80 8.77 6.29 1.24 9.10 5.34 0.87 2.77 8.37 2.47 3.57 3.55 5.87 2.27 5.07 3.39 5.07 2.66 3.72 4.62 4.62 4.42 5.50 5.56 4.28 4.48 1.42 2.31 7.39 7.15 2.49 4.10 
10.35 6.41 5.02 2.55 3.73 2.57 1.57 2.10 6.41 5.12 6.77 7.65 6.51 8.88 3.36 8.19 6.61 3.08 8.78 2.28 8.42 2.75 5.23 6.91 1.58 1.92 7.76 2.09 6.00 7.95 10.29 7.93 9.50 8.06 7.72 5.63 9.46 8.94 4.83 3.21 5.49 5.40 6.32 9.10 8.51 6.97 9.02 3.86 8.69 9.40 10.06 2.99 2.62 10.25 8.90 
5.71 5.75 1.09 3.35 5.16 2.50 4.16 2.74 3.95 5.59 3.75 4.15 3.32 4.15 2.62 4.58 3.34 2.02 4.45 2.75 7.44 3.12 0.68 3.42 5.93 2.83 3.18 6.38 5.51 4.15 5.65 5.67 4.80 3.42 5.46 5.68 4.79 4.57 0.60 2.94 1.22 0.80 5.19 4.58 4.02 3.27 4.80 2.40 4.19 5.10 5.51 5.43 3.37 5.70 4.28 
6.19 4.58 0.84 3.54 3.96 1.66 3.27 2.54 5.08 4.35 3.07 3.73 4.52 4.98 1.44 4.24 2.75 1.12 4.60 1.95 6.36 3.37 1.27 4.65 5.14 2.48 3.60 5.54 4.32 3.90 6.13 6.82 5.40 4.45 4.60 4.45 5.33 5.72 0.86 1.77 1.33 2.01 4.07 5.67 5.14 4.51 5.99 1.16 5.29 5.23 5.88 4.32 3.58 6.07 5.32 
4.30 3.77 3.18 7.24 5.53 5.04 6.24 6.22 7.87 4.81 0.84 0.24 7.03 4.61 4.21 0.70 0.98 4.61 2.28 5.32 4.41 7.06 3.56 6.90 8.08 6.12 2.74 8.33 3.86 0.83 4.27 9.44 4.09 5.02 1.92 4.44 3.88 6.56 3.65 4.40 3.00 4.42 3.09 6.16 5.90 6.63 7.03 3.70 5.97 2.58 3.72 6.40 7.28 3.87 5.65 
5.89 9.14 4.37 4.79 8.56 5.66 7.16 5.11 1.72 9.06 6.66 6.63 0.84 3.68 6.03 6.87 6.20 5.28 5.82 5.82 10.69 4.53 3.72 0.33 8.64 5.36 4.43 9.14 8.93 6.35 5.83 2.76 4.90 2.48 8.45 9.14 5.05 2.18 3.97 6.34 4.17 2.75 8.54 2.64 2.15 0.20 2.03 5.87 2.29 6.35 6.07 8.68 4.75 6.21 2.80 
9.01 4.74 3.68 3.04 2.36 1.23 0.44 1.92 6.44 3.60 5.09 6.01 6.28 7.79 1.71 6.55 4.97 1.75 7.31 0.98 6.77 3.11 4.05 6.59 2.31 1.60 6.43 2.70 4.34 6.35 8.95 8.13 8.24 7.14 5.98 4.05 8.17 8.24 3.63 1.51 4.17 4.50 4.60 8.30 7.73 6.56 8.42 2.23 7.90 7.90 8.66 2.02 3.12 8.85 8.01 
1.56 8.51 4.94 8.08 9.40 7.39 9.03 7.73 6.18 9.20 5.36 4.66 5.21 0.91 7.12 4.51 5.01 6.85 2.76 7.66 9.30 7.82 4.56 4.78 10.88 7.84 2.42 11.30 8.51 4.10 1.51 7.03 0.88 2.06 6.80 8.98 1.13 2.77 4.98 7.44 4.45 4.40 7.82 2.16 2.40 4.47 3.27 6.68 2.31 2.89 1.99 9.97 8.07 2.05 1.76 
9.20 7.95 4.52 0.55 5.94 3.25 3.80 1.80 3.58 7.07 7.05 7.66 3.91 7.31 4.20 8.14 6.72 3.38 8.11 3.14 9.93 0.62 4.34 4.38 4.54 2.08 6.79 5.05 7.58 7.75 9.13 4.99 8.23 6.25 8.51 7.44 8.27 6.73 4.10 4.31 4.83 3.95 7.61 7.04 6.45 4.53 6.68 4.49 6.63 8.76 9.09 5.53 0.48 9.27 6.97 
3.10 6.74 2.63 5.89 7.19 5.04 6.69 5.42 4.82 7.16 3.75 3.43 3.86 1.55 4.81 3.57 3.31 4.51 2.45 5.32 7.90 5.63 2.21 3.58 8.53 5.51 1.04 8.95 6.65 3.05 3.04 6.14 2.15 1.42 5.47 7.04 2.17 2.96 2.63 5.14 2.15 2.16 6.06 2.64 2.29 3.28 3.42 4.40 2.39 3.02 3.03 7.70 5.89 3.21 2.16 
4.99 3.90 1.23 5.24 4.47 3.17 4.57 4.25 6.18 4.28 1.45 2.01 5.43 4.34 2.48 2.53 1.06 2.69 3.15 3.46 5.32 5.06 1.74 5.41 6.46 4.17 2.55 6.79 3.78 2.22 4.94 7.85 4.37 4.24 3.18 4.15 4.25 5.73 1.72 2.75 1.22 2.72 3.25 5.50 5.07 5.19 6.12 1.97 5.20 3.73 4.56 5.14 5.28 4.75 5.04 
1.60 6.58 3.83 7.67 7.83 6.32 7.87 7.02 6.81 7.42 3.43 2.63 5.84 2.04 5.81 2.44 3.15 5.78 0.70 6.61 7.24 7.43 3.70 5.52 9.76 7.05 1.15 10.12 6.62 2.05 1.55 8.04 1.22 2.93 4.75 7.14 1.01 4.28 4.06 6.11 3.36 4.01 5.89 3.75 3.69 5.21 4.80 5.32 3.70 1.07 1.21 8.53 7.68 1.41 3.24 
5.96 3.83 1.01 4.33 3.68 2.10 3.51 3.26 5.86 3.80 2.27 3.03 5.24 5.04 1.44 3.56 2.00 1.64 4.19 2.39 5.54 4.18 1.66 5.32 5.41 3.15 3.42 5.75 3.60 3.29 5.90 7.59 5.26 4.71 3.75 3.81 5.16 6.10 1.38 1.73 1.40 2.59 3.27 5.97 5.48 5.15 6.43 0.94 5.62 4.79 5.57 4.22 4.38 5.76 5.57 
7.78 4.79 2.43 2.62 3.14 0.14 1.77 1.38 5.40 4.03 4.29 5.10 5.11 6.47 1.05 5.64 4.06 0.47 6.17 0.37 6.77 2.56 2.73 5.37 3.59 1.17 5.18 4.01 4.43 5.36 7.72 7.13 6.96 5.80 5.50 4.33 6.91 6.92 2.32 1.16 2.91 3.16 4.46 6.96 6.39 5.32 7.11 1.42 6.56 6.79 7.46 3.16 2.69 7.66 6.67 
8.51 0.87 4.68 6.84 2.09 4.16 4.08 5.59 9.38 0.71 3.55 4.49 8.86 8.29 3.30 4.92 3.83 4.18 6.48 4.25 2.78 6.82 5.33 8.97 5.31 5.32 6.41 5.33 0.50 5.06 8.47 11.13 8.12 8.22 3.05 0.17 7.95 9.69 5.05 3.12 4.99 6.27 1.26 9.48 9.04 8.82 10.05 3.24 9.17 6.84 7.95 3.10 6.92 8.11 9.04 
4.90 3.30 3.80 7.76 5.44 5.40 6.44 6.68 8.62 4.54 1.16 1.01 7.79 5.39 4.49 1.14 1.53 5.02 2.92 5.66 3.68 7.60 4.25 7.68 8.21 6.54 3.53 8.42 3.47 1.52 4.87 10.21 4.79 5.83 1.19 4.09 4.57 7.36 4.29 4.64 3.69 5.15 2.68 6.96 6.70 7.42 7.84 4.02 6.78 3.10 4.28 6.37 7.80 4.42 6.44 
4.61 7.54 2.82 4.71 7.32 4.66 6.30 4.57 3.10 7.63 4.91 4.86 2.15 2.55 4.78 5.10 4.45 4.19 4.16 4.89 8.99 4.44 2.18 1.92 7.99 4.75 2.73 8.46 7.37 4.59 4.55 4.49 3.60 1.46 6.70 7.63 3.70 2.39 2.52 5.11 2.52 1.38 6.91 2.45 1.87 1.63 2.63 4.51 2.04 4.74 4.66 7.61 4.69 4.82 2.25 
6.22 2.06 4.25 7.82 4.57 5.24 5.96 6.64 9.25 3.46 1.75 2.22 8.50 6.58 4.26 2.47 2.21 4.96 4.23 5.46 2.44 7.69 4.81 8.45 7.59 6.45 4.68 7.73 2.30 2.80 6.19 10.91 6.07 6.89 0.27 2.95 5.86 8.44 4.74 4.31 4.28 5.78 1.54 8.08 7.77 8.22 8.88 3.87 7.86 4.43 5.61 5.57 7.87 5.74 7.57 
3.34 5.33 2.08 6.08 6.17 4.55 6.10 5.32 5.91 5.93 2.26 1.96 5.01 2.73 4.05 2.18 1.84 4.02 1.73 4.85 6.40 5.85 2.06 4.83 7.99 5.33 0.86 8.36 5.29 1.67 3.28 7.40 2.67 2.92 3.97 5.73 2.55 4.46 2.36 4.36 1.64 2.64 4.65 4.11 3.79 4.55 4.92 3.57 3.88 2.38 2.98 6.81 6.10 3.17 3.61 
9.52 5.92 4.19 2.15 3.46 1.77 1.22 1.38 5.88 4.76 6.02 6.87 5.89 8.07 2.62 7.42 5.83 2.27 7.97 1.48 7.94 2.29 4.41 6.26 2.15 1.15 6.93 2.65 5.52 7.16 9.46 7.48 8.67 7.28 7.06 5.22 8.63 8.20 4.01 2.52 4.66 4.61 5.76 8.34 7.75 6.30 8.31 3.11 7.93 8.59 9.23 2.91 2.23 9.43 8.12 
7.16 2.62 5.86 9.36 5.54 6.72 7.24 8.15 10.85 4.19 3.29 3.51 10.09 7.87 5.73 3.55 3.75 6.49 5.31 6.92 1.53 9.25 6.41 10.03 8.71 7.95 6.03 8.78 3.01 4.00 7.15 12.51 7.20 8.32 1.50 3.60 6.97 9.86 6.35 5.73 5.88 7.38 2.49 9.46 9.19 9.79 10.33 5.39 9.27 5.35 6.53 6.55 9.41 6.63 8.94 
7.16 1.31 4.80 8.03 4.14 5.36 5.81 6.81 9.81 2.86 2.55 3.15 9.11 7.47 4.37 3.41 2.99 5.17 5.17 5.54 1.62 7.93 5.40 9.11 7.29 6.58 5.55 7.37 1.66 3.73 7.13 11.51 7.00 7.71 1.11 2.29 6.79 9.25 5.27 4.35 4.91 6.39 1.07 8.92 8.58 8.89 9.69 4.07 8.68 5.37 6.55 5.16 8.09 6.69 8.42 
8.35 1.65 4.04 5.92 1.40 3.25 3.19 4.67 8.56 0.77 3.47 4.46 8.09 7.89 2.43 4.95 3.64 3.31 6.35 3.33 3.66 5.90 4.68 8.24 4.53 4.39 6.08 4.61 1.24 5.00 8.30 10.31 7.86 7.71 3.44 0.97 7.70 9.13 4.36 2.22 4.41 5.57 1.71 8.97 8.50 8.10 9.46 2.45 8.64 6.79 7.83 2.41 5.99 8.00 8.54 
1.76 6.98 3.65 7.23 7.95 6.14 7.75 6.69 6.08 7.68 3.83 3.17 5.10 1.27 5.76 3.09 3.48 5.61 1.47 6.43 7.81 6.98 3.39 4.76 9.63 6.75 0.93 10.02 6.97 2.64 1.70 7.26 0.91 2.13 5.32 7.46 0.85 3.48 3.78 6.07 3.16 3.51 6.29 2.96 2.88 4.45 3.99 5.29 2.90 1.87 1.66 8.57 7.24 1.83 2.44 
8.48 0.43 5.03 7.43 2.71 4.74 4.73 6.19 9.84 1.29 3.56 4.42 9.28 8.42 3.84 4.80 3.89 4.72 6.44 4.85 2.14 7.40 5.68 9.37 5.94 5.91 6.52 5.94 0.46 5.00 8.44 11.59 8.16 8.45 2.73 0.70 7.98 9.95 5.43 3.69 5.29 6.64 1.09 9.70 9.29 9.20 10.33 3.73 9.41 6.76 7.90 3.71 7.51 8.05 9.24 
6.21 7.43 2.75 3.06 6.56 3.62 5.12 3.12 2.26 7.16 5.36 5.62 1.68 4.23 4.06 5.98 4.93 3.27 5.45 3.78 9.13 2.78 2.19 1.89 6.64 3.36 4.03 7.14 7.17 5.50 6.15 3.98 5.22 3.14 7.11 7.30 5.29 3.75 2.28 4.35 2.75 1.29 6.88 3.98 3.39 1.85 3.82 3.97 3.56 6.08 6.19 6.64 3.03 6.36 3.87 
3.60 8.70 4.28 6.47 8.90 6.40 8.05 6.37 4.08 9.03 5.74 5.37 3.14 1.42 6.40 5.44 5.30 5.90 3.99 6.63 9.89 6.19 3.70 2.68 9.78 6.55 2.86 10.24 8.59 4.94 3.54 4.93 2.66 0.58 7.45 8.95 2.85 0.98 4.10 6.74 3.87 3.12 8.03 0.70 0.34 2.38 1.47 6.07 0.40 4.40 3.87 9.28 6.44 3.99 0.47 
8.50 1.70 4.18 5.97 1.29 3.32 3.17 4.72 8.66 0.64 3.62 4.62 8.20 8.05 2.52 5.11 3.80 3.40 6.50 3.38 3.69 5.95 4.82 8.36 4.46 4.44 6.23 4.53 1.28 5.16 8.46 10.42 8.02 7.85 3.56 0.93 7.86 9.27 4.49 2.29 4.55 5.70 1.81 9.12 8.64 8.22 9.60 2.56 8.78 6.94 7.99 2.31 6.04 8.16 8.69 
9.41 6.72 4.23 1.15 4.44 2.17 2.23 0.97 4.99 5.68 6.41 7.17 5.11 7.78 3.15 7.70 6.16 2.53 8.02 1.96 8.74 1.34 4.29 5.53 2.98 1.01 6.86 3.50 6.33 7.38 9.35 6.53 8.50 6.87 7.64 6.10 8.50 7.64 3.94 3.15 4.65 4.26 6.49 7.84 7.25 5.60 7.69 3.56 7.42 8.66 9.19 3.94 1.23 9.38 7.67 
11.36 5.95 6.04 4.39 3.01 3.58 1.93 3.73 8.22 4.44 7.18 8.15 8.25 10.15 3.98 8.70 7.13 4.11 9.60 3.31 7.85 4.58 6.41 8.62 0.33 3.47 8.78 0.33 5.54 8.56 11.30 9.77 10.60 9.46 7.72 5.03 10.52 10.49 5.99 3.71 6.53 6.79 6.06 10.58 10.00 8.65 10.62 4.49 10.18 10.18 10.99 2.01 4.47 11.18 10.32 
9.64 6.26 4.35 1.89 3.81 2.00 1.57 1.32 5.70 5.11 6.28 7.11 5.76 8.13 2.90 7.65 6.08 2.47 8.14 1.73 8.29 2.06 4.51 6.15 2.28 1.16 7.06 2.80 5.86 7.38 9.58 7.26 8.78 7.29 7.37 5.57 8.75 8.16 4.13 2.82 4.80 4.64 6.09 8.33 7.73 6.20 8.25 3.37 7.91 8.77 9.38 3.24 1.97 9.57 8.13 
4.73 3.49 2.30 6.30 4.79 4.08 5.32 5.27 7.17 4.26 0.43 1.04 6.38 4.58 3.26 1.59 0.03 3.64 2.72 4.36 4.57 6.13 2.76 6.30 7.17 5.16 2.66 7.45 3.48 1.44 4.68 8.80 4.31 4.76 2.23 3.98 4.14 6.29 2.79 3.47 2.20 3.69 2.80 5.97 5.63 6.06 6.73 2.75 5.72 3.18 4.20 5.59 6.34 4.38 5.48 
8.66 5.82 3.38 1.66 3.73 1.21 1.71 0.52 5.10 4.86 5.45 6.24 5.03 7.16 2.19 6.77 5.21 1.58 7.18 1.00 7.83 1.70 3.53 5.38 3.06 0.23 6.08 3.55 5.44 6.47 8.60 6.75 7.79 6.35 6.67 5.25 7.77 7.27 3.15 2.20 3.83 3.68 5.55 7.41 6.82 5.40 7.39 2.59 6.99 7.81 8.40 3.42 1.74 8.60 7.19 
0.92 8.43 5.20 8.55 9.52 7.68 9.30 8.12 6.80 9.22 5.27 4.49 5.83 1.46 7.33 4.27 4.97 7.14 2.48 7.96 9.08 8.29 4.88 5.41 11.17 8.21 2.51 11.57 8.46 3.91 0.89 7.69 0.68 2.67 6.59 8.97 0.85 3.42 5.28 7.65 4.70 4.83 7.74 2.81 3.05 5.09 3.92 6.87 2.97 2.48 1.44 10.15 8.54 1.46 2.41 
7.55 3.27 2.52 4.14 2.12 1.43 2.14 2.89 6.68 2.62 3.28 4.23 6.25 6.66 0.53 4.78 3.20 1.41 5.71 1.59 5.25 4.08 3.09 6.43 3.97 2.65 5.04 4.25 2.91 4.62 7.50 8.43 6.88 6.25 4.17 2.85 6.78 7.57 2.70 0.39 2.97 3.86 2.96 7.49 6.97 6.32 7.85 0.72 7.12 6.27 7.13 2.60 4.21 7.32 7.12 
7.17 8.68 4.09 3.11 7.56 4.55 5.86 3.67 0.99 8.30 6.71 6.95 0.98 5.04 5.16 7.30 6.27 4.31 6.64 4.64 10.44 2.87 3.54 1.47 7.13 3.96 5.20 7.64 8.41 6.81 7.10 2.74 6.15 3.84 8.45 8.49 6.26 3.93 3.60 5.42 4.09 2.62 8.16 4.34 3.79 1.66 3.82 5.15 3.95 7.25 7.22 7.50 3.06 7.39 4.39 
8.72 9.89 5.51 3.23 8.39 5.43 6.43 4.22 1.32 9.32 8.18 8.49 2.20 6.55 6.20 8.86 7.76 5.32 8.24 5.44 11.73 3.08 5.02 2.68 7.34 4.53 6.81 7.85 9.58 8.38 8.66 2.21 7.71 5.35 9.88 9.58 7.83 5.16 5.02 6.42 5.58 4.16 9.42 5.65 5.15 2.97 4.92 6.30 5.30 8.85 8.80 8.15 3.16 8.96 5.79 
2.21 6.60 3.18 6.81 7.49 5.67 7.28 6.24 5.85 7.25 3.47 2.89 4.88 1.50 5.29 2.88 3.09 5.13 1.47 5.96 7.52 6.56 2.93 4.58 9.16 6.30 0.47 9.55 6.58 2.40 2.15 7.12 1.39 2.09 5.03 7.05 1.32 3.55 3.32 5.60 2.69 3.11 5.91 3.09 2.92 4.27 4.05 4.82 2.96 2.00 2.03 8.10 6.82 2.22 2.57 
8.59 4.94 3.24 2.60 2.81 0.74 1.00 1.40 5.87 3.93 4.91 5.78 5.69 7.28 1.51 6.32 4.73 1.27 6.95 0.45 6.96 2.62 3.55 5.99 2.77 1.09 5.99 3.20 4.55 6.08 8.53 7.56 7.78 6.60 5.96 4.33 7.72 7.67 3.14 1.41 3.72 3.94 4.72 7.74 7.16 5.97 7.84 1.99 7.34 7.56 8.26 2.59 2.68 8.46 7.46 
3.66 6.16 1.92 5.34 6.49 4.34 5.99 4.79 4.73 6.51 3.29 3.15 3.82 2.26 4.10 3.39 2.84 3.81 2.63 4.62 7.43 5.09 1.52 3.63 7.84 4.87 1.22 8.25 6.05 2.88 3.60 6.19 2.76 1.97 5.07 6.41 2.74 3.47 1.94 4.44 1.44 1.66 5.49 3.23 2.81 3.35 3.88 3.70 2.93 3.26 3.50 6.99 5.35 3.68 2.79 
5.35 6.40 1.63 3.64 5.91 3.22 4.86 3.25 3.44 6.31 4.15 4.39 2.70 3.61 3.37 4.76 3.71 2.75 4.34 3.45 8.01 3.38 1.00 2.74 6.59 3.39 2.96 7.04 6.18 4.29 5.29 5.11 4.40 2.76 5.92 6.38 4.42 3.83 1.20 3.69 1.53 0.10 5.81 3.87 3.30 2.57 4.06 3.14 3.47 4.98 5.23 6.17 3.64 5.42 3.61 
3.33 7.34 3.01 5.82 7.62 5.29 6.95 5.49 4.32 7.69 4.40 4.10 3.35 1.37 5.17 4.23 3.95 4.77 3.02 5.55 8.55 5.55 2.48 3.02 8.75 5.62 1.68 9.18 7.23 3.72 3.27 5.56 2.33 0.79 6.14 7.59 2.42 2.31 2.90 5.51 2.56 2.15 6.66 2.04 1.65 2.71 2.75 4.80 1.75 3.55 3.38 8.06 5.81 3.54 1.61 
5.51 5.84 1.10 3.53 5.34 2.72 4.37 2.95 3.91 5.73 3.73 4.07 3.24 3.93 2.79 4.49 3.30 2.22 4.29 2.96 7.49 3.28 0.58 3.30 6.15 3.05 3.00 6.59 5.61 4.05 5.45 5.61 4.60 3.20 5.46 5.80 4.59 4.37 0.64 3.12 1.14 0.62 5.26 4.37 3.81 3.15 4.62 2.56 3.98 4.94 5.32 5.62 3.54 5.51 4.07 
6.83 7.66 3.13 2.56 6.55 3.56 4.94 2.82 2.02 7.27 5.79 6.11 1.72 4.83 4.13 6.50 5.37 3.29 6.04 3.67 9.43 2.29 2.64 2.07 6.35 3.09 4.62 6.85 7.38 6.03 6.77 3.78 5.83 3.72 7.51 7.46 5.90 4.21 2.64 4.40 3.20 1.82 7.15 4.49 3.90 2.12 4.22 4.12 4.08 6.67 6.80 6.54 2.53 6.97 4.42 
4.73 7.59 2.85 4.62 7.32 4.63 6.26 4.51 2.98 7.65 4.99 4.95 2.03 2.66 4.78 5.20 4.52 4.17 4.28 4.85 9.05 4.35 2.20 1.81 7.94 4.69 2.85 8.41 7.41 4.69 4.67 4.38 3.72 1.56 6.78 7.67 3.82 2.41 2.53 5.11 2.57 1.37 6.96 2.50 1.92 1.53 2.63 4.52 2.09 4.86 4.78 7.60 4.60 4.94 2.32 
3.24 9.28 5.05 7.37 9.67 7.25 8.91 7.27 4.82 9.72 6.23 5.74 3.92 1.38 7.20 5.72 5.81 6.75 4.11 7.50 10.34 7.09 4.50 3.43 10.66 7.44 3.22 11.11 9.21 5.24 3.20 5.45 2.45 1.33 7.87 9.60 2.68 1.11 4.92 7.54 4.61 3.99 8.60 0.50 0.97 3.15 1.59 6.84 0.81 4.40 3.65 10.09 7.34 3.72 0.46 
9.83 5.41 4.48 3.01 2.74 1.98 0.59 2.14 6.71 4.12 5.95 6.87 6.66 8.53 2.58 7.42 5.83 2.52 8.15 1.70 7.42 3.15 4.80 7.01 1.53 1.86 7.24 1.98 5.00 7.22 9.77 8.32 9.03 7.82 6.79 4.63 8.97 8.84 4.38 2.37 4.97 5.15 5.34 8.93 8.35 7.03 8.98 3.09 8.52 8.76 9.49 2.09 3.09 9.68 8.67 
5.53 7.57 2.80 3.83 6.99 4.15 5.72 3.82 2.41 7.46 5.23 5.35 1.57 3.49 4.45 5.66 4.78 3.74 4.93 4.33 9.17 3.55 2.16 1.57 7.32 4.04 3.49 7.80 7.35 5.16 5.47 3.99 4.53 2.38 7.02 7.54 4.61 3.02 2.38 4.76 2.65 1.17 6.98 3.22 2.63 1.40 3.13 4.27 2.80 5.54 5.55 7.16 3.80 5.72 3.10 
9.17 2.65 4.45 5.46 0.31 2.99 2.39 4.26 8.50 1.21 4.41 5.42 8.15 8.51 2.43 5.93 4.52 3.22 7.21 2.97 4.59 5.49 5.04 8.36 3.50 3.95 6.78 3.54 2.24 5.93 9.12 10.24 8.60 8.18 4.54 1.76 8.47 9.53 4.67 2.13 4.88 5.83 2.80 9.43 8.92 8.26 9.81 2.67 9.07 7.69 8.69 1.32 5.54 8.87 9.04 
5.79 2.29 3.59 7.25 4.42 4.73 5.58 6.09 8.58 3.48 1.09 1.73 7.83 6.00 3.77 2.08 1.55 4.41 3.77 4.96 3.06 7.11 4.14 7.78 7.29 5.92 4.08 7.47 2.43 2.32 5.76 10.24 5.56 6.26 0.79 3.04 5.36 7.80 4.08 3.85 3.61 5.11 1.64 7.46 7.13 7.55 8.24 3.34 7.22 4.05 5.20 5.38 7.30 5.35 6.96 
7.81 6.65 2.96 1.20 5.04 2.06 3.21 1.03 3.58 5.97 5.51 6.10 3.49 6.07 2.90 6.58 5.16 2.02 6.60 2.08 8.57 0.97 2.81 3.86 4.56 1.32 5.33 5.06 6.31 6.19 7.75 5.27 6.87 5.12 7.01 6.25 6.88 5.88 2.55 3.08 3.28 2.57 6.25 6.07 5.48 3.90 5.94 3.08 5.66 7.25 7.65 4.88 1.22 7.84 5.91 
8.83 2.02 4.36 5.86 0.93 3.27 2.94 4.63 8.70 0.66 3.97 4.97 8.28 8.30 2.55 5.47 4.13 3.41 6.83 3.30 3.97 5.86 4.99 8.45 4.13 4.33 6.52 4.17 1.61 5.50 8.78 10.45 8.31 8.07 3.94 1.14 8.17 9.46 4.64 2.29 4.75 5.84 2.18 9.33 8.84 8.33 9.77 2.67 8.98 7.28 8.32 1.95 5.94 8.49 8.92 
7.55 0.60 4.19 6.97 2.89 4.27 4.58 5.73 9.10 1.70 2.61 3.50 8.50 7.48 3.31 3.90 2.94 4.16 5.51 4.42 2.42 6.90 4.84 8.55 6.03 5.49 5.57 6.11 0.59 4.08 7.51 10.84 7.22 7.53 2.02 1.21 7.03 9.04 4.62 3.22 4.42 5.82 0.22 8.78 8.37 8.37 9.43 3.09 8.49 5.85 6.98 3.91 7.04 7.13 8.31 
6.02 2.68 2.14 5.52 3.43 3.02 4.05 4.37 7.12 3.05 1.38 2.35 6.46 5.57 2.09 2.90 1.37 2.68 4.05 3.27 4.27 5.39 2.77 6.50 5.87 4.20 3.73 6.12 2.53 2.80 5.97 8.84 5.50 5.50 2.50 2.89 5.35 6.98 2.59 2.23 2.34 3.76 2.05 6.75 6.33 6.30 7.36 1.63 6.45 4.54 5.52 4.23 5.58 5.70 6.30 
6.60 2.90 1.99 4.80 2.85 2.21 3.21 3.60 6.76 2.82 2.21 3.15 6.18 5.90 1.25 3.70 2.13 1.93 4.70 2.45 4.73 4.69 2.64 6.28 5.05 3.41 4.17 5.32 2.64 3.56 6.55 8.50 5.99 5.65 3.25 2.83 5.87 7.07 2.35 1.38 2.35 3.57 2.41 6.92 6.44 6.12 7.40 0.83 6.58 5.23 6.15 3.54 4.86 6.33 6.50 
7.18 10.44 5.68 5.17 9.59 6.61 7.97 5.79 1.32 10.23 8.07 8.08 1.39 4.98 7.12 8.32 7.61 6.31 7.25 6.72 12.05 4.95 5.04 1.34 9.24 6.08 5.88 9.75 10.20 7.81 7.12 1.35 6.21 3.82 9.87 10.36 6.39 3.06 5.24 7.41 5.53 4.06 9.86 3.64 3.29 1.60 2.68 7.03 3.39 7.77 7.42 9.59 5.11 7.54 3.94 
7.78 0.37 4.41 7.11 2.85 4.40 4.63 5.86 9.30 1.58 2.85 3.72 8.71 7.72 3.45 4.12 3.18 4.31 5.74 4.54 2.29 7.04 5.06 8.77 6.02 5.61 5.81 6.09 0.40 4.30 7.74 11.04 7.45 7.77 2.16 1.05 7.27 9.27 4.84 3.35 4.65 6.03 0.39 9.02 8.61 8.59 9.66 3.26 8.73 6.07 7.20 3.87 7.17 7.36 8.55 
5.71 2.36 3.22 6.88 4.24 4.38 5.28 5.73 8.22 3.40 0.83 1.65 7.47 5.78 3.42 2.08 1.26 4.05 3.67 4.62 3.35 6.74 3.78 7.44 7.03 5.56 3.86 7.22 2.43 2.24 5.67 9.89 5.42 5.99 1.17 3.01 5.22 7.53 3.71 3.53 3.26 4.76 1.68 7.20 6.86 7.21 7.96 2.98 6.96 4.01 5.13 5.17 6.93 5.29 6.71 
4.55 3.79 2.00 6.06 4.90 3.95 5.27 5.07 6.81 4.47 0.81 1.19 6.01 4.27 3.19 1.71 0.34 3.49 2.58 4.24 4.93 5.88 2.42 5.93 7.14 4.98 2.36 7.44 3.76 1.45 4.50 8.43 4.07 4.40 2.60 4.23 3.91 5.94 2.48 3.43 1.86 3.34 3.10 5.62 5.27 5.69 6.37 2.67 5.37 3.10 4.05 5.66 6.10 4.23 5.14 
9.78 2.42 5.35 6.48 1.09 4.03 3.32 5.29 9.54 0.89 4.89 5.87 9.17 9.30 3.44 6.34 5.08 4.25 7.78 4.01 4.10 6.51 5.96 9.37 4.07 4.98 7.51 3.99 2.08 6.42 9.74 11.28 9.30 9.06 4.62 1.44 9.14 10.45 5.61 3.15 5.75 6.79 2.82 10.32 9.83 9.26 10.75 3.62 9.97 8.21 9.26 1.85 6.56 9.44 9.91 
6.20 7.97 3.25 3.43 7.14 4.20 5.68 3.63 1.79 7.74 5.80 5.98 1.11 4.12 4.64 6.31 5.35 3.86 5.62 4.35 9.64 3.15 2.65 1.31 7.16 3.88 4.18 7.66 7.72 5.82 6.14 3.46 5.19 2.96 7.57 7.87 5.29 3.35 2.79 4.94 3.18 1.68 7.41 3.64 3.06 1.29 3.35 4.54 3.23 6.23 6.23 7.22 3.39 6.40 3.60 
9.06 1.56 4.92 6.63 1.52 4.03 3.68 5.40 9.41 0.12 4.12 5.09 8.96 8.71 3.26 5.54 4.36 4.14 7.04 4.07 3.35 6.63 5.56 9.11 4.73 5.10 6.87 4.71 1.20 5.65 9.02 11.17 8.63 8.57 3.75 0.57 8.46 10.00 5.24 3.02 5.28 6.46 1.95 9.83 9.36 8.98 10.34 3.32 9.50 7.44 8.52 2.49 6.71 8.69 9.40 
8.01 10.87 6.16 5.05 9.81 6.80 8.05 5.83 1.27 10.55 8.66 8.74 1.86 5.81 7.41 9.01 8.21 6.57 8.02 6.88 12.56 4.86 5.56 2.00 9.18 6.14 6.62 9.69 10.61 8.50 7.95 0.57 7.04 4.64 10.45 10.72 7.21 3.90 5.70 7.68 6.07 4.57 10.32 4.49 4.14 2.30 3.52 7.38 4.24 8.55 8.24 9.72 4.98 8.37 4.78 
8.79 5.75 3.48 1.79 3.60 1.21 1.53 0.70 5.28 4.76 5.49 6.29 5.21 7.31 2.18 6.82 5.26 1.63 7.28 0.98 7.77 1.85 3.66 5.57 2.89 0.41 6.20 3.37 5.37 6.54 8.73 6.93 7.93 6.51 6.66 5.16 7.89 7.45 3.27 2.16 3.94 3.84 5.51 7.58 6.99 5.58 7.56 2.61 7.16 7.91 8.52 3.26 1.87 8.71 7.35 
8.35 1.19 4.31 6.39 1.77 3.71 3.67 5.14 8.95 0.64 3.42 4.39 8.45 8.03 2.85 4.85 3.65 3.74 6.33 3.80 3.18 6.36 4.96 8.57 4.97 4.87 6.17 5.02 0.77 4.94 8.31 10.70 7.92 7.91 3.15 0.53 7.75 9.36 4.66 2.67 4.64 5.88 1.36 9.17 8.72 8.43 9.71 2.82 8.85 6.73 7.82 2.79 6.46 7.98 8.73 
7.63 5.49 2.38 2.01 3.91 0.91 2.33 0.91 4.63 4.79 4.63 5.35 4.38 6.14 1.73 5.86 4.35 0.87 6.17 0.99 7.44 1.90 2.50 4.67 3.98 0.88 5.05 4.44 5.15 5.53 7.57 6.36 6.76 5.37 6.01 5.08 6.73 6.37 2.11 1.90 2.81 2.69 5.12 6.47 5.88 4.65 6.53 1.97 6.06 6.81 7.38 3.86 2.07 7.57 6.22 
5.89 2.24 3.02 6.57 3.92 4.05 4.94 5.41 8.03 3.15 0.94 1.87 7.31 5.83 3.09 2.34 1.28 3.73 3.85 4.28 3.43 6.44 3.61 7.30 6.68 5.24 3.92 6.88 2.25 2.44 5.85 9.72 5.54 5.97 1.45 2.80 5.35 7.50 3.50 3.18 3.10 4.59 1.54 7.20 6.83 7.08 7.92 2.66 6.94 4.23 5.33 4.84 6.63 5.49 6.71 
6.03 2.60 4.68 8.38 5.22 5.84 6.60 7.22 9.63 4.07 2.04 2.22 8.84 6.60 4.87 2.32 2.50 5.54 4.10 6.07 2.50 8.25 5.20 8.76 8.24 7.04 4.75 8.38 2.88 2.74 6.00 11.26 5.98 7.03 0.39 3.53 5.76 8.57 5.17 4.93 4.65 6.15 2.15 8.17 7.90 8.52 9.03 4.46 7.98 4.21 5.40 6.21 8.44 5.52 7.66 
6.15 9.46 4.68 4.90 8.82 5.89 7.37 5.28 1.57 9.35 6.99 6.97 0.83 3.94 6.30 7.20 6.53 5.54 6.13 6.05 11.01 4.64 4.03 0.39 8.80 5.55 4.75 9.31 9.24 6.68 6.09 2.45 5.17 2.75 8.79 9.44 5.33 2.28 4.27 6.60 4.49 3.06 8.86 2.79 2.35 0.50 2.06 6.15 2.47 6.66 6.35 8.91 4.84 6.48 3.00 
3.01 5.44 2.47 6.47 6.44 4.92 6.45 5.71 6.21 6.12 2.31 1.83 5.29 2.64 4.39 1.96 1.93 4.40 1.34 5.22 6.39 6.24 2.45 5.09 8.35 5.72 0.73 8.70 5.42 1.44 2.96 7.66 2.42 3.00 3.92 5.90 2.28 4.53 2.76 4.69 2.03 3.00 4.75 4.13 3.87 4.80 5.00 3.90 3.94 1.99 2.62 7.12 6.49 2.81 3.62 
1.30 6.95 4.91 8.85 8.57 7.35 8.84 8.15 7.98 7.99 3.94 2.98 7.01 2.93 6.76 2.58 3.78 6.83 1.13 7.64 7.28 8.61 4.85 6.67 10.73 8.15 2.34 11.07 7.06 2.41 1.29 9.16 1.75 3.99 4.87 7.64 1.52 5.19 5.18 7.03 4.46 5.22 6.29 4.61 4.67 6.36 5.71 6.25 4.64 0.62 0.67 9.35 8.86 0.74 4.13 
0.87 8.93 6.07 9.54 10.25 8.57 10.17 9.08 7.78 9.84 5.82 4.93 6.82 2.47 8.16 4.62 5.57 8.03 2.90 8.86 9.38 9.28 5.80 6.38 12.06 9.16 3.33 12.44 9.00 4.35 0.91 8.60 1.53 3.66 6.94 9.54 1.58 4.27 6.20 8.47 5.58 5.82 8.26 3.66 3.98 6.07 4.75 7.68 3.88 2.67 1.48 10.93 9.54 1.37 3.33 
4.78 6.76 2.01 4.26 6.50 3.89 5.54 3.94 3.44 6.80 4.25 4.32 2.58 2.94 3.96 4.63 3.79 3.40 3.96 4.13 8.26 3.99 1.36 2.48 7.28 4.09 2.53 7.73 6.57 4.13 4.72 5.00 3.80 2.06 6.04 6.82 3.85 3.19 1.69 4.30 1.75 0.61 6.14 3.19 2.63 2.25 3.46 3.69 2.80 4.59 4.71 6.81 4.25 4.89 2.91 
4.17 7.44 2.81 5.08 7.40 4.84 6.49 4.86 3.52 7.62 4.69 4.57 2.56 2.13 4.88 4.78 4.23 4.35 3.76 5.08 8.81 4.81 2.20 2.28 8.23 5.02 2.34 8.69 7.29 4.26 4.11 4.85 3.16 1.12 6.48 7.59 3.26 2.29 2.58 5.21 2.46 1.57 6.79 2.25 1.70 1.98 2.61 4.57 1.86 4.32 4.22 7.74 5.06 4.38 1.96 
5.66 2.44 3.62 7.33 4.58 4.83 5.72 6.19 8.59 3.65 1.05 1.60 7.83 5.90 3.88 1.93 1.51 4.50 3.64 5.07 3.13 7.19 4.15 7.77 7.44 6.02 4.00 7.62 2.59 2.19 5.62 10.24 5.45 6.19 0.77 3.20 5.24 7.74 4.11 3.97 3.62 5.12 1.80 7.38 7.07 7.53 8.18 3.44 7.16 3.90 5.06 5.53 7.38 5.21 6.88 
4.38 9.34 4.76 6.39 9.33 6.67 8.29 6.46 3.55 9.56 6.46 6.15 2.69 2.24 6.79 6.25 6.01 6.21 4.84 6.88 10.61 6.12 4.14 2.19 9.94 6.67 3.66 10.42 9.20 5.74 4.33 4.19 3.47 1.33 8.20 9.52 3.67 0.39 4.51 7.12 4.40 3.40 8.68 0.80 0.50 1.93 0.69 6.50 0.54 5.25 4.69 9.63 6.35 4.80 1.10 
2.58 5.83 2.85 6.77 6.88 5.33 6.87 6.07 6.28 6.55 2.67 2.08 5.34 2.31 4.82 2.10 2.32 4.79 1.05 5.62 6.70 6.54 2.77 5.09 8.77 6.08 0.49 9.13 5.82 1.60 2.52 7.66 1.99 2.82 4.22 6.31 1.84 4.32 3.10 5.12 2.39 3.21 5.14 3.88 3.67 4.79 4.81 4.33 3.73 1.69 2.20 7.55 6.79 2.40 3.36 
2.23 9.98 6.48 9.42 10.95 8.90 10.55 9.16 7.06 10.72 6.82 6.05 6.16 2.33 8.65 5.83 6.50 8.37 4.05 9.17 10.64 9.14 6.06 5.67 12.38 9.29 3.95 12.81 9.99 5.47 2.23 7.60 2.21 3.25 8.16 10.49 2.41 3.27 6.49 8.98 5.99 5.82 9.29 2.72 3.20 5.39 3.66 8.22 3.05 4.00 2.86 11.52 9.40 2.81 2.59 
1.14 8.52 5.17 8.45 9.55 7.64 9.28 8.05 6.63 9.28 5.36 4.60 5.66 1.31 7.32 4.40 5.04 7.11 2.62 7.93 9.21 8.18 4.83 5.23 11.14 8.15 2.53 11.55 8.54 4.02 1.11 7.49 0.75 2.50 6.72 9.03 0.96 3.21 5.24 7.64 4.68 4.74 7.83 2.60 2.85 4.92 3.71 6.87 2.77 2.65 1.65 10.16 8.44 1.67 2.21 
5.99 9.88 5.11 5.53 9.37 6.47 7.98 5.91 2.08 9.85 7.29 7.19 1.46 3.80 6.83 7.38 6.83 6.10 6.18 6.63 11.37 5.28 4.46 1.02 9.43 6.17 4.86 9.93 9.69 6.86 5.93 2.54 5.04 2.68 9.09 9.91 5.22 1.86 4.73 7.14 4.88 3.51 9.27 2.44 2.09 1.02 1.54 6.66 2.18 6.67 6.25 9.49 5.48 6.37 2.73 
3.18 9.95 5.87 8.25 10.48 8.12 9.78 8.16 5.57 10.46 6.84 6.25 4.71 1.89 8.04 6.17 6.45 7.61 4.45 8.37 10.89 7.98 5.35 4.21 11.54 8.33 3.81 11.99 9.90 5.72 3.15 6.02 2.62 2.20 8.40 10.32 2.86 1.73 5.77 8.38 5.42 4.88 9.26 1.25 1.82 3.95 2.08 7.67 1.65 4.63 3.70 10.93 8.23 3.73 1.35 
5.99 2.61 2.23 5.64 3.48 3.14 4.15 4.49 7.22 3.05 1.29 2.28 6.56 5.59 2.20 2.81 1.32 2.81 4.01 3.39 4.17 5.51 2.86 6.58 5.96 4.32 3.73 6.20 2.48 2.74 5.94 8.94 5.50 5.54 2.38 2.86 5.34 7.03 2.69 2.34 2.41 3.85 1.98 6.80 6.38 6.39 7.42 1.74 6.50 4.49 5.49 4.29 5.70 5.67 6.34 
10.84 4.78 5.67 4.98 1.86 3.42 1.86 4.06 8.63 3.23 6.36 7.36 8.52 9.85 3.50 7.90 6.38 3.89 8.98 3.21 6.62 5.12 6.14 8.84 1.56 3.75 8.32 1.44 4.38 7.82 10.78 10.28 10.16 9.30 6.68 3.82 10.06 10.46 5.72 3.17 6.16 6.70 4.96 10.49 9.93 8.82 10.66 3.95 10.09 9.52 10.42 0.85 5.07 10.60 10.17 
0.80 7.28 4.83 8.65 8.73 7.31 8.85 8.02 7.56 8.24 4.19 3.28 6.58 2.39 6.79 2.96 3.97 6.78 1.27 7.61 7.73 8.40 4.70 6.22 10.75 8.05 2.13 11.10 7.36 2.70 0.78 8.68 1.19 3.51 5.28 7.92 0.96 4.64 5.06 7.08 4.37 4.96 6.61 4.05 4.14 5.91 5.16 6.29 4.11 1.02 0.22 9.46 8.66 0.41 3.58 
12.05 6.10 6.79 5.30 3.21 4.38 2.71 4.63 9.13 4.54 7.69 8.68 9.16 10.93 4.66 9.22 7.69 4.89 10.24 4.12 7.89 5.49 7.19 9.52 1.18 4.37 9.50 0.68 5.71 9.12 12.00 10.68 11.33 10.29 8.04 5.13 11.24 11.35 6.77 4.36 7.28 7.63 6.32 11.43 10.85 9.54 11.50 5.15 11.03 10.80 11.66 2.21 5.38 11.85 11.15 
8.67 4.25 3.39 3.38 2.03 1.11 0.80 2.18 6.57 3.17 4.62 5.55 6.33 7.54 1.29 6.10 4.51 1.55 6.92 0.96 6.28 3.41 3.82 6.61 2.68 1.87 6.10 3.02 3.85 5.92 8.61 8.29 7.93 6.96 5.47 3.59 7.85 8.13 3.40 1.04 3.88 4.36 4.10 8.15 7.59 6.56 8.34 1.81 7.76 7.50 8.30 1.92 3.46 8.49 7.83 
2.55 8.12 4.08 6.93 8.66 6.42 8.08 6.64 5.01 8.62 5.04 4.54 4.04 0.35 6.26 4.54 4.63 5.90 2.98 6.69 9.15 6.66 3.60 3.63 9.89 6.77 2.03 10.33 8.06 4.05 2.50 5.98 1.58 0.87 6.67 8.47 1.77 1.97 4.02 6.60 3.61 3.30 7.44 1.45 1.42 3.31 2.49 5.86 1.40 3.34 2.79 9.15 6.91 2.91 0.93 
1.35 8.80 5.38 8.57 9.79 7.84 9.48 8.21 6.62 9.54 5.64 4.89 5.67 1.39 7.55 4.69 5.31 7.31 2.91 8.12 9.50 8.30 5.02 5.22 11.34 8.32 2.78 11.75 8.81 4.31 1.32 7.42 1.04 2.54 7.01 9.31 1.25 3.11 5.43 7.87 4.89 4.88 8.11 2.49 2.80 4.91 3.59 7.10 2.70 2.93 1.90 10.39 8.56 1.91 2.15 
8.60 5.28 3.26 2.23 3.17 0.83 1.25 1.04 5.56 4.30 5.10 5.94 5.42 7.22 1.74 6.48 4.90 1.32 7.02 0.55 7.29 2.26 3.51 5.74 2.86 0.73 6.01 3.32 4.89 6.21 8.54 7.24 7.77 6.48 6.22 4.69 7.72 7.50 3.10 1.70 3.73 3.81 5.04 7.59 7.01 5.73 7.65 2.20 7.18 7.64 8.30 2.91 2.31 8.49 7.34 
4.05 4.52 4.54 8.64 6.72 6.46 7.61 7.64 9.00 5.81 2.20 1.39 8.11 5.02 5.61 0.94 2.39 6.03 2.31 6.73 4.54 8.45 4.85 7.91 9.42 7.54 3.40 9.65 4.72 1.43 4.03 10.48 4.17 5.71 2.26 5.35 3.93 7.18 4.99 5.78 4.30 5.63 3.93 6.70 6.55 7.63 7.68 5.11 6.59 2.24 3.41 7.64 8.68 3.50 6.18 
