4.95 6.29 0.66 6.64 7.09 3.90 0.88 7.48 1.47 6.71 4.30 6.70 4.54 1.57 8.55 5.00 6.63 7.03 4.98 2.66 
6.96 7.15 9.15 6.26 2.73 6.86 8.91 1.81 10.71 7.12 5.86 4.84 8.85 8.20 0.85 8.58 7.22 5.59 10.81 11.68 
5.51 4.13 2.58 4.47 6.19 4.37 2.58 6.15 3.18 4.55 4.25 4.65 5.83 0.60 7.12 6.14 4.47 4.90 6.77 3.85 
2.44 6.40 2.43 6.32 4.47 1.30 2.15 5.20 4.26 6.75 1.48 5.77 3.06 2.78 6.32 3.24 6.72 6.41 4.56 5.49 
9.02 0.56 7.26 1.06 7.26 8.03 7.24 6.17 7.58 0.22 7.38 2.49 9.99 5.29 6.50 10.16 0.22 1.73 11.28 7.75 
7.13 6.98 2.74 7.58 9.23 6.11 3.01 9.45 0.94 7.40 6.53 8.02 6.43 3.06 10.48 6.94 7.29 8.13 6.33 0.44 
5.63 3.67 3.03 3.98 5.96 4.50 3.01 5.80 3.67 4.08 4.27 4.15 6.10 1.08 6.74 6.38 4.01 4.39 7.15 4.30 
5.25 6.00 1.04 6.38 7.18 4.17 1.23 7.48 1.43 6.42 4.50 6.51 4.91 1.34 8.54 5.36 6.33 6.80 5.37 2.50 
9.46 1.11 7.81 1.27 7.50 8.49 7.79 6.32 8.15 0.71 7.81 2.62 10.49 5.85 6.57 10.64 0.77 1.77 11.81 8.30 
5.09 3.77 3.11 3.90 5.24 3.98 3.03 5.12 4.09 4.15 3.64 3.82 5.75 1.41 6.09 5.97 4.10 4.20 6.96 4.86 
5.88 3.64 6.13 2.93 3.30 5.16 5.96 2.32 7.38 3.74 4.24 1.67 7.35 4.72 3.00 7.33 3.81 2.55 9.06 8.17 
3.67 5.56 5.18 5.04 1.83 3.15 4.93 2.23 6.82 5.76 2.14 3.94 5.32 4.49 3.35 5.21 5.80 4.79 7.17 7.88 
2.32 6.33 4.15 6.00 2.74 1.69 3.88 3.61 5.93 6.61 0.69 5.10 3.87 3.99 4.72 3.78 6.62 5.88 5.71 7.11 
7.31 6.88 2.92 7.50 9.32 6.28 3.19 9.51 1.17 7.29 6.68 7.98 6.65 3.11 10.52 7.16 7.18 8.07 6.57 0.40 
5.47 4.75 2.03 5.14 6.60 4.33 2.08 6.68 2.50 5.17 4.37 5.33 5.56 0.30 7.68 5.92 5.09 5.57 6.33 3.24 
0.85 8.80 3.98 8.64 5.04 1.32 3.73 6.29 5.76 9.13 2.20 7.90 1.09 5.10 7.36 0.89 9.12 8.63 3.07 7.07 
5.79 3.84 2.89 4.22 6.29 4.65 2.90 6.16 3.38 4.25 4.48 4.46 6.15 0.91 7.10 6.46 4.18 4.67 7.10 3.96 
7.94 3.87 4.33 4.65 8.37 6.79 4.47 8.03 3.77 4.26 6.70 5.49 8.06 2.74 8.85 8.43 4.14 5.33 8.68 3.57 
5.36 3.65 5.43 3.10 3.31 4.57 5.26 2.64 6.70 3.83 3.70 2.06 6.75 4.06 3.48 6.75 3.87 2.87 8.42 7.53 
6.09 8.01 8.90 7.18 2.07 6.21 8.64 2.12 10.59 8.03 5.27 5.75 8.02 8.25 1.88 7.68 8.13 6.58 9.99 11.67 
2.54 8.20 2.29 8.25 6.13 1.96 2.08 7.09 3.94 8.58 2.91 7.80 1.60 3.86 8.21 2.08 8.54 8.40 2.54 5.25 
5.39 7.97 8.34 7.19 1.52 5.55 8.08 2.07 10.08 8.03 4.63 5.78 7.32 7.82 2.21 6.97 8.11 6.64 9.29 11.18 
5.40 8.27 1.80 8.64 8.46 4.62 1.99 9.09 1.66 8.69 5.36 8.67 4.25 3.57 10.20 4.81 8.61 9.02 3.86 2.73 
3.65 7.25 6.55 6.62 0.63 3.71 6.28 2.18 8.32 7.40 2.79 5.35 5.56 6.20 3.06 5.27 7.45 6.23 7.53 9.47 
5.06 4.89 6.22 4.20 2.04 4.55 6.00 1.29 7.69 5.01 3.54 2.89 6.73 5.15 2.27 6.61 5.07 3.78 8.56 8.63 
2.64 6.91 5.38 6.42 1.65 2.53 5.11 2.89 7.17 7.13 1.59 5.31 4.50 5.19 3.94 4.27 7.16 6.16 6.45 8.35 
5.22 4.35 5.95 3.68 2.57 4.59 5.75 1.81 7.34 4.47 3.63 2.43 6.79 4.75 2.70 6.72 4.54 3.31 8.56 8.23 
5.42 4.52 2.21 4.88 6.39 4.28 2.23 6.43 2.78 4.94 4.25 5.05 5.61 0.25 7.42 5.95 4.86 5.31 6.46 3.50 
3.73 5.42 5.11 4.92 1.95 3.18 4.87 2.26 6.74 5.63 2.18 3.83 5.36 4.38 3.38 5.26 5.67 4.67 7.19 7.79 
6.42 2.15 5.33 1.86 4.91 5.47 5.23 4.14 6.20 2.41 4.77 1.63 7.52 3.55 4.82 7.63 2.42 2.00 8.96 6.78 
4.80 6.00 0.76 6.32 6.78 3.72 0.87 7.13 1.79 6.41 4.05 6.35 4.53 1.27 8.20 4.96 6.34 6.70 5.11 2.93 
2.67 6.29 2.19 6.25 4.68 1.53 1.92 5.35 4.01 6.64 1.73 5.76 3.16 2.54 6.47 3.38 6.62 6.37 4.57 5.24 
6.01 5.09 2.11 5.58 7.35 4.89 2.26 7.42 1.97 5.52 5.02 5.91 5.90 1.04 8.41 6.31 5.42 6.08 6.46 2.53 
8.35 0.19 6.62 0.83 6.73 7.36 6.59 5.73 7.02 0.50 6.72 2.15 9.32 4.66 6.16 9.48 0.46 1.58 10.61 7.27 
3.20 10.34 4.21 10.35 7.39 3.39 4.06 8.61 5.50 10.71 4.41 9.82 1.27 5.96 9.69 1.65 10.67 10.46 0.72 6.71 
3.01 9.51 3.31 9.56 7.05 2.90 3.16 8.15 4.65 9.89 3.92 9.10 1.21 5.07 9.26 1.77 9.85 9.71 1.24 5.89 
2.46 6.89 2.00 6.88 5.10 1.39 1.72 5.89 3.87 7.25 1.96 6.41 2.60 2.86 7.01 2.88 7.22 7.02 3.93 5.15 
5.84 2.68 4.54 2.58 4.84 4.83 4.44 4.33 5.46 3.00 4.22 2.39 6.82 2.79 5.14 6.96 2.99 2.79 8.21 6.10 
5.82 2.69 4.63 2.54 4.73 4.83 4.53 4.19 5.58 3.00 4.19 2.28 6.84 2.91 5.00 6.97 2.99 2.72 8.26 6.24 
7.32 2.05 4.80 2.67 6.80 6.22 4.81 6.22 5.01 2.47 5.82 3.43 7.94 2.82 6.95 8.19 2.37 3.30 9.00 5.24 
8.10 1.40 7.06 0.44 5.90 7.21 6.99 4.73 7.74 1.29 6.44 1.02 9.29 5.19 5.03 9.39 1.40 0.35 10.77 8.15 
7.69 8.44 3.49 9.04 10.29 6.80 3.77 10.66 1.75 8.86 7.38 9.44 6.64 4.38 11.72 7.20 8.75 9.58 6.09 1.22 
2.55 6.85 5.22 6.38 1.79 2.40 4.95 2.98 7.02 7.07 1.44 5.29 4.39 5.04 4.04 4.17 7.11 6.14 6.33 8.20 
9.12 2.19 8.28 1.41 6.49 8.28 8.20 5.14 8.94 1.87 7.46 1.72 10.41 6.41 5.17 10.47 2.00 0.99 11.93 9.31 
7.89 2.83 4.76 3.62 7.80 6.75 4.84 7.30 4.55 3.22 6.50 4.52 8.26 2.91 8.05 8.58 3.10 4.30 9.10 4.53 
5.02 5.30 6.48 4.58 1.67 4.59 6.25 0.91 8.00 5.40 3.58 3.24 6.75 5.49 1.98 6.60 5.47 4.13 8.62 8.97 
8.61 0.63 6.48 1.59 7.31 7.57 6.48 6.39 6.68 0.95 7.01 2.89 9.43 4.50 6.87 9.64 0.81 2.34 10.61 6.80 
2.21 7.46 2.19 7.45 5.35 1.32 1.92 6.25 4.02 7.82 2.14 6.96 2.05 3.35 7.37 2.37 7.79 7.58 3.37 5.32 
3.54 6.29 5.76 5.72 1.09 3.29 5.50 2.00 7.47 6.47 2.27 4.52 5.36 5.24 3.08 5.16 6.52 5.39 7.28 8.58 
6.19 6.93 1.81 7.43 8.47 5.20 2.09 8.80 0.13 7.35 5.67 7.70 5.49 2.56 9.86 6.00 7.26 7.91 5.48 1.34 
8.15 3.59 8.27 2.63 4.91 7.49 8.13 3.42 9.30 3.42 6.54 1.54 9.68 6.63 3.29 9.64 3.55 1.87 11.39 9.90 
3.02 6.81 5.67 6.28 1.28 2.90 5.40 2.52 7.44 7.01 1.94 5.11 4.88 5.37 3.56 4.64 7.05 5.98 6.83 8.60 
2.51 7.93 2.12 7.97 5.95 1.82 1.89 6.87 3.83 8.30 2.73 7.53 1.80 3.61 8.00 2.24 8.26 8.12 2.82 5.14 
9.64 2.17 8.58 1.61 7.10 8.77 8.52 5.75 9.14 1.77 7.97 2.27 10.87 6.67 5.78 10.95 1.90 1.45 12.35 9.41 
2.57 10.37 4.65 10.29 6.79 3.06 4.46 8.09 6.13 10.72 4.01 9.64 0.92 6.23 9.15 0.95 10.69 10.34 1.60 7.39 
2.28 8.21 6.02 7.72 2.25 2.75 5.74 3.77 7.88 8.43 2.16 6.58 4.20 6.18 4.67 3.83 8.46 7.44 6.17 9.12 
