5.47 3.04 4.24 2.94 4.66 4.46 4.13 4.25 5.25 3.37 3.86 2.67 6.45 2.57 5.13 6.59 3.36 3.13 7.85 5.96 
8.37 0.33 6.43 1.22 6.94 7.35 6.42 6.00 6.75 0.74 6.76 2.49 9.26 4.46 6.48 9.45 0.64 1.97 10.49 6.94 
9.08 1.67 7.98 1.01 6.69 8.19 7.91 5.41 8.55 1.32 7.42 1.80 10.28 6.07 5.55 10.37 1.45 0.92 11.74 8.86 
0.78 9.29 4.84 9.04 4.80 1.84 4.58 6.18 6.63 9.59 2.45 8.19 1.67 5.85 7.20 1.19 9.59 8.97 3.56 7.94 
3.69 4.96 4.28 4.60 2.87 2.89 4.06 3.07 5.85 5.22 2.03 3.73 5.07 3.46 4.17 5.07 5.24 4.49 6.78 6.88 
5.32 5.25 6.74 4.50 1.83 4.90 6.52 0.75 8.24 5.33 3.88 3.13 7.06 5.71 1.72 6.91 5.41 4.01 8.93 9.19 
1.36 7.34 4.35 7.02 3.06 1.16 4.07 4.24 6.20 7.62 0.55 6.10 3.11 4.62 5.32 2.93 7.63 6.89 5.05 7.45 
2.76 9.89 3.89 9.88 6.94 2.91 3.72 8.13 5.29 10.26 3.92 9.34 0.83 5.58 9.22 1.30 10.22 9.99 1.15 6.54 
5.96 3.42 6.05 2.73 3.51 5.21 5.88 2.55 7.25 3.53 4.31 1.51 7.39 4.58 3.21 7.38 3.59 2.37 9.07 8.01 
7.21 4.99 3.20 5.65 8.33 6.08 3.38 8.25 2.39 5.40 6.18 6.25 7.05 2.11 9.18 7.48 5.29 6.25 7.48 2.28 
6.76 7.38 2.42 7.93 9.13 5.79 2.70 9.45 0.57 7.80 6.30 8.27 5.93 3.17 10.51 6.47 7.70 8.44 5.73 0.86 
6.30 3.09 6.20 2.37 3.87 5.53 6.05 2.84 7.32 3.18 4.65 1.14 7.70 4.65 3.41 7.71 3.25 2.00 9.35 8.03 
6.74 1.81 5.02 1.96 5.68 5.71 4.97 5.00 5.65 2.18 5.14 2.30 7.64 3.11 5.70 7.81 2.14 2.39 8.93 6.11 
4.24 8.75 2.07 8.97 7.76 3.66 2.07 8.60 2.94 9.16 4.55 8.78 2.87 4.05 9.72 3.44 9.09 9.25 2.50 4.13 
6.94 1.59 5.25 1.73 5.76 5.92 5.20 5.03 5.85 1.95 5.33 2.16 7.86 3.33 5.69 8.03 1.92 2.19 9.16 6.29 
7.51 1.78 5.06 2.44 6.85 6.42 5.08 6.21 5.28 2.20 5.99 3.28 8.16 3.09 6.90 8.41 2.10 3.09 9.25 5.49 
7.35 6.19 3.01 6.84 9.03 6.27 3.26 9.11 1.57 6.61 6.56 7.38 6.87 2.73 10.10 7.35 6.49 7.43 6.98 1.08 
0.71 9.19 5.00 8.92 4.50 1.85 4.73 5.91 6.81 9.49 2.32 8.02 1.99 5.91 6.91 1.52 9.49 8.81 3.89 8.12 
6.40 3.48 3.38 3.97 6.73 5.26 3.42 6.48 3.59 3.90 5.07 4.42 6.75 1.44 7.37 7.07 3.81 4.50 7.66 3.97 
8.78 0.38 7.07 0.86 7.03 7.79 7.04 5.95 7.44 0.04 7.14 2.29 9.77 5.10 6.31 9.93 0.11 1.57 11.07 7.64 
4.48 7.52 7.40 6.81 0.66 4.59 7.14 1.89 9.15 7.63 3.67 5.46 6.41 6.95 2.50 6.08 7.70 6.34 8.38 10.28 
8.03 7.20 3.64 7.88 10.01 7.01 3.92 10.16 1.84 7.61 7.40 8.46 7.33 3.75 11.15 7.85 7.49 8.49 7.15 0.57 
3.11 6.89 1.29 6.98 5.77 2.09 1.01 6.47 3.15 7.27 2.68 6.66 2.86 2.51 7.59 3.25 7.23 7.19 3.84 4.44 
8.21 2.91 7.97 1.95 5.27 7.47 7.85 3.86 8.89 2.73 6.58 1.07 9.65 6.24 3.87 9.65 2.86 1.19 11.29 9.42 
6.96 8.33 2.86 8.86 9.69 6.09 3.13 10.14 1.33 8.75 6.72 9.15 5.88 4.00 11.21 6.44 8.65 9.36 5.36 1.48 
4.79 7.02 0.53 7.34 7.36 3.83 0.79 7.88 1.44 7.43 4.39 7.35 4.11 2.29 8.97 4.61 7.36 7.71 4.33 2.75 
10.45 2.31 9.00 2.20 8.12 9.52 8.97 6.81 9.34 1.89 8.79 3.23 11.57 7.04 6.86 11.69 1.97 2.36 12.95 9.47 
5.96 2.97 3.75 3.24 5.75 4.86 3.71 5.41 4.40 3.38 4.48 3.44 6.61 1.82 6.29 6.85 3.32 3.66 7.77 4.96 
5.00 3.79 4.99 3.33 3.33 4.18 4.82 2.87 6.30 4.01 3.34 2.42 6.34 3.67 3.79 6.36 4.04 3.18 7.99 7.15 
3.75 9.33 2.80 9.47 7.59 3.40 2.73 8.57 3.88 9.72 4.39 9.14 2.11 4.72 9.69 2.68 9.67 9.69 1.58 5.07 
7.00 7.34 9.27 6.44 2.78 6.93 9.03 1.94 10.85 7.30 5.93 5.02 8.90 8.35 1.03 8.62 7.41 5.78 10.86 11.83 
3.68 5.41 1.95 5.48 5.05 2.53 1.75 5.43 3.52 5.79 2.52 5.17 4.11 1.56 6.52 4.37 5.75 5.68 5.32 4.63 
7.34 8.02 9.84 7.11 3.18 7.36 9.59 2.58 11.45 7.97 6.39 5.70 9.26 8.98 1.71 8.95 8.08 6.44 11.23 12.45 
7.95 8.82 3.82 9.42 10.63 7.08 4.09 11.02 2.12 9.23 7.70 9.83 6.83 4.76 12.08 7.39 9.12 9.97 6.18 1.57 
2.59 8.73 2.71 8.77 6.43 2.24 2.52 7.46 4.24 9.11 3.24 8.30 1.25 4.36 8.58 1.79 9.07 8.91 2.03 5.53 
5.74 7.86 1.73 8.28 8.55 4.87 1.97 9.07 1.05 8.29 5.52 8.41 4.73 3.24 10.17 5.28 8.20 8.71 4.45 2.13 
3.25 6.86 5.93 6.29 1.01 3.17 5.66 2.32 7.70 7.04 2.21 5.09 5.13 5.59 3.33 4.88 7.09 5.97 7.08 8.85 
7.06 7.39 9.34 6.48 2.84 7.00 9.10 2.01 10.92 7.34 6.00 5.07 8.97 8.41 1.08 8.68 7.45 5.82 10.93 11.89 
2.90 10.90 5.23 10.80 7.07 3.52 5.04 8.42 6.68 11.25 4.43 10.12 1.46 6.80 9.46 1.34 11.23 10.83 1.83 7.93 
3.46 6.26 1.20 6.38 5.63 2.36 0.94 6.19 3.01 6.65 2.73 6.11 3.46 1.91 7.30 3.81 6.60 6.61 4.47 4.24 
0.75 8.95 4.23 8.77 4.97 1.45 3.98 6.26 6.01 9.28 2.26 7.99 1.20 5.32 7.32 0.88 9.27 8.74 3.17 7.32 
9.36 2.34 8.51 1.61 6.68 8.52 8.44 5.31 9.16 1.99 7.70 1.95 10.65 6.64 5.31 10.71 2.13 1.23 12.17 9.50 
8.90 0.65 6.78 1.60 7.51 7.86 6.78 6.54 6.96 0.84 7.29 2.97 9.73 4.80 6.98 9.94 0.70 2.35 10.92 7.05 
3.82 5.01 2.43 5.02 4.72 2.70 2.24 5.00 3.91 5.37 2.49 4.67 4.45 1.66 6.07 4.67 5.34 5.20 5.77 4.96 
5.30 6.00 7.20 5.22 1.33 5.04 6.97 0.24 8.78 6.06 4.02 3.83 7.13 6.31 1.32 6.92 6.15 4.70 9.05 9.78 
3.12 8.30 6.74 7.72 1.76 3.54 6.46 3.32 8.58 8.48 2.84 6.49 5.03 6.73 4.10 4.65 8.53 7.37 7.00 9.80 
3.64 5.43 4.99 4.95 2.04 3.06 4.75 2.38 6.62 5.65 2.07 3.88 5.25 4.29 3.50 5.16 5.68 4.72 7.08 7.68 
8.53 2.65 8.08 1.71 5.68 7.75 7.97 4.29 8.92 2.43 6.88 1.20 9.91 6.30 4.30 9.93 2.56 0.98 11.52 9.40 
7.28 8.64 3.23 9.19 10.06 6.43 3.49 10.51 1.68 9.06 7.08 9.50 6.15 4.36 11.59 6.71 8.96 9.70 5.53 1.62 
4.39 4.75 5.26 4.21 2.35 3.74 5.04 2.16 6.76 4.94 2.78 3.11 5.93 4.26 3.21 5.88 4.98 3.95 7.71 7.73 
8.35 2.02 7.62 1.07 5.80 7.52 7.52 4.51 8.37 1.82 6.69 0.95 9.65 5.79 4.67 9.70 1.95 0.35 11.19 8.81 
4.98 5.72 6.73 4.99 1.31 4.65 6.50 0.63 8.31 5.81 3.63 3.63 6.77 5.84 1.75 6.59 5.89 4.52 8.67 9.30 
4.94 8.35 1.70 8.66 8.13 4.20 1.83 8.83 2.06 8.76 4.98 8.61 3.74 3.62 9.94 4.30 8.69 9.01 3.39 3.21 
1.05 9.55 5.01 9.31 5.01 2.09 4.75 6.41 6.77 9.86 2.71 8.45 1.64 6.07 7.42 1.11 9.85 9.23 3.46 8.08 
7.91 8.31 3.65 8.94 10.40 6.99 3.93 10.72 1.84 8.73 7.55 9.39 6.91 4.39 11.77 7.47 8.62 9.50 6.41 1.05 
2.07 6.59 2.87 6.45 4.11 0.94 2.59 4.93 4.71 6.92 1.02 5.80 2.94 3.20 6.05 3.04 6.91 6.49 4.59 5.95 
6.39 2.45 5.72 1.91 4.48 5.51 5.60 3.60 6.70 2.62 4.73 1.20 7.62 4.03 4.23 7.69 2.67 1.81 9.16 7.34 
3.39 7.20 6.30 6.60 0.85 3.44 6.03 2.34 8.08 7.37 2.52 5.36 5.31 6.00 3.27 5.02 7.42 6.24 7.27 9.24 
10.58 2.36 9.06 2.32 8.30 9.65 9.03 7.00 9.36 1.95 8.92 3.40 11.68 7.09 7.06 11.81 2.02 2.52 13.03 9.46 
6.60 7.62 2.32 8.15 9.11 5.66 2.60 9.50 0.62 8.05 6.22 8.44 5.70 3.29 10.56 6.24 7.95 8.64 5.42 1.16 
4.01 7.68 1.03 7.90 7.07 3.18 1.00 7.77 2.38 8.08 3.93 7.73 3.11 2.99 8.89 3.63 8.02 8.19 3.34 3.67 
7.75 3.73 8.01 2.77 4.47 7.11 7.86 3.00 9.11 3.60 6.16 1.51 9.30 6.43 2.92 9.25 3.72 2.04 11.04 9.76 
8.00 3.09 7.88 2.12 4.99 7.28 7.75 3.58 8.86 2.93 6.37 1.05 9.46 6.20 3.59 9.45 3.06 1.38 11.13 9.43 
0.38 8.47 4.66 8.18 3.90 1.32 4.38 5.24 6.51 8.76 1.59 7.28 2.30 5.36 6.27 1.96 8.77 8.07 4.27 7.81 
8.89 1.05 7.52 0.63 6.79 7.96 7.48 5.60 8.02 0.70 7.23 1.90 10.00 5.59 5.85 10.12 0.84 1.04 11.40 8.28 
2.55 7.93 2.10 7.98 5.98 1.86 1.87 6.91 3.80 8.31 2.77 7.55 1.81 3.60 8.03 2.26 8.27 8.14 2.81 5.11 
8.16 8.73 3.97 9.36 10.76 7.28 4.25 11.10 2.20 9.14 7.86 9.81 7.09 4.79 12.16 7.65 9.03 9.92 6.47 1.46 
7.80 2.32 4.95 3.10 7.46 6.68 5.00 6.89 4.91 2.73 6.36 4.01 8.30 3.02 7.61 8.59 2.61 3.78 9.24 4.98 
6.67 7.90 9.28 7.02 2.54 6.72 9.03 2.18 10.93 7.88 5.76 5.60 8.60 8.52 1.58 8.28 7.98 6.39 10.57 11.97 
5.35 5.43 6.88 4.66 1.71 4.97 6.66 0.55 8.40 5.50 3.95 3.28 7.11 5.88 1.57 6.95 5.58 4.16 8.99 9.36 
1.93 9.06 3.45 9.01 6.02 1.95 3.23 7.18 5.07 9.41 2.97 8.41 0.45 4.92 8.28 0.94 9.39 9.08 2.08 6.37 
8.06 3.01 4.83 3.83 8.05 6.93 4.92 7.56 4.52 3.40 6.70 4.76 8.38 3.02 8.31 8.72 3.27 4.53 9.18 4.42 
2.03 6.93 2.52 6.85 4.63 0.91 2.23 5.48 4.38 7.27 1.45 6.27 2.53 3.19 6.60 2.71 7.25 6.93 4.08 5.65 
1.21 9.43 4.46 9.26 5.42 1.93 4.22 6.74 6.18 9.76 2.77 8.50 0.95 5.68 7.79 0.45 9.75 9.24 2.82 7.49 
2.42 9.90 4.12 9.85 6.63 2.71 3.93 7.87 5.61 10.26 3.70 9.24 0.52 5.71 8.94 0.87 10.23 9.92 1.51 6.87 
3.17 5.96 4.98 5.48 1.87 2.70 4.73 2.58 6.69 6.18 1.68 4.42 4.86 4.49 3.70 4.73 6.21 5.26 6.73 7.80 
3.70 5.64 5.31 5.11 1.69 3.22 5.07 2.11 6.96 5.83 2.21 3.97 5.38 4.63 3.23 5.26 5.87 4.83 7.25 8.03 
0.41 8.92 4.61 8.67 4.52 1.50 4.34 5.87 6.42 9.22 2.08 7.82 1.75 5.54 6.90 1.35 9.22 8.60 3.70 7.73 
4.41 4.20 3.22 4.15 4.45 3.34 3.07 4.47 4.51 4.54 2.88 3.77 5.26 1.94 5.49 5.43 4.52 4.31 6.65 5.42 
5.94 2.66 4.25 2.75 5.27 4.89 4.17 4.81 5.04 3.03 4.37 2.78 6.79 2.41 5.64 6.98 2.99 3.07 8.09 5.64 
4.70 4.11 2.92 4.18 5.00 3.59 2.80 4.99 4.05 4.48 3.26 3.99 5.37 1.43 5.99 5.59 4.44 4.44 6.63 4.91 
7.62 5.16 3.54 5.87 8.75 6.50 3.74 8.64 2.55 5.56 6.61 6.54 7.42 2.54 9.56 7.86 5.44 6.50 7.77 2.20 
5.73 3.18 3.57 3.40 5.60 4.63 3.52 5.32 4.30 3.57 4.25 3.52 6.38 1.68 6.22 6.62 3.52 3.78 7.56 4.92 
8.25 0.65 6.79 0.34 6.40 7.29 6.74 5.33 7.30 0.64 6.60 1.69 9.30 4.85 5.71 9.44 0.72 1.09 10.67 7.61 
1.89 7.23 4.88 6.82 2.40 1.82 4.60 3.64 6.72 7.48 0.99 5.80 3.74 4.95 4.70 3.51 7.50 6.63 5.69 7.94 
3.11 10.18 4.06 10.19 7.29 3.27 3.91 8.49 5.37 10.55 4.28 9.67 1.18 5.81 9.58 1.60 10.52 10.31 0.80 6.59 
8.93 1.24 7.65 0.70 6.73 8.01 7.60 5.52 8.17 0.90 7.27 1.83 10.07 5.73 5.73 10.18 1.04 0.95 11.49 8.46 
5.70 2.94 3.98 3.03 5.19 4.63 3.90 4.82 4.82 3.31 4.14 3.01 6.51 2.17 5.70 6.71 3.28 3.34 7.80 5.47 
6.45 5.34 2.36 5.90 7.87 5.34 2.55 7.93 1.75 5.76 5.52 6.31 6.23 1.56 8.92 6.66 5.66 6.43 6.65 2.07 
7.28 7.05 9.34 6.14 3.06 7.14 9.11 1.99 10.87 6.99 6.13 4.73 9.16 8.33 0.91 8.90 7.10 5.45 11.11 11.81 
6.12 8.41 2.30 8.85 9.09 5.32 2.53 9.65 1.44 8.83 6.02 9.00 4.97 3.83 10.74 5.53 8.74 9.29 4.44 2.22 
4.39 6.53 0.17 6.80 6.74 3.36 0.29 7.22 1.91 6.94 3.83 6.74 3.97 1.81 8.32 4.42 6.87 7.14 4.50 3.17 
0.39 8.12 4.20 7.87 3.97 0.85 3.92 5.22 6.05 8.43 1.28 7.03 2.16 4.90 6.29 1.93 8.43 7.80 4.12 7.35 
3.86 7.98 7.15 7.32 1.11 4.12 6.87 2.61 8.95 8.12 3.30 6.02 5.79 6.91 3.30 5.43 8.18 6.91 7.76 10.13 
5.83 4.37 6.64 3.59 2.71 5.26 6.44 1.54 7.99 4.43 4.27 2.22 7.45 5.37 2.20 7.36 4.51 3.10 9.25 8.84 
2.10 8.70 6.14 8.23 2.76 2.78 5.85 4.29 8.00 8.93 2.38 7.10 3.96 6.45 5.17 3.53 8.96 7.96 5.90 9.27 
5.73 8.04 8.64 7.23 1.80 5.88 8.38 2.12 10.36 8.08 4.96 5.81 7.66 8.06 2.08 7.32 8.17 6.66 9.64 11.45 
5.50 9.15 2.55 9.49 8.90 4.87 2.69 9.65 2.51 9.57 5.72 9.47 4.08 4.43 10.77 4.65 9.49 9.85 3.28 3.44 
4.22 4.39 3.10 4.34 4.41 3.15 2.93 4.49 4.44 4.74 2.71 3.94 5.06 1.93 5.53 5.23 4.72 4.49 6.46 5.39 
2.20 6.65 4.53 6.27 2.44 1.79 4.26 3.47 6.33 6.91 0.78 5.30 3.90 4.43 4.57 3.75 6.93 6.11 5.80 7.53 
4.54 7.31 7.33 6.59 0.51 4.60 7.07 1.67 9.06 7.41 3.65 5.23 6.46 6.83 2.32 6.16 7.48 6.12 8.43 10.18 
2.55 9.08 3.08 9.10 6.53 2.37 2.90 7.62 4.58 9.45 3.39 8.60 0.95 4.74 8.73 1.52 9.41 9.23 1.73 5.86 
7.27 6.24 8.94 5.32 3.14 7.01 8.72 1.75 10.39 6.17 5.98 3.92 9.10 7.79 0.72 8.89 6.28 4.62 11.02 11.27 
4.65 6.97 0.39 7.28 7.22 3.69 0.64 7.74 1.58 7.38 4.25 7.26 4.00 2.24 8.84 4.49 7.31 7.64 4.29 2.88 
2.88 6.91 5.62 6.39 1.39 2.80 5.35 2.66 7.40 7.11 1.85 5.23 4.76 5.37 3.69 4.51 7.15 6.10 6.71 8.57 
2.93 5.91 4.54 5.50 2.30 2.35 4.29 2.99 6.26 6.15 1.35 4.52 4.53 4.11 4.12 4.44 6.17 5.33 6.37 7.39 
8.69 1.54 7.64 0.71 6.35 7.81 7.57 5.10 8.26 1.26 7.03 1.44 9.90 5.75 5.29 9.99 1.40 0.55 11.37 8.61 
5.16 8.19 1.63 8.53 8.23 4.38 1.80 8.88 1.75 8.61 5.12 8.53 4.03 3.47 9.99 4.58 8.53 8.90 3.70 2.89 
1.16 8.22 5.11 7.85 3.14 1.74 4.83 4.54 6.97 8.48 1.50 6.85 3.09 5.55 5.54 2.74 8.50 7.67 5.06 8.25 
3.88 7.75 7.05 7.10 0.89 4.08 6.77 2.41 8.84 7.89 3.22 5.79 5.81 6.76 3.13 5.47 7.95 6.68 7.79 10.00 
7.39 1.99 4.87 2.64 6.85 6.29 4.88 6.25 5.07 2.42 5.89 3.42 8.01 2.89 6.97 8.27 2.31 3.27 9.07 5.29 
7.81 1.42 5.45 2.15 6.95 6.73 5.46 6.23 5.66 1.84 6.26 3.12 8.51 3.47 6.87 8.75 1.73 2.84 9.62 5.85 
6.24 6.69 8.37 5.83 2.04 6.10 8.13 1.04 9.94 6.69 5.09 4.40 8.13 7.45 0.52 7.87 6.78 5.21 10.07 10.93 
3.32 5.64 4.78 5.19 2.13 2.74 4.53 2.65 6.45 5.87 1.74 4.16 4.92 4.19 3.78 4.83 5.90 4.99 6.76 7.54 
7.72 1.55 5.32 2.26 6.93 6.63 5.33 6.24 5.53 1.97 6.18 3.19 8.40 3.34 6.89 8.64 1.86 2.94 9.50 5.72 
1.93 8.80 3.20 8.76 5.92 1.79 2.97 7.04 4.85 9.16 2.81 8.18 0.72 4.65 8.14 1.16 9.13 8.84 2.24 6.15 
2.72 10.17 4.28 10.14 6.94 3.03 4.10 8.19 5.70 10.54 4.02 9.55 0.84 5.93 9.26 1.14 10.50 10.22 1.24 6.95 
4.80 9.31 2.61 9.57 8.42 4.29 2.66 9.27 3.11 9.72 5.21 9.42 3.27 4.59 10.40 3.84 9.66 9.88 2.44 4.17 
4.48 7.43 0.74 7.71 7.32 3.59 0.86 7.93 1.84 7.84 4.25 7.64 3.65 2.70 9.04 4.17 7.77 8.05 3.81 3.14 
5.68 7.43 1.47 7.86 8.30 4.76 1.74 8.77 0.73 7.85 5.34 8.00 4.82 2.83 9.86 5.35 7.76 8.29 4.70 1.96 
5.52 3.23 5.16 2.78 3.81 4.65 5.00 3.18 6.32 3.45 3.85 1.96 6.79 3.66 4.00 6.84 3.48 2.67 8.38 7.09 
1.05 8.25 5.05 7.89 3.24 1.67 4.77 4.63 6.91 8.52 1.49 6.90 2.98 5.52 5.64 2.64 8.53 7.72 4.95 8.19 
5.19 4.27 5.84 3.63 2.65 4.54 5.64 1.93 7.22 4.41 3.58 2.40 6.73 4.62 2.82 6.68 4.47 3.28 8.49 8.11 
6.91 8.88 3.06 9.38 9.88 6.12 3.31 10.41 1.83 9.30 6.82 9.61 5.68 4.44 11.50 6.25 9.21 9.86 4.97 2.11 
6.12 7.44 1.85 7.92 8.65 5.18 2.13 9.07 0.43 7.86 5.74 8.14 5.26 2.97 10.15 5.79 7.77 8.38 5.08 1.53 
0.72 7.83 3.82 7.61 4.04 0.45 3.54 5.22 5.68 8.14 1.08 6.81 2.14 4.51 6.30 2.01 8.13 7.56 4.06 6.97 
4.24 5.60 5.91 4.97 1.38 3.84 5.67 1.48 7.52 5.75 2.81 3.73 5.98 5.11 2.60 5.83 5.80 4.61 7.86 8.55 
0.58 7.94 3.98 7.70 3.99 0.62 3.70 5.20 5.84 8.24 1.14 6.88 2.15 4.67 6.28 1.99 8.24 7.64 4.10 7.13 
1.34 9.50 4.45 9.34 5.55 2.02 4.21 6.87 6.15 9.84 2.87 8.60 0.84 5.71 7.92 0.32 9.82 9.33 2.69 7.45 
7.19 4.78 8.12 3.85 3.52 6.70 7.93 1.97 9.41 4.70 5.70 2.46 8.88 6.75 1.72 8.76 4.81 3.16 10.72 10.19 
3.74 5.19 4.81 4.74 2.31 3.08 4.58 2.54 6.41 5.42 2.12 3.72 5.27 4.03 3.65 5.21 5.45 4.54 7.07 7.45 
3.33 11.26 5.45 11.18 7.50 3.93 5.28 8.86 6.82 11.62 4.85 10.52 1.81 7.09 9.89 1.76 11.59 11.23 1.70 8.04 
1.37 7.27 3.25 7.10 4.13 0.24 2.96 5.14 5.11 7.59 0.92 6.38 2.38 3.85 6.26 2.40 7.58 7.10 4.17 6.39 
4.75 8.39 1.70 8.68 8.00 4.03 1.80 8.72 2.23 8.80 4.84 8.59 3.53 3.66 9.84 4.09 8.73 9.01 3.20 3.40 
1.45 7.17 4.18 6.86 3.11 1.08 3.90 4.23 6.03 7.45 0.35 5.97 3.13 4.42 5.32 2.98 7.46 6.75 5.04 7.27 
7.23 6.76 9.16 5.84 3.03 7.05 8.93 1.83 10.67 6.70 6.03 4.43 9.10 8.10 0.71 8.85 6.81 5.15 11.04 11.59 
8.72 1.69 7.74 0.85 6.30 7.84 7.66 5.03 8.38 1.42 7.05 1.40 9.95 5.85 5.19 10.03 1.55 0.54 11.44 8.74 
6.68 3.50 6.91 2.65 3.76 6.00 6.75 2.49 8.08 3.50 5.06 1.23 8.19 5.40 2.84 8.15 3.60 2.09 9.90 8.80 
6.49 4.79 7.52 3.92 2.90 6.01 7.33 1.39 8.88 4.78 5.00 2.49 8.18 6.25 1.55 8.06 4.88 3.30 10.02 9.72 
3.92 7.34 6.84 6.68 0.50 4.01 6.58 2.05 8.61 7.48 3.09 5.38 5.85 6.46 2.85 5.54 7.54 6.27 7.82 9.75 
6.56 7.05 8.80 6.17 2.34 6.47 8.56 1.49 10.38 7.03 5.47 4.74 8.46 7.89 0.72 8.19 7.13 5.53 10.42 11.37 
3.68 11.02 4.85 11.02 7.90 4.00 4.72 9.16 6.05 11.39 5.00 10.48 1.82 6.63 10.24 2.06 11.35 11.13 0.71 7.23 
4.74 5.91 6.64 5.20 1.06 4.45 6.40 0.81 8.25 6.02 3.42 3.86 6.55 5.82 1.92 6.35 6.08 4.75 8.46 9.27 
3.42 10.19 3.92 10.24 7.56 3.47 3.79 8.72 5.12 10.57 4.50 9.77 1.49 5.73 9.82 1.95 10.53 10.39 0.57 6.32 
3.89 4.62 3.49 4.44 3.80 2.90 3.29 3.95 4.96 4.93 2.30 3.84 4.95 2.52 5.01 5.05 4.93 4.49 6.49 5.96 
1.17 9.57 4.77 9.37 5.29 2.07 4.53 6.66 6.51 9.89 2.81 8.56 1.28 5.94 7.68 0.74 9.88 9.32 3.09 7.82 
5.26 3.61 5.21 3.11 3.42 4.45 5.04 2.83 6.48 3.80 3.60 2.15 6.61 3.83 3.70 6.63 3.84 2.93 8.25 7.30 
1.33 8.89 3.70 8.78 5.47 1.53 3.46 6.68 5.42 9.23 2.51 8.11 0.68 4.98 7.76 0.75 9.21 8.81 2.62 6.73 
5.10 3.57 4.82 3.18 3.63 4.23 4.66 3.17 6.07 3.81 3.44 2.38 6.36 3.43 4.07 6.41 3.84 3.09 7.96 6.90 
3.79 6.97 6.50 6.33 0.43 3.77 6.23 1.91 8.24 7.11 2.81 5.05 5.69 6.06 2.84 5.42 7.17 5.94 7.66 9.37 
7.82 0.75 6.27 0.75 6.18 6.84 6.22 5.21 6.81 0.99 6.18 1.75 8.83 4.34 5.69 8.98 1.00 1.39 10.17 7.15 
3.67 6.17 5.79 5.59 1.09 3.39 5.53 1.88 7.48 6.34 2.37 4.38 5.47 5.22 2.97 5.28 6.39 5.25 7.39 8.58 
7.96 0.57 6.30 0.83 6.38 6.96 6.27 5.42 6.78 0.87 6.32 1.93 8.94 4.36 5.89 9.09 0.85 1.52 10.25 7.09 
3.04 5.72 2.45 5.66 4.40 1.91 2.21 4.92 4.17 6.07 1.78 5.16 3.73 2.30 6.04 3.91 6.04 5.77 5.17 5.33 
6.28 7.90 8.99 7.05 2.20 6.37 8.74 2.06 10.67 7.91 5.41 5.62 8.21 8.29 1.69 7.89 8.01 6.44 10.19 11.73 
4.24 5.68 5.97 5.05 1.29 3.86 5.73 1.43 7.59 5.83 2.83 3.80 5.99 5.20 2.55 5.83 5.89 4.68 7.88 8.63 
7.26 3.35 7.38 2.42 4.25 6.58 7.23 2.88 8.47 3.28 5.65 1.03 8.76 5.80 3.04 8.73 3.39 1.76 10.47 9.13 
7.17 6.21 2.84 6.84 8.90 6.10 3.09 9.01 1.41 6.62 6.40 7.34 6.69 2.61 10.00 7.17 6.51 7.41 6.80 1.06 
6.12 7.60 1.90 8.07 8.73 5.20 2.18 9.17 0.59 8.02 5.79 8.28 5.21 3.11 10.25 5.75 7.93 8.53 4.98 1.61 
6.40 7.10 8.70 6.24 2.18 6.33 8.46 1.43 10.30 7.10 5.33 4.81 8.30 7.83 0.83 8.02 7.20 5.61 10.26 11.30 
5.28 3.56 3.29 3.70 5.29 4.17 3.21 5.12 4.20 3.95 3.81 3.67 5.95 1.53 6.06 6.18 3.90 4.02 7.16 4.93 
4.52 9.84 3.18 10.04 8.38 4.19 3.17 9.35 3.89 10.25 5.17 9.79 2.79 5.15 10.47 3.34 10.19 10.30 1.67 4.97 
8.72 0.48 6.67 1.44 7.31 7.69 6.66 6.35 6.90 0.74 7.11 2.79 9.57 4.69 6.80 9.77 0.60 2.19 10.78 7.03 
5.35 4.38 6.13 3.68 2.55 4.75 5.93 1.69 7.52 4.49 3.77 2.39 6.94 4.92 2.54 6.87 4.56 3.28 8.72 8.40 
6.84 8.17 2.71 8.70 9.54 5.96 2.98 9.97 1.16 8.59 6.58 8.98 5.80 3.83 11.05 6.36 8.49 9.19 5.34 1.40 
2.48 10.33 4.68 10.24 6.70 2.99 4.48 8.01 6.17 10.68 3.93 9.58 0.88 6.23 9.06 0.86 10.66 10.28 1.71 7.44 
3.00 5.52 3.63 5.26 3.25 2.09 3.38 3.76 5.31 5.82 1.36 4.50 4.25 3.16 4.88 4.28 5.82 5.23 5.94 6.42 
4.36 8.35 1.65 8.60 7.67 3.66 1.68 8.44 2.51 8.76 4.49 8.45 3.15 3.63 9.56 3.71 8.69 8.90 2.95 3.72 
0.06 8.49 4.33 8.24 4.26 1.10 4.06 5.56 6.17 8.79 1.66 7.40 1.89 5.16 6.61 1.60 8.79 8.17 3.86 7.47 
7.27 1.97 4.82 2.57 6.69 6.17 4.83 6.10 5.08 2.40 5.76 3.31 7.91 2.84 6.82 8.16 2.30 3.18 9.00 5.34 
0.42 8.50 4.72 8.21 3.88 1.37 4.44 5.23 6.57 8.79 1.62 7.30 2.33 5.41 6.26 1.98 8.80 8.09 4.30 7.87 
5.29 7.40 7.98 6.61 1.16 5.34 7.72 1.50 9.68 7.46 4.38 5.21 7.21 7.36 1.78 6.91 7.54 6.07 9.18 10.76 
2.96 5.56 3.20 5.38 3.67 1.95 2.96 4.18 4.89 5.88 1.42 4.72 4.03 2.82 5.30 4.11 5.87 5.40 5.65 6.02 
7.77 6.94 3.38 7.61 9.70 6.73 3.65 9.84 1.62 7.35 7.11 8.16 7.11 3.43 10.83 7.62 7.23 8.20 7.00 0.49 
4.31 7.59 0.89 7.85 7.27 3.46 0.95 7.93 2.06 8.00 4.16 7.74 3.43 2.87 9.04 3.95 7.93 8.17 3.58 3.35 
6.22 3.95 2.96 4.44 6.84 5.07 3.02 6.70 3.12 4.37 4.97 4.83 6.45 1.08 7.62 6.79 4.28 4.95 7.27 3.55 
6.30 7.30 8.72 6.44 2.09 6.27 8.47 1.54 10.34 7.30 5.28 5.01 8.21 7.90 1.06 7.92 7.39 5.82 10.18 11.36 
2.38 6.51 2.39 6.44 4.56 1.24 2.11 5.30 4.23 6.86 1.51 5.90 2.94 2.82 6.42 3.13 6.84 6.54 4.43 5.47 
4.08 5.84 5.93 5.22 1.18 3.72 5.69 1.54 7.58 6.00 2.70 3.98 5.85 5.22 2.66 5.68 6.05 4.86 7.75 8.63 
1.15 7.96 4.88 7.59 3.08 1.54 4.60 4.42 6.75 8.22 1.22 6.62 3.07 5.28 5.45 2.77 8.24 7.43 5.05 8.02 
7.36 2.99 4.26 3.68 7.40 6.23 4.33 6.99 4.17 3.40 5.99 4.43 7.72 2.38 7.79 8.04 3.29 4.32 8.58 4.28 
6.68 4.67 7.62 3.78 3.11 6.18 7.43 1.61 8.95 4.64 5.18 2.36 8.36 6.30 1.67 8.25 4.75 3.14 10.19 9.76 
3.02 6.06 1.94 6.07 4.90 1.88 1.68 5.48 3.72 6.43 2.05 5.65 3.42 2.19 6.59 3.67 6.40 6.23 4.72 4.93 
8.71 1.28 7.52 0.54 6.49 7.80 7.46 5.28 8.09 0.99 7.05 1.58 9.87 5.61 5.51 9.98 1.13 0.71 11.31 8.41 
7.23 1.35 5.88 1.11 5.61 6.26 5.81 4.70 6.56 1.59 5.59 1.49 8.28 4.00 5.25 8.42 1.61 1.48 9.68 7.01 
8.24 2.62 7.84 1.66 5.42 7.47 7.73 4.05 8.71 2.44 6.59 0.93 9.63 6.08 4.12 9.65 2.56 0.91 11.25 9.22 
0.63 8.91 5.02 8.61 4.10 1.73 4.75 5.51 6.86 9.20 2.03 7.68 2.30 5.79 6.51 1.87 9.21 8.49 4.23 8.16 
6.52 2.00 4.96 2.03 5.41 5.50 4.89 4.75 5.67 2.35 4.91 2.20 7.46 3.08 5.47 7.62 2.32 2.38 8.79 6.19 
3.24 5.75 2.06 5.75 4.81 2.09 1.82 5.30 3.76 6.11 2.12 5.35 3.72 1.99 6.41 3.96 6.08 5.92 5.04 4.93 
4.30 9.73 3.09 9.91 8.17 3.98 3.06 9.15 3.90 10.13 4.96 9.63 2.59 5.05 10.27 3.14 10.07 10.15 1.57 5.02 
3.24 5.29 3.69 5.03 3.26 2.33 3.45 3.67 5.32 5.58 1.59 4.27 4.47 3.08 4.78 4.51 5.59 4.99 6.14 6.41 
3.29 5.83 1.86 5.87 5.00 2.15 1.62 5.50 3.58 6.21 2.26 5.50 3.67 1.92 6.61 3.93 6.17 6.05 4.92 4.75 
1.57 7.30 2.90 7.18 4.50 0.48 2.62 5.47 4.76 7.64 1.29 6.53 2.21 3.65 6.59 2.33 7.62 7.22 3.90 6.05 
8.78 2.10 7.99 1.23 6.17 7.94 7.91 4.84 8.70 1.83 7.12 1.38 10.07 6.14 4.93 10.13 1.96 0.68 11.61 9.10 
1.99 9.84 4.36 9.74 6.21 2.47 4.14 7.50 5.94 10.19 3.41 9.06 0.47 5.82 8.56 0.37 10.16 9.77 2.02 7.23 
4.65 6.32 6.83 5.61 0.69 4.46 6.58 0.93 8.48 6.43 3.45 4.26 6.50 6.11 1.93 6.27 6.50 5.15 8.44 9.53 
3.49 8.79 2.32 8.93 7.18 3.01 2.22 8.11 3.56 9.19 3.96 8.61 2.08 4.20 9.24 2.64 9.13 9.15 2.04 4.81 
4.58 9.21 2.51 9.45 8.21 4.07 2.54 9.07 3.15 9.62 4.99 9.27 3.06 4.49 10.20 3.63 9.55 9.74 2.33 4.26 
1.85 10.28 5.33 10.08 5.83 2.78 5.09 7.24 7.00 10.60 3.51 9.26 1.55 6.60 8.24 1.00 10.60 10.02 2.99 8.30 
9.75 1.77 8.39 1.51 7.45 8.83 8.35 6.17 8.82 1.35 8.09 2.55 10.88 6.45 6.29 11.00 1.46 1.66 12.28 9.02 
