10.47 3.67 3.63 2.08 6.08 4.29 4.51 9.61 2.53 1.88 4.91 6.14 1.65 4.77 2.11 4.83 3.33 9.60 9.61 5.48 8.79 7.64 5.07 5.90 5.34 7.54 1.87 3.24 8.23 4.86 
8.16 6.19 7.13 5.59 8.63 1.29 1.77 8.52 2.33 2.99 6.87 2.19 3.23 2.28 5.47 1.97 1.79 7.40 8.54 7.49 9.27 8.76 2.52 7.89 4.37 7.01 5.01 6.47 6.75 1.37 
10.83 2.45 1.17 1.83 3.65 6.56 7.63 9.25 5.62 5.04 3.46 9.17 4.18 7.95 1.97 6.77 5.67 10.00 9.23 3.72 7.43 6.02 6.76 4.02 6.01 7.16 2.41 1.56 8.36 7.90 
3.32 6.67 8.08 7.29 8.05 4.05 6.63 4.33 6.52 6.93 6.42 6.45 6.18 7.12 7.13 3.23 4.76 2.62 4.36 6.79 6.37 6.64 2.80 6.99 2.96 3.85 6.81 7.46 2.67 6.18 
9.74 6.03 6.63 4.97 8.59 2.50 1.04 9.77 0.97 1.60 6.98 2.67 2.55 1.41 4.90 3.34 2.17 8.93 9.78 7.62 10.03 9.28 3.86 8.04 5.34 8.02 4.45 6.05 8.06 1.40 
7.38 5.24 5.82 6.89 3.31 8.94 11.53 4.85 9.98 9.79 3.99 12.42 8.45 12.03 6.82 8.44 8.67 6.93 4.81 3.43 1.78 1.47 7.98 3.03 6.02 4.08 7.03 5.85 5.52 11.44 
7.48 1.79 3.00 2.05 4.17 3.32 5.44 6.42 3.77 3.61 2.45 6.59 2.27 5.92 1.90 3.26 2.69 6.62 6.42 3.09 5.75 4.80 3.13 3.51 2.39 4.33 1.65 2.33 5.12 5.45 
8.18 3.91 4.26 5.49 1.66 8.26 10.64 5.80 8.93 8.65 2.78 11.70 7.33 11.12 5.45 7.89 7.83 7.59 5.76 2.14 2.90 1.63 7.51 1.71 5.65 4.44 5.73 4.38 5.99 10.62 
3.87 4.61 6.02 5.61 5.62 4.23 7.10 3.16 6.25 6.44 4.09 7.49 5.32 7.63 5.46 3.48 4.48 3.01 3.17 4.39 4.15 4.20 2.93 4.55 1.37 1.64 5.26 5.47 1.56 6.81 
8.39 1.45 2.31 1.13 4.02 3.85 5.55 7.24 3.69 3.36 2.53 6.87 2.07 5.99 0.97 3.96 3.06 7.53 7.23 3.15 6.28 5.18 3.91 3.58 3.32 5.13 0.75 1.64 6.01 5.66 
7.41 1.80 2.73 3.45 1.65 5.98 8.30 5.48 6.61 6.36 0.53 9.39 5.03 8.78 3.37 5.68 5.51 6.66 5.46 0.38 3.56 2.25 5.35 0.68 3.65 3.52 3.56 2.54 4.96 8.29 
8.87 1.08 1.18 2.38 1.62 6.17 8.05 7.06 6.16 5.77 1.23 9.35 4.53 8.48 2.37 6.09 5.48 8.09 7.04 1.38 5.09 3.69 5.88 1.69 4.55 5.04 2.72 1.23 6.40 8.15 
8.14 3.90 4.77 3.23 6.42 1.60 3.16 7.76 1.68 1.83 4.73 4.37 1.08 3.64 3.12 2.11 0.64 7.28 7.77 5.37 7.76 6.98 2.41 5.79 3.27 5.88 2.65 4.12 6.15 3.19 
5.77 4.71 5.67 6.34 3.63 7.56 10.27 3.32 8.89 8.80 3.46 11.01 7.47 10.79 6.24 6.97 7.41 5.26 3.28 3.11 0.60 0.93 6.48 2.85 4.52 2.36 6.35 5.50 3.80 10.12 
9.15 7.06 7.87 6.26 9.55 2.38 0.97 9.60 2.50 3.18 7.82 1.22 3.82 1.35 6.17 3.06 2.69 8.40 9.62 8.46 10.36 9.82 3.62 8.86 5.46 8.11 5.70 7.24 7.82 0.39 
10.10 3.15 3.17 1.58 5.58 4.20 4.75 9.17 2.74 2.13 4.40 6.34 1.54 5.05 1.60 4.67 3.23 9.24 9.17 4.97 8.28 7.13 4.86 5.39 4.97 7.08 1.36 2.75 7.83 5.05 
3.89 7.38 8.76 7.83 8.91 4.04 6.35 5.23 6.53 7.02 7.23 5.93 6.45 6.81 7.67 3.31 4.88 3.32 5.27 7.64 7.36 7.61 3.01 7.87 3.70 4.84 7.32 8.11 3.63 5.84 
10.30 6.04 6.50 4.83 8.61 3.06 1.45 10.22 0.92 1.32 7.07 3.14 2.53 1.63 4.78 3.89 2.58 9.48 10.23 7.70 10.32 9.48 4.40 8.13 5.75 8.40 4.36 5.96 8.53 1.94 
6.41 4.88 6.07 4.80 7.06 0.86 3.72 6.50 3.25 3.66 5.26 4.17 3.07 4.24 4.66 0.17 1.50 5.59 6.52 5.84 7.25 6.83 0.51 6.20 2.33 4.95 4.23 5.39 4.75 3.41 
6.13 4.99 6.21 4.99 7.11 1.12 3.95 6.28 3.54 3.95 5.30 4.32 3.34 4.47 4.85 0.29 1.79 5.32 6.30 5.87 7.13 6.76 0.28 6.22 2.22 4.78 4.44 5.54 4.52 3.61 
1.98 7.20 8.52 8.52 7.20 7.34 10.18 0.59 9.49 9.68 6.27 10.32 8.55 10.71 8.38 6.52 7.69 1.80 0.63 6.25 3.66 4.74 5.97 6.19 4.61 2.48 8.26 8.10 1.73 9.82 
7.45 1.96 2.82 3.62 1.51 6.18 8.51 5.47 6.81 6.56 0.70 9.59 5.23 8.98 3.54 5.87 5.71 6.71 5.45 0.31 3.45 2.10 5.53 0.49 3.81 3.55 3.74 2.67 5.02 8.49 
6.59 1.98 3.39 2.90 3.83 3.71 6.17 5.39 4.67 4.58 2.03 7.14 3.27 6.67 2.75 3.41 3.31 5.74 5.39 2.60 4.76 3.92 3.11 2.96 1.73 3.29 2.60 2.79 4.17 6.10 
9.57 2.37 2.52 0.86 4.82 4.17 5.18 8.51 3.18 2.67 3.61 6.69 1.69 5.54 0.84 4.52 3.24 8.71 8.50 4.18 7.52 6.35 4.62 4.60 4.44 6.40 0.58 2.02 7.23 5.42 
4.00 6.28 7.67 6.77 7.84 3.35 5.94 4.78 5.82 6.24 6.15 5.82 5.54 6.44 6.62 2.53 4.07 3.26 4.81 6.57 6.55 6.67 2.12 6.81 2.61 4.00 6.28 7.02 3.04 5.50 
11.31 3.81 3.33 2.16 5.93 5.42 5.58 10.25 3.65 2.98 5.08 7.24 2.76 5.79 2.27 5.93 4.46 10.45 10.25 5.57 9.10 7.85 6.13 5.96 6.18 8.14 2.27 3.14 8.99 5.96 
8.57 1.10 1.50 2.57 1.47 6.12 8.10 6.74 6.24 5.88 0.93 9.36 4.61 8.54 2.54 5.99 5.47 7.80 6.72 1.06 4.77 3.38 5.76 1.39 4.35 4.73 2.86 1.47 6.10 8.18 
7.82 3.06 4.03 2.61 5.55 2.14 4.03 7.20 2.44 2.41 3.86 5.22 1.21 4.51 2.47 2.37 1.34 6.95 7.20 4.50 6.98 6.14 2.48 4.91 2.75 5.23 2.03 3.36 5.68 4.05 
10.40 2.97 2.74 1.32 5.25 4.77 5.36 9.33 3.36 2.74 4.24 6.96 2.13 5.65 1.40 5.19 3.81 9.54 9.32 4.77 8.23 7.01 5.35 5.18 5.27 7.21 1.35 2.41 8.07 5.68 
5.61 4.58 5.58 6.20 3.64 7.32 10.04 3.20 8.67 8.59 3.34 10.77 7.27 10.56 6.10 6.73 7.18 5.08 3.16 3.03 0.75 0.99 6.23 2.80 4.28 2.13 6.19 5.38 3.59 9.88 
10.22 1.90 0.50 2.04 2.68 6.63 8.04 8.50 6.04 5.53 2.66 9.50 4.49 8.40 2.13 6.72 5.80 9.41 8.48 2.83 6.53 5.10 6.63 3.10 5.61 6.45 2.59 1.17 7.74 8.24 
8.39 2.74 3.02 4.27 0.52 7.41 9.63 6.21 7.84 7.52 1.76 10.78 6.23 10.09 4.24 7.14 6.89 7.72 6.18 1.14 3.65 2.20 6.81 0.79 5.09 4.50 4.54 3.15 6.04 9.65 
12.22 4.36 3.54 2.83 6.15 6.48 6.53 11.03 4.65 3.97 5.59 8.20 3.82 6.70 2.97 6.98 5.52 11.36 11.02 6.00 9.65 8.32 7.17 6.36 7.11 8.91 3.10 3.56 9.86 6.95 
5.87 2.63 4.05 3.61 4.14 3.73 6.37 4.73 5.04 5.04 2.40 7.20 3.77 6.89 3.46 3.27 3.51 5.03 4.73 2.87 4.39 3.75 2.88 3.17 1.16 2.66 3.30 3.47 3.46 6.24 
4.78 4.55 5.94 5.12 6.19 2.75 5.61 4.61 4.92 5.19 4.46 5.99 4.23 6.14 4.96 1.97 3.11 3.92 4.63 4.92 5.54 5.35 1.42 5.19 0.90 3.11 4.65 5.30 2.88 5.30 
9.82 2.32 2.27 0.68 4.68 4.54 5.51 8.68 3.50 2.96 3.58 7.04 2.04 5.85 0.73 4.88 3.61 8.95 8.67 4.12 7.56 6.34 4.97 4.54 4.71 6.56 0.70 1.84 7.45 5.76 
2.05 6.34 7.73 7.50 6.82 5.91 8.75 1.62 8.11 8.34 5.59 8.89 7.27 9.27 7.35 5.09 6.30 1.31 1.66 5.72 4.02 4.72 4.54 5.75 3.31 1.91 7.18 7.23 0.43 8.39 
1.78 7.20 8.54 8.49 7.28 7.18 10.02 0.78 9.36 9.57 6.30 10.14 8.46 10.54 8.35 6.37 7.56 1.56 0.82 6.31 3.83 4.87 5.81 6.26 4.51 2.50 8.22 8.10 1.60 9.66 
8.90 1.58 2.10 0.66 4.12 4.13 5.59 7.72 3.65 3.24 2.79 6.99 2.03 5.99 0.50 4.31 3.27 8.04 7.72 3.38 6.67 5.51 4.31 3.80 3.82 5.61 0.27 1.47 6.52 5.75 
9.58 8.46 9.32 7.71 10.92 3.56 2.05 10.37 3.92 4.59 9.17 0.40 5.28 2.08 7.62 4.08 4.07 8.91 10.40 9.80 11.45 11.02 4.59 10.19 6.53 9.08 7.15 8.68 8.59 1.60 
7.39 1.54 2.59 3.19 1.86 5.69 7.99 5.55 6.29 6.05 0.30 9.09 4.72 8.47 3.11 5.41 5.20 6.62 5.53 0.60 3.78 2.51 5.09 0.97 3.44 3.53 3.27 2.33 4.92 7.99 
9.72 3.51 3.81 2.14 6.04 3.44 3.95 8.98 1.94 1.38 4.68 5.52 0.80 4.28 2.11 3.98 2.48 8.85 8.98 5.29 8.37 7.32 4.23 5.72 4.62 6.94 1.72 3.29 7.53 4.23 
2.81 5.72 7.07 6.98 6.01 5.97 8.84 1.40 8.01 8.17 4.87 9.13 7.02 9.36 6.84 5.19 6.23 2.14 1.42 4.95 3.20 3.86 4.63 4.96 3.09 1.09 6.72 6.62 0.64 8.52 
11.73 3.64 2.72 2.25 5.31 6.42 6.83 10.41 4.87 4.21 4.84 8.48 3.78 7.06 2.41 6.83 5.46 10.87 10.40 5.22 8.90 7.54 6.95 5.56 6.67 8.29 2.64 2.80 9.32 7.20 
10.52 4.10 4.16 2.56 6.56 4.05 4.01 9.79 2.08 1.40 5.32 5.67 1.54 4.26 2.58 4.66 3.11 9.65 9.79 5.91 9.12 8.02 4.96 6.33 5.43 7.74 2.29 3.74 8.34 4.39 
10.13 2.28 1.93 0.68 4.46 5.06 5.99 8.89 3.98 3.41 3.55 7.54 2.56 6.32 0.82 5.37 4.13 9.28 8.88 4.04 7.59 6.32 5.44 4.44 5.06 6.76 1.05 1.63 7.74 6.26 
9.92 8.57 9.38 7.76 11.05 3.75 1.94 10.67 3.89 4.54 9.32 0.29 5.31 1.87 7.67 4.32 4.19 9.24 10.70 9.94 11.69 11.23 4.84 10.34 6.77 9.34 7.20 8.75 8.89 1.57 
7.07 4.11 4.79 5.76 2.45 7.85 10.40 4.66 8.82 8.63 2.85 11.32 7.29 10.90 5.69 7.39 7.54 6.51 4.63 2.32 1.79 0.53 6.95 1.94 5.01 3.42 5.89 4.76 4.96 10.32 
7.08 6.30 7.40 5.99 8.57 1.26 2.90 7.62 3.34 3.94 6.77 2.84 3.86 3.38 5.86 1.38 2.19 6.33 7.64 7.36 8.69 8.34 1.83 7.72 3.79 6.29 5.41 6.73 5.84 2.42 
7.81 4.83 5.30 6.46 2.73 8.83 11.34 5.32 9.71 9.48 3.62 12.30 8.15 11.83 6.40 8.38 8.49 7.31 5.28 3.02 2.26 1.48 7.94 2.60 6.01 4.32 6.64 5.38 5.82 11.27 
10.93 4.65 4.66 3.10 7.10 4.26 3.83 10.28 2.04 1.37 5.87 5.51 1.93 4.01 3.12 4.93 3.36 10.07 10.28 6.46 9.66 8.57 5.27 6.88 5.88 8.24 2.84 4.26 8.80 4.27 
4.23 4.97 6.19 6.45 4.71 6.58 9.40 1.98 8.27 8.30 3.90 9.95 7.03 9.93 6.33 5.89 6.62 3.66 1.96 3.81 1.70 2.33 5.36 3.71 3.49 0.87 6.31 5.85 2.17 9.17 
7.09 2.78 3.60 4.44 1.75 6.68 9.13 4.94 7.50 7.29 1.51 10.13 5.95 9.62 4.36 6.29 6.29 6.41 4.91 1.05 2.66 1.28 5.90 0.79 4.05 3.20 4.54 3.49 4.73 9.08 
4.44 4.01 5.43 5.04 5.10 4.08 6.92 3.51 5.93 6.06 3.52 7.44 4.89 7.45 4.89 3.39 4.20 3.59 3.51 3.85 4.03 3.88 2.86 4.03 1.01 1.68 4.71 4.88 2.06 6.67 
7.53 1.22 2.35 2.86 2.00 5.47 7.71 5.77 5.99 5.73 0.20 8.84 4.41 8.19 2.77 5.23 4.95 6.74 5.75 0.82 4.09 2.84 4.94 1.23 3.37 3.72 2.94 2.03 5.05 7.72 
10.84 6.44 6.82 5.16 9.01 3.59 1.62 10.76 1.42 1.65 7.51 3.27 2.95 1.63 5.12 4.43 3.13 10.02 10.78 8.14 10.83 9.97 4.94 8.57 6.29 8.94 4.72 6.30 9.08 2.19 
7.56 5.48 6.02 7.12 3.48 9.22 11.81 5.02 10.25 10.05 4.24 12.70 8.71 12.31 7.06 8.72 8.95 7.14 4.98 3.67 1.97 1.75 8.26 3.26 6.30 4.33 7.28 6.07 5.75 11.71 
4.22 4.59 6.01 5.39 5.93 3.51 6.38 3.85 5.62 5.85 4.29 6.74 4.81 6.91 5.24 2.74 3.82 3.35 3.87 4.67 4.86 4.79 2.18 4.89 0.95 2.38 4.98 5.41 2.15 6.07 
4.77 6.11 7.45 6.42 7.88 2.63 5.17 5.45 5.12 5.58 6.13 5.07 4.97 5.67 6.26 1.85 3.42 4.03 5.48 6.61 6.99 6.97 1.54 6.89 2.60 4.46 5.89 6.79 3.68 4.72 
5.63 5.35 6.29 6.98 4.18 8.05 10.80 3.11 9.46 9.39 4.10 11.49 8.07 11.32 6.88 7.43 7.95 5.21 3.06 3.74 0.06 1.47 6.92 3.46 4.98 2.60 6.98 6.13 3.89 10.62 
