4.05 8.78 4.23 6.12 8.82 6.22 7.86 6.10 3.62 9.02 5.89 5.60 2.68 1.86 6.30 5.70 5.44 5.74 4.34 6.45 10.04 5.85 3.62 2.22 9.55 6.29 3.12 10.02 8.65 5.19 4.00 4.47 3.10 0.80 7.64 8.97 3.28 0.87 4.00 6.63 3.85 2.93 8.11 0.92 0.32 1.92 1.26 5.99 0.50 4.78 4.31 9.15 6.09 4.43 0.91 
10.89 5.06 5.67 4.72 2.13 3.33 1.70 3.85 8.42 3.54 6.51 7.50 8.34 9.83 3.51 8.04 6.50 3.83 9.07 3.10 6.94 4.87 6.11 8.67 1.20 3.55 8.35 1.12 4.66 7.94 10.84 10.04 10.18 9.24 6.91 4.12 10.09 10.37 5.69 3.20 6.16 6.62 5.22 10.41 9.85 8.67 10.55 3.99 10.02 9.62 10.49 1.11 4.80 10.68 10.11 
4.32 5.14 1.03 4.99 5.46 3.53 5.13 4.23 5.19 5.45 2.45 2.59 4.36 3.25 3.15 2.97 1.99 2.99 2.83 3.82 6.51 4.77 0.99 4.28 7.01 4.25 1.73 7.39 5.01 2.51 4.26 6.78 3.54 3.02 4.25 5.36 3.46 4.50 1.27 3.47 0.55 1.74 4.49 4.28 3.84 4.04 4.88 2.70 3.97 3.47 4.02 6.00 5.01 4.21 3.85 
8.82 11.16 6.56 4.84 9.88 6.88 7.99 5.77 1.55 10.72 9.14 9.30 2.42 6.61 7.58 9.60 8.70 6.71 8.72 6.93 12.92 4.68 5.99 2.70 8.96 6.08 7.30 9.47 10.88 9.10 8.76 0.68 7.84 5.42 10.91 10.94 8.00 4.77 6.08 7.82 6.53 5.03 10.65 5.35 4.97 3.01 4.40 7.61 5.08 9.27 9.02 9.70 4.77 9.15 5.62 
2.66 5.44 3.23 7.29 6.82 5.60 7.06 6.49 7.03 6.33 2.30 1.50 6.10 2.96 4.98 1.38 2.06 5.09 0.66 5.90 6.13 7.07 3.28 5.87 8.96 6.47 1.28 9.29 5.49 0.93 2.61 8.44 2.36 3.58 3.63 6.03 2.15 5.07 3.56 5.25 2.82 3.86 4.76 4.60 4.43 5.57 5.56 4.47 4.47 1.23 2.14 7.57 7.31 2.31 4.08 
7.70 1.56 3.54 5.85 1.96 3.14 3.40 4.60 8.23 1.34 2.82 3.82 7.70 7.28 2.21 4.31 2.99 3.09 5.70 3.27 3.56 5.79 4.19 7.82 4.93 4.34 5.45 5.06 1.20 4.35 7.65 9.98 7.22 7.14 2.93 1.28 7.06 8.59 3.89 2.08 3.87 5.11 1.35 8.40 7.95 7.66 8.93 2.10 8.08 6.13 7.18 2.92 5.92 7.35 7.97 
5.64 2.43 3.19 6.88 4.30 4.39 5.32 5.74 8.19 3.47 0.77 1.58 7.44 5.71 3.45 2.01 1.20 4.06 3.60 4.64 3.40 6.74 3.75 7.40 7.07 5.58 3.80 7.27 2.51 2.16 5.60 9.85 5.35 5.93 1.19 3.09 5.15 7.47 3.68 3.56 3.22 4.72 1.75 7.14 6.80 7.17 7.90 3.00 6.90 3.94 5.06 5.22 6.93 5.22 6.64 
4.89 6.67 1.90 4.13 6.37 3.74 5.39 3.80 3.44 6.69 4.21 4.32 2.60 3.07 3.83 4.64 3.75 3.26 4.03 3.98 8.19 3.87 1.25 2.54 7.13 3.94 2.60 7.59 6.47 4.14 4.83 5.02 3.92 2.21 6.00 6.71 3.96 3.33 1.57 4.16 1.67 0.47 6.05 3.34 2.77 2.32 3.59 3.56 2.94 4.65 4.81 6.67 4.12 4.99 3.06 
4.73 4.55 0.80 4.93 4.89 3.17 4.70 4.05 5.56 4.84 2.03 2.38 4.79 3.83 2.66 2.83 1.59 2.64 3.06 3.46 5.98 4.73 1.15 4.76 6.59 4.02 2.18 6.96 4.41 2.43 4.68 7.21 4.02 3.63 3.80 4.75 3.92 5.10 1.23 2.97 0.59 2.09 3.90 4.89 4.45 4.53 5.48 2.19 4.58 3.68 4.37 5.47 4.96 4.57 4.46 
1.88 6.26 3.66 7.57 7.55 6.13 7.65 6.88 6.88 7.12 3.12 2.31 5.92 2.30 5.59 2.13 2.84 5.60 0.44 6.42 6.92 7.33 3.58 5.63 9.55 6.90 1.10 9.90 6.30 1.73 1.83 8.17 1.54 3.11 4.43 6.83 1.33 4.51 3.91 5.88 3.20 3.96 5.58 3.99 3.90 5.31 5.02 5.09 3.92 0.96 1.42 8.27 7.59 1.61 3.47 
5.17 4.12 0.80 4.81 4.40 2.82 4.29 3.83 5.80 4.35 1.88 2.44 5.08 4.33 2.22 2.94 1.50 2.32 3.42 3.11 5.64 4.62 1.37 5.08 6.19 3.77 2.65 6.53 3.96 2.61 5.12 7.48 4.49 4.11 3.58 4.28 4.38 5.57 1.29 2.52 0.90 2.36 3.50 5.37 4.92 4.87 5.93 1.73 5.05 4.02 4.79 4.99 4.85 4.98 4.94 
11.64 5.49 6.44 5.35 2.62 4.10 2.47 4.55 9.11 3.93 7.18 8.18 9.07 10.60 4.27 8.71 7.20 4.60 9.79 3.87 7.27 5.51 6.88 9.41 1.40 4.27 9.10 1.03 5.10 8.63 11.58 10.71 10.94 10.02 7.46 4.52 10.85 11.14 6.46 3.96 6.93 7.39 5.72 11.19 10.62 9.41 11.31 4.74 10.79 10.33 11.22 1.64 5.43 11.41 10.89 
5.25 2.82 3.11 6.94 4.64 4.53 5.55 5.83 8.05 3.85 0.48 1.19 7.27 5.37 3.61 1.63 0.94 4.16 3.21 4.78 3.69 6.78 3.62 7.21 7.33 5.68 3.46 7.55 2.90 1.77 5.21 9.69 4.97 5.63 1.32 3.47 4.77 7.17 3.60 3.75 3.07 4.57 2.14 6.83 6.50 6.97 7.62 3.14 6.60 3.55 4.67 5.54 6.98 4.83 6.33 
5.28 5.32 0.54 3.91 5.04 2.66 4.32 3.18 4.49 5.31 3.15 3.52 3.79 3.91 2.53 3.95 2.72 2.13 3.90 2.94 6.93 3.69 0.17 3.82 6.16 3.22 2.71 6.57 5.11 3.53 5.22 6.18 4.43 3.35 4.88 5.33 4.39 4.65 0.25 2.87 0.59 1.08 4.73 4.57 4.05 3.64 4.94 2.21 4.20 4.55 5.04 5.42 3.93 5.23 4.22 
7.24 1.59 5.14 8.42 4.48 5.75 6.20 7.20 10.15 3.16 2.79 3.29 9.44 7.65 4.77 3.50 3.24 5.56 5.27 5.93 1.37 8.32 5.73 9.42 7.66 6.98 5.75 7.73 1.97 3.86 7.22 11.84 7.13 7.95 1.16 2.58 6.92 9.50 5.61 4.74 5.23 6.72 1.45 9.15 8.83 9.20 9.94 4.45 8.92 5.44 6.62 5.50 8.48 6.75 8.64 
4.33 5.75 1.25 4.73 5.86 3.64 5.29 4.11 4.56 5.97 3.12 3.20 3.72 2.95 3.43 3.53 2.65 3.10 3.11 3.91 7.17 4.48 0.82 3.62 7.13 4.17 1.80 7.55 5.60 3.05 4.27 6.14 3.45 2.51 4.91 5.92 3.43 3.93 1.23 3.76 0.81 1.18 5.11 3.76 3.29 3.38 4.28 3.04 3.43 3.76 4.13 6.32 4.74 4.32 3.36 
3.48 7.18 2.81 5.63 7.43 5.07 6.74 5.29 4.24 7.51 4.28 4.03 3.27 1.57 4.97 4.19 3.83 4.56 3.05 5.34 8.43 5.36 2.28 2.97 8.54 5.41 1.67 8.97 7.07 3.67 3.42 5.53 2.48 0.95 6.03 7.42 2.56 2.45 2.69 5.30 2.37 1.94 6.51 2.22 1.79 2.67 2.87 4.60 1.91 3.61 3.50 7.86 5.62 3.66 1.80 
8.60 9.60 5.25 2.95 8.09 5.12 6.13 3.92 1.36 9.02 7.92 8.25 2.16 6.46 5.91 8.64 7.51 5.02 8.07 5.13 11.45 2.79 4.78 2.65 7.06 4.23 6.63 7.57 9.29 8.16 8.54 2.46 7.59 5.25 9.62 9.28 7.70 5.15 4.76 6.12 5.34 3.94 9.13 5.62 5.11 2.92 4.94 6.00 5.26 8.68 8.67 7.85 2.87 8.83 5.73 
7.03 1.26 4.54 7.78 3.99 5.11 5.61 6.56 9.55 2.76 2.33 2.99 8.86 7.27 4.13 3.28 2.76 4.92 5.02 5.30 1.87 7.68 5.15 8.85 7.11 6.34 5.35 7.21 1.56 3.57 6.99 11.25 6.83 7.49 1.06 2.20 6.62 9.03 5.01 4.11 4.66 6.14 0.89 8.70 8.36 8.64 9.46 3.81 8.46 5.25 6.42 5.00 7.84 6.56 8.21 
7.52 0.56 4.43 7.32 3.23 4.63 4.95 6.08 9.38 1.98 2.63 3.45 8.75 7.56 3.65 3.82 3.00 4.49 5.48 4.78 2.08 7.25 5.07 8.79 6.39 5.84 5.64 6.46 0.78 4.04 7.48 11.11 7.24 7.66 1.78 1.43 7.04 9.18 4.87 3.58 4.63 6.05 0.25 8.90 8.52 8.60 9.58 3.42 8.63 5.78 6.93 4.25 7.39 7.08 8.42 
3.36 4.71 3.36 7.50 6.36 5.54 6.87 6.58 7.64 5.72 1.68 0.71 6.75 3.84 4.79 0.51 1.59 5.06 1.34 5.82 5.27 7.29 3.58 6.55 8.74 6.52 2.08 9.03 4.80 0.15 3.33 9.12 3.20 4.41 2.78 5.37 2.98 5.91 3.78 5.03 3.06 4.31 4.04 5.46 5.27 6.27 6.40 4.28 5.32 1.65 2.78 7.18 7.53 2.93 4.94 
8.90 3.07 3.97 4.78 0.70 2.32 1.79 3.57 7.84 1.80 4.32 5.32 7.51 8.10 1.85 5.85 4.35 2.58 6.99 2.29 5.07 4.81 4.53 7.74 3.15 3.27 6.44 3.29 2.66 5.78 8.85 9.58 8.28 7.70 4.71 2.28 8.16 9.00 4.14 1.53 4.42 5.27 3.08 8.94 8.41 7.65 9.27 2.17 8.57 7.51 8.45 1.25 4.86 8.63 8.57 
7.94 8.69 4.34 2.40 7.28 4.28 5.41 3.18 1.48 8.16 7.01 7.37 1.86 5.85 5.03 7.76 6.60 4.14 7.27 4.32 10.53 2.19 3.88 2.36 6.51 3.49 5.84 7.02 8.39 7.29 7.88 3.05 6.93 4.68 8.70 8.40 7.03 4.83 3.85 5.25 4.44 3.08 8.22 5.23 4.67 2.56 4.71 5.10 4.84 7.89 7.96 7.10 2.33 8.13 5.26 
5.64 8.26 3.48 4.20 7.67 4.80 6.34 4.35 1.98 8.16 5.84 5.89 1.03 3.49 5.13 6.17 5.39 4.41 5.28 4.97 9.83 3.93 2.84 0.89 7.88 4.59 3.85 8.37 8.04 5.66 5.58 3.41 4.63 2.30 7.64 8.24 4.75 2.57 3.07 5.45 3.30 1.86 7.66 2.88 2.30 0.71 2.60 4.97 2.48 5.86 5.73 7.81 4.16 5.89 2.87 
3.21 6.89 2.69 5.81 7.28 5.06 6.71 5.38 4.63 7.29 3.93 3.64 3.67 1.51 4.87 3.78 3.49 4.53 2.65 5.33 8.08 5.55 2.23 3.38 8.54 5.49 1.25 8.97 6.80 3.26 3.15 5.94 2.23 1.24 5.66 7.17 2.28 2.78 2.65 5.20 2.22 2.08 6.22 2.48 2.11 3.08 3.22 4.47 2.21 3.21 3.17 7.76 5.80 3.34 2.02 
8.86 7.55 4.11 0.29 5.61 2.86 3.52 1.43 3.59 6.71 6.63 7.25 3.81 7.02 3.80 7.73 6.30 2.97 7.73 2.77 9.53 0.20 3.95 4.26 4.41 1.73 6.42 4.93 7.19 7.34 8.80 5.09 7.90 5.98 8.09 7.06 7.93 6.54 3.70 3.91 4.43 3.60 7.21 6.82 6.23 4.38 6.52 4.07 6.40 8.38 8.73 5.25 0.22 8.92 6.73 
4.15 9.62 5.14 6.92 9.73 7.13 8.76 6.97 4.04 9.91 6.67 6.29 3.20 2.13 7.21 6.34 6.23 6.66 4.83 7.35 10.82 6.64 4.53 2.70 10.44 7.17 3.77 10.91 9.51 5.84 4.10 4.55 3.30 1.51 8.38 9.85 3.53 0.20 4.92 7.55 4.75 3.85 8.95 0.44 0.66 2.45 0.68 6.90 0.54 5.19 4.52 10.07 6.88 4.61 0.93 
5.78 3.65 1.13 4.65 3.75 2.39 3.75 3.57 6.08 3.75 1.96 2.72 5.43 4.97 1.66 3.26 1.69 1.94 3.97 2.68 5.31 4.49 1.78 5.48 5.64 3.46 3.28 5.97 3.45 3.00 5.73 7.80 5.12 4.72 3.45 3.71 5.01 6.15 1.56 1.93 1.42 2.74 3.07 5.98 5.51 5.30 6.49 1.15 5.65 4.55 5.37 4.36 4.70 5.56 5.56 
4.25 3.88 2.53 6.62 5.29 4.50 5.79 5.63 7.23 4.73 0.72 0.63 6.39 4.25 3.72 1.15 0.50 4.04 2.23 4.79 4.80 6.43 2.90 6.28 7.65 5.54 2.33 7.94 3.90 0.94 4.21 8.81 3.89 4.53 2.36 4.43 3.70 6.08 2.99 3.94 2.34 3.77 3.19 5.71 5.41 6.02 6.53 3.20 5.50 2.68 3.72 6.09 6.65 3.89 5.21 
7.85 9.70 5.12 3.67 8.48 5.47 6.67 4.45 0.35 9.28 7.73 7.94 1.29 5.67 6.14 8.27 7.29 5.27 7.51 5.53 11.47 3.47 4.56 1.74 7.79 4.75 6.08 8.30 9.42 7.77 7.79 1.79 6.85 4.46 9.48 9.49 6.98 4.20 4.63 6.39 5.11 3.62 9.19 4.70 4.21 2.04 3.95 6.15 4.35 8.10 7.97 8.35 3.60 8.13 4.85 
1.76 7.19 3.74 7.23 8.10 6.23 7.85 6.72 5.95 7.86 4.04 3.40 4.97 1.03 5.87 3.32 3.68 5.69 1.70 6.51 8.04 6.97 3.44 4.62 9.72 6.80 1.09 10.11 7.17 2.87 1.70 7.10 0.83 1.94 5.55 7.65 0.83 3.26 3.84 6.19 3.25 3.50 6.50 2.73 2.67 4.30 3.77 5.41 2.68 2.07 1.75 8.70 7.23 1.91 2.21 
7.86 2.69 3.06 4.73 1.60 2.04 2.33 3.48 7.35 1.94 3.30 4.29 6.91 7.12 1.20 4.83 3.31 2.08 5.95 2.14 4.70 4.69 3.66 7.09 4.01 3.21 5.42 4.21 2.31 4.75 7.81 9.11 7.25 6.79 3.89 2.19 7.13 8.15 3.30 0.99 3.48 4.49 2.48 8.04 7.54 6.97 8.45 1.31 7.69 6.47 7.41 2.29 4.80 7.59 7.65 
8.92 1.10 5.06 7.05 2.05 4.41 4.18 5.81 9.70 0.61 3.97 4.89 9.20 8.70 3.58 5.32 4.25 4.47 6.89 4.47 2.81 7.04 5.71 9.33 5.26 5.52 6.83 5.24 0.83 5.47 8.88 11.45 8.54 8.63 3.38 0.25 8.36 10.09 5.42 3.37 5.38 6.64 1.62 9.89 9.45 9.18 10.45 3.57 9.58 7.25 8.36 3.03 7.13 8.52 9.44 
7.86 0.20 4.62 7.34 3.01 4.63 4.83 6.09 9.52 1.68 2.96 3.80 8.92 7.86 3.68 4.17 3.31 4.54 5.83 4.77 2.06 7.27 5.27 8.98 6.20 5.84 5.95 6.25 0.48 4.38 7.82 11.26 7.57 7.93 2.12 1.12 7.37 9.45 5.05 3.58 4.85 6.24 0.49 9.18 8.78 8.80 9.84 3.49 8.90 6.13 7.28 4.02 7.40 7.43 8.71 
8.82 1.20 4.84 6.78 1.82 4.13 3.91 5.54 9.44 0.38 3.87 4.82 8.96 8.54 3.32 5.26 4.13 4.20 6.79 4.20 3.03 6.77 5.49 9.09 5.04 5.25 6.68 5.04 0.86 5.39 8.78 11.20 8.41 8.44 3.41 0.22 8.24 9.89 5.19 3.10 5.18 6.41 1.62 9.70 9.25 8.95 10.24 3.32 9.38 7.17 8.27 2.81 6.86 8.44 9.26 
3.84 9.78 5.41 7.39 10.03 7.49 9.14 7.39 4.55 10.14 6.76 6.31 3.71 2.00 7.52 6.31 6.33 7.01 4.72 7.73 10.89 7.11 4.83 3.20 10.84 7.59 3.79 11.31 9.68 5.83 3.80 5.01 3.07 1.68 8.43 10.05 3.31 0.70 5.23 7.86 4.99 4.21 9.10 0.42 0.98 2.96 1.08 7.19 0.81 5.02 4.27 10.40 7.35 4.34 0.89 
7.14 1.18 3.61 6.48 2.84 3.80 4.27 5.25 8.52 1.90 2.18 3.13 7.91 6.96 2.82 3.59 2.46 3.64 5.11 3.97 2.94 6.40 4.25 7.97 5.84 5.02 5.07 5.97 1.05 3.70 7.10 10.26 6.76 6.97 2.02 1.54 6.58 8.47 4.03 2.77 3.84 5.23 0.61 8.22 7.81 7.78 8.85 2.56 7.93 5.49 6.59 3.82 6.55 6.75 7.76 
2.36 9.13 5.24 8.00 9.81 7.59 9.25 7.78 5.71 9.71 5.99 5.37 4.78 1.09 7.43 5.27 5.62 7.07 3.55 7.86 10.02 7.73 4.77 4.31 11.06 7.92 2.98 11.50 9.09 4.83 2.33 6.41 1.72 1.83 7.52 9.54 1.96 2.06 5.19 7.76 4.77 4.44 8.44 1.45 1.84 4.02 2.54 7.02 1.71 3.73 2.84 10.31 7.98 2.89 1.20 
2.72 9.50 5.53 8.12 10.12 7.84 9.50 7.96 5.65 10.06 6.38 5.77 4.75 1.45 7.71 5.67 5.99 7.32 3.96 8.09 10.41 7.85 5.03 4.26 11.29 8.11 3.35 11.73 9.46 5.24 2.68 6.24 2.12 1.97 7.92 9.89 2.37 1.88 5.45 8.04 5.06 4.63 8.81 1.31 1.80 3.98 2.32 7.32 1.64 4.13 3.22 10.60 8.10 3.25 1.20 
6.98 2.60 2.41 4.93 2.45 2.27 3.04 3.71 7.09 2.40 2.43 3.41 6.55 6.33 1.28 3.95 2.42 2.08 5.05 2.46 4.49 4.85 3.06 6.66 4.82 3.49 4.58 5.07 2.30 3.85 6.93 8.84 6.40 6.09 3.24 2.43 6.26 7.50 2.75 1.30 2.78 3.97 2.17 7.35 6.87 6.51 7.83 1.00 7.01 5.57 6.51 3.19 5.00 6.70 6.93 
6.48 4.77 1.14 3.19 3.93 1.39 3.04 2.19 4.91 4.43 3.41 4.08 4.41 5.18 1.38 4.59 3.10 0.86 4.93 1.68 6.60 3.02 1.44 4.57 4.89 2.14 3.88 5.30 4.49 4.25 6.42 6.66 5.66 4.58 4.91 4.57 5.61 5.80 1.02 1.70 1.61 2.04 4.29 5.78 5.23 4.46 6.04 1.23 5.40 5.56 6.18 4.20 3.23 6.37 5.46 
6.14 10.20 5.43 5.79 9.69 6.79 8.28 6.20 2.22 10.17 7.60 7.47 1.71 3.97 7.15 7.65 7.13 6.42 6.42 6.95 11.68 5.54 4.78 1.31 9.72 6.46 5.11 10.22 10.01 7.14 6.09 2.44 5.21 2.89 9.39 10.23 5.40 1.91 5.06 7.46 5.19 3.84 9.58 2.52 2.24 1.33 1.52 6.98 2.31 6.89 6.43 9.81 5.74 6.54 2.86 
4.72 9.95 5.37 6.78 9.91 7.22 8.82 6.93 3.66 10.17 7.07 6.74 2.90 2.69 7.37 6.82 6.62 6.77 5.36 7.42 11.22 6.51 4.74 2.39 10.44 7.15 4.24 10.92 9.82 6.32 4.68 4.03 3.87 1.92 8.80 10.14 4.09 0.42 5.10 7.70 5.01 3.97 9.29 1.02 1.05 2.19 0.10 7.10 1.00 5.73 5.09 10.19 6.74 5.18 1.48 
1.76 9.21 5.66 8.69 10.13 8.09 9.74 8.39 6.54 9.92 6.05 5.32 5.60 1.54 7.84 5.13 5.71 7.56 3.35 8.36 9.94 8.42 5.26 5.14 11.58 8.51 3.14 12.00 9.21 4.75 1.74 7.24 1.47 2.56 7.44 9.70 1.69 2.89 5.68 8.16 5.17 5.05 8.52 2.29 2.67 4.84 3.35 7.40 2.55 3.39 2.34 10.70 8.68 2.33 2.03 
8.92 1.97 4.49 5.99 0.97 3.41 3.04 4.76 8.84 0.54 4.05 5.04 8.42 8.42 2.69 5.53 4.21 3.55 6.92 3.43 3.89 6.00 5.12 8.59 4.19 4.46 6.62 4.22 1.56 5.58 8.87 10.59 8.42 8.19 3.96 1.06 8.27 9.59 4.78 2.43 4.88 5.98 2.18 9.45 8.97 8.48 9.91 2.81 9.11 7.36 8.40 1.99 6.07 8.58 9.04 
2.64 6.13 2.71 6.48 6.98 5.21 6.81 5.85 5.80 6.75 3.01 2.52 4.86 1.94 4.80 2.59 2.62 4.68 1.47 5.50 7.11 6.23 2.52 4.60 8.69 5.89 0.04 9.07 6.09 2.08 2.58 7.16 1.88 2.33 4.63 6.55 1.79 3.84 2.89 5.11 2.23 2.83 5.44 3.43 3.19 4.30 4.33 4.32 3.25 2.09 2.38 7.60 6.49 2.57 2.92 
4.70 3.75 4.31 8.32 6.03 6.01 7.06 7.26 9.02 5.07 1.73 1.26 8.16 5.44 5.11 1.10 2.05 5.61 2.83 6.27 3.84 8.15 4.71 8.02 8.82 7.14 3.68 9.03 3.96 1.60 4.68 10.57 4.72 6.01 1.49 4.60 4.48 7.52 4.79 5.25 4.15 5.58 3.18 7.08 6.87 7.75 8.01 4.63 6.93 2.88 4.07 6.97 8.37 4.18 6.55 
8.01 6.62 3.09 1.04 4.93 1.99 3.05 0.84 3.75 5.90 5.59 6.21 3.69 6.28 2.86 6.70 5.26 2.00 6.77 1.98 8.57 0.85 2.98 4.07 4.35 1.13 5.51 4.85 6.28 6.33 7.95 5.42 7.07 5.34 7.06 6.20 7.08 6.10 2.70 3.02 3.43 2.78 6.24 6.30 5.70 4.11 6.16 3.08 5.88 7.42 7.84 4.73 1.07 8.03 6.14 
8.75 4.35 3.46 3.32 2.08 1.13 0.70 2.13 6.56 3.24 4.72 5.65 6.34 7.61 1.39 6.20 4.61 1.60 7.01 0.97 6.37 3.36 3.88 6.62 2.59 1.82 6.18 2.94 3.95 6.02 8.70 8.27 8.01 7.02 5.58 3.67 7.93 8.17 3.46 1.14 3.95 4.41 4.20 8.20 7.63 6.58 8.37 1.90 7.80 7.60 8.39 1.91 3.40 8.58 7.89 
5.71 10.33 5.60 6.34 9.99 7.15 8.70 6.67 2.87 10.39 7.60 7.39 2.28 3.60 7.45 7.52 7.14 6.75 6.18 7.33 11.72 6.08 4.95 1.82 10.20 6.92 4.94 10.69 10.16 7.01 5.66 3.02 4.82 2.64 9.37 10.42 5.03 1.40 5.27 7.77 5.31 4.06 9.69 2.01 1.86 1.74 0.93 7.23 1.89 6.60 6.04 10.17 6.29 6.14 2.43 
8.10 9.47 4.99 3.18 8.12 5.12 6.25 4.02 0.84 8.97 7.64 7.92 1.61 5.94 5.84 8.28 7.21 4.96 7.63 5.16 11.28 2.99 4.48 2.11 7.30 4.33 6.19 7.82 9.17 7.79 8.04 2.22 7.09 4.73 9.37 9.20 7.21 4.61 4.50 6.07 5.03 3.59 8.98 5.08 4.57 2.38 4.40 5.89 4.72 8.23 8.18 7.95 3.11 8.34 5.20 
6.70 7.65 3.09 2.69 6.60 3.61 5.02 2.92 2.01 7.30 5.74 6.04 1.64 4.70 4.16 6.42 5.31 3.33 5.93 3.73 9.41 2.42 2.57 1.97 6.45 3.18 4.51 6.95 7.38 5.95 6.64 3.76 5.70 3.59 7.46 7.47 5.78 4.08 2.60 4.43 3.13 1.73 7.13 4.36 3.77 2.01 4.09 4.13 3.94 6.56 6.68 6.60 2.66 6.85 4.28 
3.82 7.76 3.24 5.57 7.85 5.34 7.00 5.38 3.75 8.01 4.91 4.68 2.78 1.70 5.34 4.83 4.45 4.84 3.64 5.58 9.05 5.30 2.64 2.42 8.74 5.54 2.29 9.20 7.63 4.32 3.76 4.94 2.81 0.61 6.67 7.96 2.93 1.88 3.04 5.68 2.84 2.08 7.10 1.76 1.25 2.11 2.26 5.01 1.39 4.17 3.93 8.21 5.55 4.08 1.45 
3.65 6.09 1.89 5.37 6.45 4.33 5.97 4.80 4.80 6.45 3.21 3.07 3.89 2.29 4.07 3.31 2.76 3.79 2.58 4.61 7.35 5.12 1.51 3.70 7.82 4.87 1.18 8.23 5.98 2.80 3.59 6.27 2.76 2.04 4.99 6.34 2.74 3.55 1.92 4.40 1.40 1.70 5.42 3.30 2.88 3.42 3.96 3.65 3.00 3.21 3.47 6.95 5.37 3.66 2.85 
2.47 9.58 5.75 8.47 10.31 8.10 9.76 8.27 6.05 10.19 6.44 5.78 5.15 1.59 7.94 5.64 6.07 7.58 3.89 8.36 10.42 8.20 5.28 4.66 11.57 8.42 3.44 12.00 9.56 5.23 2.45 6.64 2.01 2.30 7.92 10.01 2.25 2.29 5.70 8.27 5.27 4.94 8.89 1.71 2.19 4.38 2.71 7.53 2.04 4.00 3.01 10.82 8.45 3.03 1.59 
8.37 6.60 3.35 0.85 4.73 1.90 2.75 0.53 4.07 5.78 5.76 6.43 4.07 6.67 2.84 6.93 5.46 2.02 7.08 1.83 8.57 0.75 3.30 4.46 3.96 0.85 5.85 4.47 6.24 6.57 8.31 5.71 7.44 5.74 7.17 6.12 7.45 6.51 2.99 2.96 3.72 3.17 6.25 6.71 6.12 4.51 6.57 3.13 6.29 7.73 8.18 4.47 0.90 8.37 6.55 
10.05 5.67 4.70 2.97 2.97 2.20 0.86 2.20 6.73 4.36 6.22 7.14 6.73 8.72 2.84 7.68 6.09 2.74 8.40 1.91 7.68 3.13 5.00 7.09 1.36 1.94 7.46 1.84 5.26 7.48 9.99 8.32 9.24 7.98 7.07 4.88 9.19 8.97 4.59 2.64 5.19 5.31 5.61 9.08 8.50 7.12 9.10 3.35 8.67 9.00 9.73 2.25 3.05 9.92 8.84 
9.20 2.24 4.69 5.97 0.74 3.44 2.92 4.75 8.93 0.71 4.35 5.35 8.54 8.67 2.80 5.84 4.51 3.63 7.21 3.44 4.12 5.99 5.31 8.73 3.95 4.45 6.89 3.96 1.84 5.88 9.16 10.67 8.69 8.41 4.27 1.29 8.54 9.79 4.95 2.52 5.10 6.14 2.49 9.67 9.17 8.62 10.10 2.97 9.32 7.66 8.70 1.73 6.04 8.87 9.26 
8.23 6.74 3.30 0.83 4.96 2.07 3.01 0.78 3.80 5.97 5.78 6.42 3.80 6.49 2.98 6.91 5.46 2.13 6.99 2.03 8.70 0.66 3.20 4.19 4.23 1.10 5.73 4.74 6.39 6.54 8.16 5.44 7.29 5.54 7.24 6.29 7.30 6.27 2.91 3.12 3.65 2.99 6.38 6.48 5.89 4.25 6.32 3.23 6.06 7.64 8.06 4.72 0.87 8.24 6.33 
8.46 9.46 5.10 2.88 7.98 5.01 6.04 3.82 1.29 8.90 7.78 8.10 2.04 6.32 5.78 8.48 7.35 4.89 7.92 5.02 11.31 2.71 4.63 2.54 7.00 4.14 6.48 7.52 9.15 8.01 8.40 2.51 7.45 5.12 9.47 9.15 7.56 5.05 4.61 5.99 5.19 3.79 9.00 5.51 4.99 2.81 4.85 5.87 5.15 8.53 8.52 7.75 2.80 8.69 5.61 
1.32 7.36 4.12 7.67 8.40 6.62 8.23 7.15 6.34 8.11 4.20 3.48 5.37 1.21 6.23 3.33 3.87 6.08 1.60 6.91 8.12 7.41 3.85 5.00 10.11 7.22 1.40 10.50 7.37 2.92 1.26 7.45 0.44 2.28 5.62 7.87 0.39 3.48 4.25 6.55 3.63 3.94 6.67 2.92 2.94 4.68 4.00 5.76 2.92 1.85 1.34 9.04 7.67 1.49 2.42 
4.26 4.21 4.36 8.44 6.41 6.21 7.34 7.42 8.93 5.50 1.94 1.22 8.05 5.12 5.35 0.86 2.17 5.79 2.45 6.48 4.29 8.26 4.71 7.88 9.14 7.31 3.42 9.36 4.41 1.38 4.24 10.44 4.33 5.75 1.96 5.04 4.09 7.24 4.82 5.51 4.15 5.53 3.62 6.78 6.60 7.59 7.74 4.85 6.65 2.45 3.63 7.33 8.48 3.73 6.26 
6.34 8.44 3.71 3.68 7.60 4.65 6.10 4.00 1.39 8.21 6.23 6.37 0.63 4.20 5.11 6.68 5.78 4.32 5.91 4.78 10.11 3.41 3.11 0.89 7.53 4.27 4.47 8.03 8.20 6.18 6.28 3.01 5.33 3.01 8.01 8.34 5.45 3.16 3.26 5.41 3.63 2.13 7.88 3.53 2.97 0.96 3.11 5.02 3.14 6.50 6.42 7.66 3.63 6.58 3.56 
9.16 6.19 3.89 1.52 3.93 1.69 1.76 0.78 5.22 5.15 5.96 6.75 5.25 7.61 2.65 7.28 5.72 2.09 7.69 1.45 8.21 1.64 4.02 5.63 2.79 0.65 6.58 3.29 5.81 6.99 9.09 6.82 8.28 6.76 7.14 5.57 8.25 7.62 3.64 2.63 4.34 4.11 5.97 7.79 7.20 5.68 7.71 3.08 7.37 8.33 8.91 3.49 1.60 9.10 7.59 
8.68 2.99 7.12 10.30 5.84 7.60 7.82 9.06 12.13 4.40 4.69 5.01 11.42 9.39 6.63 5.08 5.16 7.46 6.84 7.76 0.99 10.22 7.71 11.39 9.06 8.82 7.53 9.04 3.40 5.52 8.66 13.82 8.73 9.80 2.92 3.82 8.50 11.34 7.59 6.56 7.20 8.69 3.22 10.96 10.68 11.16 11.80 6.36 10.76 6.86 8.04 6.83 10.36 8.13 10.44 
7.44 7.34 3.14 1.72 5.95 2.94 4.19 2.01 2.61 6.79 5.81 6.27 2.52 5.53 3.66 6.70 5.42 2.78 6.46 3.01 9.20 1.44 2.80 2.91 5.51 2.30 5.09 6.02 7.03 6.27 7.38 4.32 6.46 4.48 7.44 7.03 6.51 5.06 2.67 3.89 3.34 2.22 6.88 5.32 4.73 2.98 5.08 3.74 4.90 7.10 7.35 5.84 1.69 7.53 5.22 
4.58 7.03 2.32 4.53 6.84 4.24 5.89 4.26 3.39 7.12 4.44 4.44 2.48 2.66 4.31 4.71 3.98 3.76 3.91 4.48 8.49 4.26 1.67 2.32 7.62 4.42 2.47 8.08 6.86 4.20 4.52 4.87 3.59 1.72 6.23 7.13 3.65 2.84 2.03 4.64 2.02 0.96 6.40 2.84 2.28 2.06 3.12 4.02 2.45 4.52 4.56 7.16 4.51 4.73 2.57 
9.14 1.09 5.54 7.65 2.60 5.00 4.76 6.41 10.25 1.18 4.21 5.08 9.74 9.05 4.16 5.46 4.53 5.04 7.10 5.06 2.36 7.63 6.19 9.85 5.78 6.12 7.15 5.73 1.04 5.66 9.10 12.01 8.81 9.04 3.36 0.78 8.63 10.52 5.92 3.96 5.84 7.14 1.75 10.30 9.87 9.69 10.89 4.12 10.00 7.42 8.56 3.54 7.72 8.71 9.84 
8.54 2.61 6.79 9.92 5.47 7.23 7.44 8.69 11.80 4.03 4.41 4.79 11.10 9.17 6.25 4.88 4.87 7.09 6.66 7.38 0.62 9.85 7.39 11.08 8.69 8.44 7.30 8.68 3.02 5.31 8.52 13.50 8.55 9.55 2.66 3.45 8.32 11.09 7.26 6.18 6.88 8.37 2.84 10.71 10.42 10.85 11.54 6.00 10.51 6.72 7.90 6.46 9.99 8.00 10.20 
7.96 1.75 5.85 8.97 4.67 6.28 6.56 7.74 10.86 3.26 3.56 4.05 10.17 8.42 5.30 4.23 4.01 6.13 6.01 6.44 0.60 8.89 6.46 10.16 7.89 7.50 6.52 7.91 2.16 4.61 7.93 12.56 7.88 8.73 1.91 2.67 7.66 10.27 6.32 5.24 5.97 7.45 1.89 9.92 9.60 9.95 10.71 5.04 9.69 6.14 7.33 5.68 9.04 7.45 9.41 
8.66 2.34 4.01 5.39 0.81 2.80 2.52 4.16 8.25 1.13 3.89 4.90 7.85 8.03 2.11 5.41 4.00 2.95 6.69 2.83 4.34 5.39 4.62 8.03 3.84 3.86 6.28 3.94 1.93 5.41 8.61 10.00 8.10 7.74 4.08 1.56 7.96 9.11 4.26 1.84 4.43 5.45 2.39 8.99 8.49 7.92 9.41 2.27 8.64 7.17 8.17 1.76 5.47 8.35 8.60 
7.83 9.12 4.63 2.99 7.82 4.81 5.98 3.76 0.89 8.65 7.29 7.57 1.45 5.69 5.51 7.93 6.86 4.63 7.31 4.86 10.93 2.78 4.12 1.95 7.11 4.07 5.87 7.62 8.83 7.45 7.77 2.47 6.82 4.49 9.01 8.87 6.93 4.46 4.14 5.75 4.68 3.24 8.63 4.90 4.37 2.20 4.29 5.55 4.53 7.92 7.89 7.67 2.93 8.05 4.99 
9.86 6.10 4.53 2.30 3.54 2.10 1.31 1.67 6.10 4.89 6.32 7.19 6.15 8.41 2.92 7.73 6.15 2.60 8.30 1.81 8.12 2.47 4.75 6.53 1.89 1.46 7.27 2.40 5.70 7.48 9.80 7.66 9.01 7.60 7.32 5.37 8.98 8.51 4.35 2.79 5.00 4.94 5.97 8.66 8.07 6.58 8.61 3.41 8.24 8.92 9.57 2.91 2.37 9.77 8.44 
4.57 3.69 2.16 6.20 4.90 4.05 5.34 5.20 6.98 4.42 0.65 1.06 6.18 4.37 3.27 1.60 0.19 3.60 2.58 4.34 4.79 6.02 2.59 6.10 7.21 5.10 2.46 7.50 3.67 1.38 4.53 8.60 4.13 4.53 2.44 4.16 3.96 6.07 2.64 3.49 2.03 3.51 3.00 5.75 5.40 5.85 6.51 2.75 5.50 3.08 4.07 5.68 6.24 4.24 5.26 
8.05 1.44 5.71 8.73 4.35 6.03 6.27 7.49 10.70 2.93 3.52 4.09 10.03 8.43 5.06 4.30 3.96 5.90 6.08 6.18 0.69 8.66 6.33 10.04 7.57 7.25 6.52 7.59 1.85 4.66 8.02 12.42 7.93 8.69 1.97 2.34 7.72 10.23 6.17 4.99 5.85 7.32 1.65 9.89 9.56 9.83 10.66 4.82 9.66 6.24 7.43 5.36 8.80 7.56 9.40 
7.44 0.88 4.74 7.80 3.73 5.11 5.47 6.56 9.73 2.43 2.69 3.39 9.07 7.63 4.13 3.70 3.10 4.95 5.43 5.27 1.66 7.71 5.37 9.09 6.90 6.33 5.72 6.97 1.23 3.98 7.41 11.45 7.23 7.82 1.48 1.86 7.02 9.35 5.20 4.07 4.90 6.35 0.73 9.04 8.68 8.88 9.77 3.86 8.79 5.67 6.84 4.75 7.86 6.98 8.55 
5.90 2.21 3.74 7.37 4.44 4.84 5.66 6.21 8.73 3.46 1.25 1.84 7.98 6.13 3.87 2.17 1.70 4.53 3.88 5.07 2.91 7.24 4.30 7.94 7.35 6.04 4.22 7.52 2.37 2.43 5.86 10.40 5.68 6.41 0.65 3.00 5.48 7.95 4.23 3.95 3.77 5.27 1.59 7.60 7.28 7.71 8.39 3.45 7.37 4.14 5.30 5.41 7.43 5.44 7.10 
0.14 8.20 5.47 9.09 9.56 7.97 9.56 8.56 7.60 9.12 5.09 4.20 6.63 2.25 7.52 3.89 4.85 7.44 2.17 8.26 8.66 8.83 5.25 6.22 11.45 8.62 2.72 11.82 8.27 3.61 0.19 8.56 1.08 3.46 6.22 8.82 1.03 4.32 5.64 7.82 4.99 5.36 7.52 3.71 3.92 5.90 4.83 7.03 3.85 1.95 0.76 10.26 9.09 0.68 3.30 
4.65 4.52 0.93 5.06 4.94 3.27 4.79 4.17 5.66 4.85 1.93 2.25 4.88 3.80 2.74 2.71 1.48 2.75 2.95 3.57 5.92 4.85 1.26 4.83 6.69 4.14 2.11 7.05 4.39 2.31 4.59 7.30 3.95 3.64 3.71 4.74 3.85 5.12 1.36 3.05 0.70 2.18 3.86 4.90 4.47 4.60 5.51 2.26 4.59 3.57 4.28 5.53 5.09 4.47 4.45 
7.10 7.62 3.20 2.25 6.40 3.39 4.72 2.57 2.14 7.17 5.88 6.25 1.96 5.13 4.03 6.65 5.46 3.17 6.26 3.49 9.43 1.98 2.76 2.34 6.08 2.85 4.86 6.58 7.33 6.20 7.04 3.88 6.11 4.03 7.57 7.38 6.17 4.52 2.71 4.28 3.32 2.01 7.13 4.81 4.22 2.41 4.52 4.05 4.39 6.90 7.06 6.35 2.21 7.24 4.73 
