9.30 1.53 5.95 1.87 9.61 8.24 3.43 3.99 6.33 8.13 6.76 0.88 4.81 5.16 8.05 2.11 5.90 0.29 5.52 1.02 7.83 7.58 10.24 8.18 1.75 4.35 4.51 6.36 1.15 8.00 2.76 9.03 9.69 3.01 3.24 2.03 6.82 2.07 7.99 9.07 5.62 10.50 10.77 7.39 9.83 6.75 2.98 6.60 2.50 10.09 1.62 5.55 2.30 7.70 8.05 7.93 3.54 5.23 5.38 8.52 
8.03 2.14 7.56 1.81 7.42 9.58 2.01 1.34 7.31 5.58 3.25 4.29 5.75 1.55 9.14 1.93 6.66 3.65 1.86 4.68 7.15 8.92 9.46 6.15 1.98 5.61 1.50 3.95 4.15 5.93 5.35 9.63 8.28 1.23 1.93 1.64 7.49 4.33 8.88 6.54 3.75 8.55 9.77 4.88 7.53 4.52 0.87 2.94 4.81 7.78 4.62 6.21 3.64 4.26 4.67 8.83 3.81 5.65 6.10 5.79 
8.52 1.43 7.38 1.14 8.09 9.49 2.20 1.90 7.27 6.31 4.11 3.47 5.67 2.27 9.10 1.52 6.65 2.85 2.66 3.91 7.49 8.83 9.86 6.78 1.16 5.44 2.22 4.62 3.53 6.56 4.87 9.72 8.80 1.27 2.05 0.95 7.52 3.87 8.89 7.27 4.27 9.19 10.22 5.59 8.22 5.15 0.15 3.77 4.36 8.48 4.02 6.21 3.30 5.11 5.52 8.84 3.76 5.68 6.08 6.56 
4.66 8.93 3.43 8.93 7.03 1.90 7.58 8.39 2.65 7.61 9.93 9.67 4.19 10.63 1.39 8.29 3.11 9.26 10.43 9.04 3.48 2.08 3.67 6.37 9.41 4.62 8.60 7.27 7.90 6.47 6.55 0.05 5.09 8.45 7.68 9.06 2.18 6.92 1.09 7.76 6.58 6.71 4.43 7.44 7.39 6.89 9.82 10.77 6.55 7.50 7.59 3.51 6.82 10.05 9.94 1.16 5.93 3.99 3.66 8.14 
2.50 10.86 8.64 10.66 3.09 8.16 8.70 8.87 7.39 5.00 8.40 12.62 7.86 10.32 7.51 10.03 7.18 11.98 9.84 12.33 4.24 8.08 2.67 4.04 11.18 8.40 8.68 6.25 11.07 4.28 10.46 6.33 2.07 9.56 8.90 10.68 6.73 10.20 7.00 4.30 6.48 1.85 1.93 5.51 3.22 5.67 10.85 9.49 10.13 3.07 11.05 7.20 9.55 7.85 7.47 7.05 8.26 7.11 7.35 5.15 
6.30 6.36 9.37 6.02 4.45 10.69 4.65 3.87 8.54 2.65 1.28 8.60 7.49 3.63 10.06 5.76 7.87 7.91 3.05 8.82 6.49 10.15 8.05 3.92 6.35 7.68 3.35 2.68 7.94 3.72 8.56 9.91 6.26 4.84 4.80 5.90 8.34 7.66 9.62 3.25 3.60 5.70 8.00 2.49 4.35 2.99 5.33 2.21 7.99 4.54 8.28 7.49 6.77 0.32 0.20 9.60 6.03 6.92 7.48 2.39 
1.36 7.46 6.36 7.25 1.75 6.76 5.29 5.48 5.17 2.36 5.49 9.28 5.05 7.11 6.07 6.63 4.71 8.62 6.68 9.05 2.00 6.41 3.10 1.05 7.77 5.54 5.34 2.99 7.81 1.24 7.42 5.45 1.49 6.15 5.49 7.27 4.65 7.01 5.55 2.34 3.07 2.16 3.14 2.52 2.11 2.41 7.45 6.53 7.02 2.29 7.85 4.55 6.28 5.21 4.97 5.56 5.00 4.26 4.66 2.82 
3.81 9.77 4.87 9.72 6.26 3.47 8.15 8.84 3.88 7.21 9.95 10.77 5.23 10.98 2.97 9.06 4.15 10.30 10.71 10.20 3.23 3.64 2.40 5.91 10.23 5.72 8.96 7.25 9.00 6.06 7.78 1.55 4.15 9.06 8.28 9.83 3.26 8.01 2.60 7.17 6.74 5.70 3.09 7.20 6.60 6.78 10.47 10.88 7.71 6.67 8.75 4.47 7.77 9.90 9.73 2.66 6.72 4.82 4.64 7.70 
8.11 0.80 5.52 1.01 8.32 7.75 2.13 2.77 5.65 6.82 5.60 2.17 4.05 4.28 7.45 0.89 5.12 1.48 4.55 2.20 6.72 7.08 9.14 6.89 1.29 3.69 3.30 5.05 1.43 6.71 2.74 8.28 8.48 1.82 1.94 1.20 6.05 1.76 7.32 7.76 4.32 9.23 9.64 6.09 8.53 5.44 2.27 5.57 2.27 8.79 1.90 4.73 1.43 6.51 6.83 7.26 2.46 4.31 4.57 7.22 
0.82 7.76 5.58 7.60 2.80 5.69 5.70 6.09 4.34 3.57 6.52 9.38 4.58 7.94 5.00 6.94 4.00 8.76 7.56 9.05 1.02 5.40 2.08 2.26 8.13 5.11 6.04 3.90 7.78 2.42 7.15 4.26 1.29 6.61 5.89 7.65 3.75 6.89 4.47 3.55 3.70 2.73 2.36 3.63 3.16 3.34 7.99 7.53 6.81 3.29 7.74 3.95 6.28 6.35 6.13 4.49 4.99 3.80 4.09 4.04 
5.81 9.36 3.36 9.41 8.17 1.21 8.23 9.11 2.98 8.68 10.84 9.85 4.59 11.37 1.18 8.79 3.59 9.52 11.22 9.16 4.57 1.73 4.78 7.47 9.86 4.93 9.36 8.23 8.11 7.56 6.63 1.15 6.24 9.05 8.31 9.55 2.75 7.15 1.36 8.87 7.47 7.86 5.52 8.47 8.53 7.88 10.39 11.63 6.74 8.65 7.74 4.03 7.19 11.02 10.94 1.40 6.47 4.59 4.15 9.22 
6.55 5.80 0.57 5.92 8.19 2.86 5.28 6.29 1.57 7.77 8.71 5.96 1.69 8.52 2.77 5.39 1.78 5.68 8.53 5.25 4.76 2.22 6.57 6.95 6.29 1.57 6.70 6.57 4.25 6.92 2.72 4.01 7.04 5.91 5.28 6.09 2.26 3.36 2.88 8.36 5.59 8.47 7.30 7.26 8.53 6.49 7.06 9.23 2.89 8.74 3.85 1.92 3.63 9.22 9.31 2.81 3.42 2.36 1.85 8.33 
3.97 5.37 2.86 5.32 5.35 4.08 3.83 4.65 1.88 4.96 6.45 6.57 1.42 6.90 3.50 4.66 1.23 6.03 6.74 6.11 2.24 3.50 4.54 4.10 5.83 1.95 4.88 3.98 4.85 4.07 4.02 3.80 4.45 4.72 3.94 5.43 1.75 3.90 3.14 5.51 3.09 5.74 5.14 4.51 5.69 3.79 6.11 7.18 3.73 5.90 4.73 0.94 3.46 6.76 6.77 3.10 2.32 0.64 1.02 5.53 
3.82 9.66 4.73 9.62 6.28 3.35 8.06 8.76 3.75 7.19 9.90 10.65 5.10 10.90 2.83 8.95 4.03 10.18 10.64 10.08 3.19 3.51 2.46 5.89 10.12 5.60 8.88 7.20 8.88 6.04 7.65 1.42 4.18 8.97 8.19 9.73 3.13 7.89 2.46 7.17 6.67 5.74 3.17 7.17 6.62 6.73 10.38 10.83 7.58 6.69 8.63 4.35 7.65 9.87 9.70 2.53 6.61 4.71 4.52 7.68 
6.36 9.01 2.79 9.08 8.64 0.50 8.05 8.98 2.74 8.98 10.91 9.32 4.30 11.26 0.97 8.49 3.41 9.03 11.15 8.60 4.96 1.16 5.48 7.82 9.51 4.56 9.28 8.36 7.61 7.89 6.07 1.83 6.82 8.84 8.11 9.24 2.72 6.68 1.44 9.26 7.54 8.43 6.24 8.70 9.01 8.06 10.12 11.64 6.24 9.14 7.21 3.85 6.82 11.17 11.12 1.44 6.23 4.44 3.95 9.53 
5.14 4.98 1.93 5.00 6.53 3.70 3.90 4.85 1.44 6.00 7.06 5.81 0.27 7.13 3.28 4.38 0.85 5.34 7.06 5.26 3.37 3.05 5.53 5.24 5.47 0.82 5.20 4.82 4.04 5.19 2.96 4.01 5.62 4.67 3.95 5.15 1.78 3.05 3.08 6.62 3.85 6.93 6.19 5.49 6.86 4.73 5.98 7.66 2.78 7.08 3.82 0.50 2.86 7.51 7.58 3.02 2.07 0.60 0.32 6.57 
9.12 6.29 11.04 5.96 7.40 12.73 5.50 4.48 10.46 5.56 2.32 8.34 9.12 2.63 12.16 6.03 9.77 7.75 2.33 8.81 9.04 12.12 10.85 6.76 6.06 9.15 4.03 5.02 8.30 6.54 9.38 12.26 9.14 5.16 5.55 5.78 10.42 8.37 11.78 6.21 5.64 8.65 10.87 5.24 7.31 5.51 4.83 1.50 8.81 7.49 8.75 9.34 7.58 2.65 3.04 11.75 7.31 8.74 9.28 5.34 
6.87 4.65 1.75 4.80 8.20 4.04 4.38 5.41 2.39 7.50 8.00 4.79 1.50 7.57 3.90 4.31 2.25 4.50 7.63 4.10 5.10 3.39 7.17 6.86 5.15 1.03 5.85 6.11 3.07 6.79 1.57 5.04 7.35 4.91 4.35 4.97 3.02 2.17 3.93 8.20 5.11 8.65 7.86 6.91 8.52 6.14 5.98 8.41 1.71 8.75 2.68 2.14 2.53 8.61 8.75 3.86 2.60 2.29 1.99 8.05 
4.13 7.98 2.88 7.97 6.37 2.13 6.58 7.39 1.86 6.77 8.96 8.82 3.29 9.63 1.44 7.32 2.20 8.38 9.43 8.22 2.70 1.97 3.50 5.58 8.46 3.76 7.60 6.32 7.04 5.66 5.77 1.05 4.60 7.45 6.68 8.09 1.28 6.05 0.91 7.00 5.60 6.20 4.27 6.55 6.74 5.96 8.83 9.79 5.73 6.87 6.77 2.57 5.89 9.11 9.03 0.95 4.96 3.02 2.73 7.32 
4.34 9.05 3.75 9.03 6.73 2.32 7.61 8.40 2.87 7.39 9.82 9.87 4.35 10.61 1.79 8.38 3.26 9.44 10.39 9.26 3.26 2.46 3.28 6.14 9.53 4.81 8.58 7.14 8.10 6.25 6.79 0.39 4.75 8.50 7.72 9.16 2.34 7.11 1.43 7.50 6.49 6.36 4.03 7.26 7.09 6.73 9.88 10.69 6.77 7.19 7.81 3.64 6.96 9.90 9.78 1.50 6.02 4.08 3.80 7.92 
3.06 5.64 4.00 5.52 4.20 4.96 3.75 4.37 2.93 3.85 5.70 7.15 2.53 6.50 4.32 4.85 2.34 6.54 6.25 6.80 1.57 4.46 3.99 2.94 6.05 3.00 4.48 3.08 5.53 2.91 4.94 4.27 3.50 4.68 3.91 5.59 2.62 4.64 3.88 4.36 2.34 4.66 4.48 3.46 4.53 2.78 6.09 6.53 4.58 4.75 5.49 2.09 4.03 5.88 5.83 3.86 2.76 1.73 2.17 4.42 
8.29 5.07 9.78 4.73 6.83 11.52 4.21 3.19 9.24 4.90 1.49 7.18 7.86 1.49 10.97 4.76 8.55 6.56 1.07 7.61 8.02 10.90 9.98 5.98 4.87 7.88 2.75 4.03 7.04 5.76 8.09 11.13 8.37 3.88 4.26 4.56 9.23 7.09 10.61 5.68 4.53 8.08 10.07 4.45 6.79 4.57 3.66 0.41 7.52 7.01 7.49 8.11 6.29 2.27 2.74 10.58 6.04 7.51 8.05 4.81 
3.71 5.43 3.16 5.35 5.04 4.30 3.78 4.55 2.15 4.66 6.24 6.71 1.71 6.78 3.70 4.69 1.52 6.15 6.60 6.29 2.02 3.74 4.36 3.79 5.87 2.22 4.76 3.73 5.02 3.76 4.25 3.89 4.18 4.68 3.90 5.45 1.95 4.08 3.31 5.21 2.87 5.44 4.95 4.23 5.38 3.51 6.09 7.00 3.95 5.60 4.92 1.24 3.59 6.52 6.52 3.28 2.40 0.92 1.32 5.23 
8.81 4.58 9.75 4.26 7.50 11.60 4.09 3.09 9.31 5.55 2.20 6.59 7.86 0.93 11.08 4.39 8.62 6.01 0.88 7.08 8.39 10.96 10.45 6.55 4.32 7.81 2.75 4.48 6.63 6.32 7.80 11.35 8.92 3.59 4.10 4.08 9.36 6.79 10.75 6.38 4.83 8.74 10.59 5.04 7.49 5.06 3.09 1.18 7.25 7.71 7.10 8.18 6.04 3.07 3.55 10.71 5.96 7.59 8.10 5.52 
6.44 5.23 8.67 4.89 4.95 10.17 3.61 2.77 7.95 3.01 0.42 7.47 6.76 2.60 9.58 4.65 7.26 6.78 2.03 7.71 6.31 9.60 8.14 4.10 5.21 6.89 2.23 2.29 6.87 3.88 7.58 9.58 6.49 3.72 3.75 4.76 7.83 6.65 9.17 3.83 3.01 6.20 8.20 2.57 4.93 2.78 4.19 1.49 7.00 5.15 7.23 6.86 5.77 0.98 1.35 9.15 5.15 6.27 6.82 2.96 
6.09 7.89 1.68 7.97 8.21 0.62 7.01 7.96 1.73 8.33 10.01 8.21 3.23 10.24 0.71 7.39 2.42 7.91 10.15 7.50 4.50 0.07 5.52 7.25 8.39 3.45 8.28 7.54 6.48 7.29 4.96 2.15 6.57 7.77 7.06 8.13 1.91 5.56 1.14 8.70 6.67 8.16 6.29 7.98 8.58 7.30 9.03 10.69 5.12 8.73 6.09 2.85 5.71 10.34 10.33 1.09 5.17 3.45 2.93 8.89 
4.38 4.22 5.35 4.00 4.33 6.81 2.04 2.37 4.58 3.03 3.72 6.15 3.47 4.40 6.23 3.39 3.89 5.47 4.14 6.03 3.47 6.23 5.76 2.90 4.53 3.69 2.40 1.46 4.86 2.72 4.93 6.36 4.67 2.92 2.24 4.02 4.48 4.23 5.84 3.89 0.46 5.26 6.08 2.34 4.56 1.59 4.27 4.47 4.41 4.82 5.02 3.49 3.38 4.09 4.16 5.81 2.27 2.91 3.47 3.52 
5.53 7.21 1.27 7.27 7.55 1.37 6.23 7.17 0.93 7.57 9.21 7.67 2.48 9.45 1.01 6.67 1.62 7.33 9.36 7.00 3.86 0.74 5.16 6.53 7.71 2.76 7.49 6.75 5.92 6.56 4.47 2.21 6.02 7.01 6.29 7.42 1.17 4.96 1.07 7.98 5.86 7.58 5.92 7.21 7.91 6.51 8.30 9.89 4.55 8.08 5.56 2.05 5.03 9.54 9.53 1.00 4.41 2.65 2.14 8.14 
3.02 6.94 7.36 6.67 1.58 8.14 4.75 4.62 6.27 0.66 3.95 8.99 5.75 5.84 7.46 6.13 5.70 8.30 5.35 8.91 3.50 7.71 4.78 0.65 7.16 6.13 4.33 1.89 7.75 0.51 7.72 7.01 2.99 5.46 4.95 6.65 5.88 7.10 6.96 1.05 2.51 2.75 4.72 1.01 1.73 1.39 6.60 5.02 7.23 1.99 7.90 5.44 6.26 3.55 3.27 6.96 5.08 4.99 5.50 1.16 
7.05 4.51 8.59 4.16 5.77 10.26 3.18 2.21 7.99 3.82 0.77 6.73 6.67 1.67 9.70 4.02 7.30 6.06 1.12 7.03 6.72 9.65 8.71 4.79 4.43 6.72 1.70 2.75 6.29 4.56 7.16 9.83 7.16 3.09 3.28 4.02 7.95 6.19 9.32 4.68 3.22 7.00 8.83 3.28 5.77 3.31 3.34 0.98 6.58 6.01 6.69 6.87 5.33 1.78 2.22 9.29 4.91 6.27 6.81 3.83 
1.32 9.16 5.98 9.02 3.74 5.46 7.18 7.62 4.74 4.97 8.07 10.64 5.44 9.51 4.80 8.36 4.62 10.05 9.14 10.23 1.96 5.35 0.50 3.67 9.56 5.99 7.60 5.46 8.96 3.86 8.12 3.69 1.58 8.10 7.35 9.09 4.06 8.02 4.28 4.75 5.25 3.11 1.02 5.13 4.06 4.91 9.49 9.09 7.87 4.10 8.86 4.71 7.51 7.83 7.58 4.32 6.26 4.75 4.88 5.38 
9.82 2.62 5.72 2.96 10.35 8.00 4.34 5.01 6.31 8.98 7.82 0.94 4.92 6.26 7.90 3.11 5.97 1.20 6.62 0.13 8.24 7.37 10.59 8.91 2.85 4.40 5.53 7.23 1.23 8.75 2.44 9.00 10.23 4.04 4.16 3.13 6.87 2.17 7.92 9.89 6.41 11.17 11.18 8.25 10.59 7.57 4.08 7.69 2.42 10.85 1.37 5.69 2.75 8.74 9.07 7.85 4.05 5.47 5.51 9.40 
5.68 9.97 4.10 10.00 8.10 2.00 8.72 9.57 3.60 8.78 11.14 10.55 5.20 11.81 1.89 9.37 4.15 10.20 11.63 9.88 4.66 2.49 4.45 7.53 10.47 5.58 9.79 8.49 8.80 7.64 7.35 1.18 6.08 9.58 8.82 10.14 3.26 7.83 1.93 8.89 7.79 7.67 5.16 8.64 8.46 8.09 10.94 11.98 7.43 8.55 8.45 4.58 7.82 11.26 11.15 1.99 7.03 5.10 4.72 9.31 
1.19 7.30 5.57 7.12 2.59 5.90 5.21 5.56 4.35 3.10 5.98 8.99 4.39 7.39 5.20 6.48 3.94 8.35 7.01 8.69 1.13 5.55 2.63 1.81 7.66 4.90 5.50 3.34 7.42 1.94 6.88 4.59 1.58 6.11 5.40 7.16 3.81 6.56 4.68 3.19 3.16 2.77 2.88 3.11 2.95 2.80 7.47 6.98 6.52 3.12 7.41 3.82 5.91 5.82 5.62 4.69 4.61 3.60 3.95 3.60 
5.75 6.33 8.97 5.99 3.94 10.23 4.49 3.79 8.10 2.11 1.55 8.57 7.11 3.87 9.59 5.68 7.44 7.86 3.30 8.74 5.97 9.70 7.51 3.37 6.36 7.33 3.29 2.25 7.80 3.18 8.32 9.40 5.72 4.78 4.65 5.89 7.88 7.46 9.14 2.75 3.21 5.19 7.46 1.96 3.85 2.50 5.41 2.59 7.76 4.05 8.11 7.07 6.56 0.83 0.57 9.13 5.74 6.51 7.07 1.88 
3.07 9.22 4.75 9.16 5.52 3.72 7.52 8.17 3.65 6.44 9.20 10.34 4.83 10.28 3.12 8.49 3.80 9.84 9.99 9.81 2.48 3.75 1.83 5.14 9.67 5.35 8.27 6.50 8.59 5.28 7.46 1.83 3.44 8.44 7.66 9.26 2.98 7.60 2.66 6.41 6.02 5.02 2.58 6.43 5.87 6.02 9.85 10.14 7.33 5.94 8.38 4.06 7.29 9.14 8.96 2.71 6.18 4.34 4.24 6.92 
5.55 4.17 7.05 3.85 4.67 8.61 2.20 1.65 6.36 2.83 1.93 6.38 5.14 2.88 8.04 3.45 5.68 5.67 2.50 6.49 5.06 8.02 7.14 3.46 4.29 5.26 1.26 1.25 5.51 3.23 6.05 8.14 5.72 2.61 2.37 3.78 6.29 5.17 7.65 3.79 1.53 5.83 7.33 2.12 4.77 1.84 3.55 2.67 5.49 5.03 5.82 5.26 4.28 2.48 2.68 7.62 3.55 4.66 5.22 3.09 
6.72 1.78 5.13 1.65 6.87 7.19 0.84 1.78 4.95 5.41 4.60 3.62 3.36 3.85 6.79 0.99 4.33 2.93 3.94 3.56 5.44 6.52 7.86 5.44 2.18 3.18 2.29 3.65 2.50 5.26 3.17 7.41 7.08 1.21 0.71 1.75 5.20 2.21 6.57 6.33 2.87 7.79 8.31 4.67 7.08 4.01 2.47 4.81 2.60 7.35 2.80 3.89 1.35 5.40 5.67 6.52 1.44 3.37 3.76 5.82 
5.81 2.91 5.80 2.65 5.58 7.60 0.72 1.01 5.30 3.98 3.31 5.00 3.89 3.25 7.09 2.11 4.62 4.30 3.13 5.02 4.84 6.96 7.17 4.18 3.16 3.91 1.25 2.21 3.98 3.98 4.50 7.43 6.10 1.49 0.92 2.64 5.37 3.61 6.77 4.93 1.60 6.59 7.52 3.24 5.76 2.64 2.83 3.75 3.93 6.02 4.27 4.18 2.71 4.01 4.24 6.73 2.09 3.59 4.10 4.37 
8.50 3.40 8.76 3.07 7.51 10.70 3.11 2.17 8.41 5.57 2.59 5.43 6.90 0.29 10.22 3.23 7.74 4.83 0.84 5.90 7.85 10.05 10.05 6.39 3.14 6.81 1.99 4.20 5.45 6.16 6.66 10.60 8.67 2.48 3.08 2.89 8.53 5.64 9.92 6.48 4.30 8.71 10.27 4.95 7.55 4.79 1.91 1.92 6.11 7.79 5.92 7.30 4.92 3.60 4.06 9.88 4.97 6.71 7.20 5.66 
5.07 8.73 3.00 8.75 7.39 1.37 7.49 8.35 2.36 7.85 10.02 9.36 3.96 10.60 0.87 8.12 2.90 8.98 10.43 8.71 3.76 1.56 4.17 6.65 9.22 4.35 8.59 7.40 7.59 6.73 6.19 0.57 5.51 8.34 7.58 8.89 2.02 6.62 0.70 8.06 6.65 7.13 4.93 7.64 7.75 7.04 9.69 10.82 6.24 7.87 7.26 3.33 6.58 10.19 10.11 0.76 5.78 3.86 3.47 8.39 
5.95 5.39 8.44 5.06 4.46 9.86 3.62 2.87 7.66 2.52 0.91 7.63 6.54 3.03 9.25 4.76 6.98 6.94 2.47 7.82 5.88 9.30 7.67 3.61 5.42 6.70 2.36 1.89 6.92 3.39 7.53 9.20 6.00 3.85 3.77 4.95 7.51 6.63 8.83 3.34 2.70 5.70 7.71 2.08 4.44 2.34 4.47 1.98 6.96 4.67 7.26 6.59 5.74 1.01 1.21 8.81 5.02 6.01 6.57 2.48 
5.11 8.60 2.85 8.63 7.41 1.26 7.38 8.25 2.23 7.83 9.96 9.21 3.83 10.51 0.73 8.00 2.78 8.84 10.35 8.56 3.76 1.41 4.26 6.64 9.09 4.21 8.50 7.34 7.45 6.72 6.04 0.71 5.56 8.23 7.47 8.77 1.91 6.48 0.56 8.06 6.58 7.17 5.02 7.60 7.77 7.00 9.57 10.75 6.09 7.90 7.12 3.21 6.45 10.14 10.07 0.62 5.66 3.75 3.35 8.38 
4.99 4.70 7.02 4.40 4.05 8.44 2.63 2.23 6.23 2.22 2.13 6.88 5.13 3.46 7.83 3.95 5.55 6.17 3.03 6.94 4.63 7.87 6.62 2.85 4.85 5.32 1.88 0.66 5.91 2.62 6.31 7.83 5.14 3.16 2.82 4.34 6.09 5.49 7.42 3.18 1.27 5.21 6.77 1.50 4.15 1.25 4.17 3.03 5.76 4.41 6.18 5.16 4.59 2.42 2.51 7.40 3.71 4.58 5.14 2.51 
2.22 9.13 8.29 8.89 0.78 8.45 6.93 6.91 7.06 2.72 6.11 11.09 7.04 8.14 7.75 8.31 6.65 10.41 7.63 10.92 3.77 8.17 3.68 2.06 9.40 7.53 6.65 4.20 9.70 2.26 9.40 6.89 1.82 7.71 7.14 8.88 6.50 8.93 7.22 1.96 4.65 0.49 3.27 3.32 0.89 3.65 8.90 7.20 8.97 0.79 9.77 6.52 8.17 5.52 5.14 7.24 6.91 6.25 6.64 2.82 
6.43 5.11 8.58 4.77 4.98 10.10 3.50 2.65 7.87 3.04 0.45 7.35 6.66 2.52 9.50 4.53 7.18 6.66 1.96 7.59 6.27 9.52 8.13 4.10 5.09 6.79 2.12 2.25 6.75 3.88 7.46 9.52 6.49 3.61 3.63 4.65 7.76 6.54 9.10 3.87 2.94 6.23 8.19 2.57 4.97 2.75 4.08 1.48 6.89 5.20 7.11 6.77 5.65 1.09 1.46 9.08 5.04 6.18 6.74 3.01 
1.19 9.51 6.61 9.35 3.37 6.11 7.46 7.83 5.37 4.81 8.04 11.07 5.99 9.62 5.45 8.69 5.21 10.46 9.21 10.70 2.41 6.01 0.77 3.55 9.89 6.54 7.76 5.52 9.43 3.76 8.65 4.32 1.22 8.38 7.65 9.40 4.69 8.50 4.94 4.47 5.43 2.59 0.60 5.07 3.67 4.94 9.75 9.09 8.37 3.68 9.35 5.28 7.95 7.72 7.44 4.98 6.68 5.28 5.44 5.17 
6.98 2.04 6.46 1.72 6.61 8.43 0.83 0.51 6.15 4.90 3.34 4.27 4.61 2.45 7.97 1.39 5.48 3.56 2.52 4.45 6.00 7.77 8.34 5.27 2.16 4.51 1.03 3.15 3.63 5.05 4.56 8.44 7.26 0.48 0.78 1.65 6.30 3.56 7.70 5.86 2.73 7.68 8.69 4.16 6.76 3.66 1.66 3.42 3.99 7.03 4.03 5.04 2.75 4.24 4.57 7.65 2.68 4.47 4.93 5.20 
2.24 9.01 8.25 8.77 0.64 8.44 6.81 6.78 7.03 2.59 5.98 10.98 6.98 8.00 7.75 8.19 6.61 10.29 7.49 10.81 3.75 8.16 3.74 1.94 9.27 7.46 6.52 4.07 9.60 2.14 9.31 6.91 1.86 7.59 7.02 8.76 6.47 8.84 7.22 1.83 4.53 0.62 3.36 3.18 0.76 3.52 8.77 7.06 8.88 0.70 9.68 6.47 8.07 5.38 5.00 7.24 6.81 6.18 6.58 2.69 
2.37 10.86 8.12 10.68 3.65 7.46 8.75 9.02 6.88 5.45 8.83 12.51 7.52 10.62 6.83 10.04 6.74 11.89 10.18 12.16 3.91 7.42 1.96 4.35 11.21 8.06 8.88 6.51 10.90 4.58 10.17 5.59 2.06 9.64 8.94 10.72 6.20 9.99 6.33 4.86 6.60 2.49 1.19 5.87 3.84 5.92 10.98 9.91 9.88 3.74 10.83 6.81 9.40 8.36 8.01 6.38 8.12 6.79 6.97 5.68 
3.37 5.77 3.33 5.68 4.80 4.26 4.06 4.79 2.23 4.55 6.33 7.08 2.03 6.99 3.64 5.01 1.66 6.51 6.78 6.66 1.65 3.75 4.00 3.60 6.21 2.55 4.96 3.75 5.39 3.59 4.61 3.70 3.84 4.97 4.19 5.78 1.92 4.45 3.21 5.04 2.96 5.14 4.58 4.17 5.14 3.48 6.38 7.13 4.31 5.35 5.29 1.47 3.96 6.56 6.53 3.19 2.75 1.25 1.58 5.12 
5.44 9.53 3.69 9.55 7.83 1.69 8.28 9.13 3.15 8.44 10.74 10.12 4.75 11.38 1.48 8.92 3.70 9.76 11.20 9.46 4.31 2.12 4.31 7.20 10.02 5.13 9.36 8.09 8.36 7.30 6.93 0.81 5.85 9.13 8.37 9.69 2.81 7.39 1.48 8.58 7.38 7.46 5.05 8.27 8.19 7.71 10.49 11.56 7.00 8.29 8.02 4.13 7.38 10.87 10.77 1.54 6.58 4.66 4.27 8.97 
8.22 1.32 7.09 1.00 7.84 9.20 1.89 1.65 6.96 6.08 4.03 3.47 5.37 2.34 8.80 1.26 6.34 2.82 2.68 3.86 7.18 8.53 9.55 6.51 1.16 5.15 2.02 4.37 3.37 6.30 4.66 9.41 8.51 0.96 1.74 0.82 7.21 3.65 8.58 7.05 3.98 8.93 9.92 5.35 7.98 4.90 0.46 3.77 4.14 8.24 3.86 5.90 3.04 5.02 5.41 8.53 3.46 5.37 5.77 6.35 
8.51 3.01 4.09 3.28 9.33 6.38 3.90 4.79 4.69 8.18 7.65 2.46 3.37 6.54 6.26 3.08 4.40 2.29 6.78 1.73 6.85 5.74 9.14 7.90 3.43 2.84 5.32 6.51 0.94 7.76 0.80 7.38 8.96 3.96 3.76 3.47 5.27 0.92 6.29 9.03 5.58 10.03 9.77 7.48 9.60 6.74 4.54 7.75 0.89 9.86 0.42 4.14 1.81 8.47 8.73 6.22 2.94 4.00 3.96 8.66 
1.44 8.16 7.15 7.93 1.06 7.42 5.97 6.07 5.94 2.36 5.71 10.05 5.88 7.53 6.73 7.33 5.50 9.37 7.06 9.84 2.68 7.11 3.16 1.24 8.45 6.37 5.87 3.44 8.60 1.47 8.25 5.98 1.27 6.80 6.17 7.94 5.40 7.82 6.20 1.99 3.71 1.34 3.00 2.75 1.42 2.86 8.06 6.79 7.84 1.56 8.66 5.37 7.08 5.29 4.98 6.22 5.80 5.09 5.48 2.69 
1.87 9.61 6.09 9.49 4.24 5.35 7.67 8.15 4.88 5.53 8.64 11.03 5.73 10.06 4.72 8.82 4.84 10.45 9.69 10.59 2.40 5.32 0.17 4.23 10.02 6.28 8.13 6.03 9.33 4.42 8.41 3.50 2.06 8.60 7.84 9.56 4.19 8.37 4.23 5.28 5.79 3.51 0.92 5.70 4.55 5.47 10.00 9.66 8.19 4.57 9.20 4.98 7.90 8.40 8.15 4.28 6.67 5.08 5.15 5.93 
1.42 7.07 5.51 6.89 2.61 5.93 4.97 5.32 4.31 2.96 5.77 8.77 4.26 7.15 5.24 6.25 3.86 8.13 6.78 8.48 1.19 5.56 2.86 1.70 7.42 4.76 5.26 3.12 7.22 1.81 6.72 4.69 1.79 5.87 5.16 6.93 3.79 6.37 4.72 3.11 2.92 2.89 3.12 2.92 2.97 2.58 7.24 6.77 6.34 3.15 7.23 3.72 5.70 5.64 5.45 4.73 4.41 3.47 3.84 3.48 
8.50 0.62 6.76 0.36 8.31 8.94 2.11 2.19 6.76 6.61 4.75 2.73 5.15 3.06 8.59 0.96 6.17 2.08 3.42 3.12 7.32 8.27 9.73 6.93 0.45 4.87 2.64 4.86 2.72 6.73 4.11 9.30 8.81 1.28 1.91 0.19 7.08 3.12 8.41 7.58 4.35 9.34 10.14 5.88 8.47 5.36 0.93 4.51 3.62 8.73 3.22 5.75 2.64 5.73 6.11 8.36 3.32 5.26 5.61 6.92 
8.52 0.44 6.65 0.25 8.38 8.84 2.14 2.31 6.67 6.71 4.91 2.57 5.06 3.24 8.50 0.91 6.09 1.91 3.60 2.94 7.31 8.17 9.72 7.00 0.34 4.76 2.76 4.95 2.54 6.79 3.95 9.23 8.84 1.36 1.95 0.17 7.00 2.97 8.33 7.67 4.41 9.40 10.15 5.97 8.55 5.43 1.10 4.68 3.47 8.81 3.05 5.67 2.52 5.88 6.25 8.27 3.26 5.20 5.53 7.02 
6.44 7.78 1.48 7.87 8.52 0.87 7.01 7.98 1.84 8.56 10.12 7.99 3.21 10.25 1.13 7.31 2.52 7.72 10.19 7.26 4.82 0.46 5.92 7.52 8.28 3.37 8.32 7.70 6.29 7.54 4.73 2.56 6.93 7.73 7.04 8.04 2.15 5.39 1.55 8.97 6.80 8.50 6.69 8.19 8.88 7.49 8.97 10.77 4.93 9.05 5.88 2.93 5.59 10.48 10.49 1.50 5.15 3.53 2.98 9.13 
2.63 7.48 7.51 7.22 1.01 8.13 5.28 5.19 6.38 1.10 4.49 9.50 5.99 6.42 7.44 6.67 5.85 8.81 5.93 9.40 3.40 7.74 4.39 0.59 7.72 6.42 4.92 2.47 8.21 0.67 8.09 6.88 2.53 6.02 5.49 7.20 5.93 7.52 6.93 0.90 3.02 2.16 4.27 1.60 1.20 1.95 7.18 5.57 7.62 1.46 8.34 5.62 6.71 4.03 3.71 6.93 5.49 5.22 5.70 1.43 
6.15 7.20 0.95 7.29 8.14 1.35 6.41 7.38 1.31 8.08 9.55 7.47 2.61 9.65 1.32 6.72 1.97 7.18 9.60 6.76 4.46 0.71 5.79 7.08 7.70 2.78 7.73 7.16 5.76 7.09 4.23 2.69 6.65 7.14 6.45 7.45 1.74 4.84 1.57 8.53 6.25 8.19 6.55 7.68 8.50 6.97 8.37 10.18 4.39 8.67 5.36 2.36 5.01 9.93 9.95 1.51 4.55 2.96 2.40 8.65 
6.13 9.34 3.22 9.40 8.47 0.97 8.29 9.19 2.99 8.92 11.00 9.75 4.59 11.46 1.15 8.80 3.63 9.43 11.32 9.04 4.84 1.57 5.14 7.73 9.84 4.90 9.46 8.41 8.01 7.81 6.51 1.49 6.57 9.09 8.36 9.55 2.85 7.07 1.47 9.14 7.62 8.19 5.88 8.69 8.83 8.08 10.41 11.77 6.64 8.95 7.63 4.07 7.16 11.21 11.15 1.49 6.50 4.65 4.19 9.47 
5.64 9.82 3.94 9.85 8.05 1.85 8.58 9.43 3.44 8.70 11.03 10.40 5.05 11.68 1.74 9.22 4.00 10.04 11.50 9.72 4.57 2.34 4.45 7.45 10.31 5.42 9.66 8.37 8.64 7.56 7.20 1.07 6.04 9.43 8.67 9.99 3.11 7.68 1.77 8.82 7.67 7.64 5.16 8.54 8.41 7.99 10.79 11.86 7.28 8.50 8.29 4.43 7.67 11.15 11.05 1.83 6.88 4.96 4.57 9.23 
7.90 2.70 3.89 2.92 8.67 6.18 3.29 4.22 4.33 7.51 7.06 2.69 2.90 6.08 6.00 2.61 3.96 2.35 6.27 2.09 6.27 5.53 8.60 7.24 3.17 2.39 4.74 5.84 0.93 7.10 0.83 7.03 8.34 3.44 3.17 3.11 4.87 0.26 5.97 8.37 4.92 9.38 9.20 6.82 8.94 6.08 4.18 7.22 0.44 9.19 0.66 3.66 1.15 7.85 8.10 5.91 2.27 3.46 3.49 7.99 
7.03 4.79 8.78 4.45 5.65 10.41 3.43 2.48 8.15 3.70 0.49 7.01 6.86 1.88 9.84 4.29 7.46 6.34 1.31 7.32 6.77 9.81 8.71 4.73 4.72 6.93 1.95 2.76 6.56 4.51 7.41 9.93 7.11 3.36 3.53 4.31 8.09 6.45 9.45 4.54 3.32 6.89 8.80 3.21 5.64 3.31 3.63 0.89 6.84 5.87 6.96 7.03 5.59 1.51 1.96 9.43 5.12 6.44 6.98 3.68 
4.81 8.89 3.31 8.90 7.17 1.73 7.57 8.40 2.57 7.71 9.99 9.59 4.13 10.65 1.23 8.26 3.06 9.19 10.46 8.95 3.59 1.91 3.85 6.48 9.38 4.55 8.62 7.34 7.82 6.58 6.45 0.21 5.25 8.44 7.67 9.03 2.14 6.84 0.97 7.88 6.63 6.86 4.60 7.53 7.53 6.96 9.80 10.81 6.47 7.64 7.51 3.47 6.76 10.12 10.02 1.04 5.90 3.97 3.62 8.25 
7.26 4.89 9.01 4.55 5.84 10.65 3.62 2.64 8.38 3.89 0.55 7.10 7.08 1.81 10.08 4.43 7.69 6.44 1.23 7.43 7.01 10.05 8.94 4.95 4.80 7.15 2.13 3.00 6.71 4.72 7.59 10.18 7.33 3.50 3.71 4.40 8.33 6.62 9.70 4.71 3.56 7.08 9.03 3.42 5.82 3.54 3.67 0.65 7.02 6.04 7.11 7.27 5.77 1.54 2.00 9.67 5.34 6.67 7.22 3.85 
3.85 7.44 2.74 7.42 5.98 2.49 6.00 6.80 1.57 6.27 8.38 8.37 2.82 9.04 1.80 6.77 1.75 7.90 8.84 7.80 2.27 2.18 3.48 5.11 7.92 3.32 7.01 5.75 6.59 5.17 5.39 1.64 4.33 6.88 6.11 7.55 0.89 5.60 1.29 6.54 5.02 5.91 4.24 6.02 6.35 5.41 8.27 9.20 5.30 6.50 6.35 2.07 5.39 8.55 8.48 1.29 4.41 2.47 2.24 6.82 
8.50 2.02 7.78 1.71 7.90 9.85 2.36 1.80 7.60 6.06 3.63 4.04 6.02 1.68 9.43 1.99 6.96 3.44 2.10 4.50 7.57 9.19 9.90 6.63 1.75 5.83 1.98 4.44 4.10 6.41 5.40 9.98 8.74 1.49 2.25 1.52 7.81 4.39 9.19 7.02 4.21 9.04 10.23 5.36 8.01 5.00 0.52 3.21 4.88 8.27 4.59 6.52 3.76 4.65 5.07 9.14 4.09 5.97 6.39 6.27 
