3.55 5.91 1.87 5.52 6.37 4.35 5.98 4.90 5.05 6.32 2.99 2.82 4.14 2.35 4.04 3.06 2.54 3.82 2.37 4.64 7.14 5.27 1.58 3.96 7.85 4.95 1.01 8.25 5.81 2.55 3.49 6.52 2.70 2.22 4.76 6.19 2.65 3.74 1.98 4.36 1.38 1.89 5.23 3.46 3.07 3.68 4.17 3.60 3.18 3.01 3.33 6.90 5.53 3.52 3.00 
0.68 7.70 4.72 8.31 8.91 7.22 8.82 7.79 6.92 8.54 4.55 3.74 5.94 1.63 6.80 3.50 4.27 6.69 1.72 7.51 8.31 8.05 4.48 5.55 10.70 7.85 1.97 11.08 7.74 3.15 0.61 7.95 0.39 2.80 5.83 8.27 0.26 3.84 4.87 7.11 4.24 4.58 7.02 3.25 3.37 5.24 4.36 6.32 3.32 1.73 0.84 9.57 8.31 0.94 2.78 
2.13 9.43 5.74 8.61 10.26 8.13 9.79 8.36 6.32 10.09 6.28 5.58 5.40 1.57 7.92 5.42 5.92 7.60 3.65 8.40 10.21 8.34 5.30 4.92 11.61 8.50 3.31 12.04 9.42 5.01 2.11 6.96 1.75 2.44 7.72 9.89 1.99 2.60 5.72 8.25 5.26 5.02 8.74 2.01 2.45 4.63 3.04 7.50 2.31 3.72 2.69 10.80 8.59 2.70 1.81 
9.79 6.10 4.46 2.22 3.56 2.04 1.32 1.58 6.02 4.90 6.28 7.14 6.06 8.33 2.87 7.68 6.09 2.54 8.24 1.75 8.12 2.39 4.67 6.45 1.97 1.38 7.20 2.48 5.69 7.43 9.73 7.59 8.94 7.52 7.29 5.37 8.90 8.42 4.27 2.75 4.93 4.85 5.96 8.57 7.98 6.49 8.52 3.36 8.16 8.86 9.50 2.95 2.30 9.70 8.36 
5.55 6.14 1.40 3.45 5.59 2.89 4.53 2.98 3.61 6.01 4.01 4.32 2.93 3.87 3.04 4.72 3.58 2.42 4.43 3.12 7.79 3.20 0.84 3.01 6.27 3.11 3.09 6.73 5.91 4.26 5.48 5.31 4.61 3.07 5.75 6.09 4.62 4.17 0.94 3.36 1.40 0.40 5.57 4.20 3.63 2.86 4.39 2.83 3.80 5.07 5.39 5.84 3.45 5.58 3.92 
5.96 8.59 3.82 4.18 7.91 5.00 6.50 4.45 1.61 8.45 6.22 6.28 0.65 3.79 5.39 6.56 5.77 4.63 5.66 5.16 10.19 3.91 3.18 0.55 7.98 4.70 4.23 8.48 8.37 6.05 5.90 3.03 4.95 2.58 8.02 8.55 5.08 2.65 3.40 5.70 3.67 2.20 8.00 3.03 2.47 0.47 2.59 5.25 2.63 6.23 6.08 8.02 4.14 6.23 3.08 
7.89 6.03 2.76 1.47 4.34 1.39 2.55 0.56 4.26 5.30 5.14 5.82 4.11 6.29 2.27 6.32 4.84 1.42 6.53 1.39 7.99 1.35 2.78 4.45 4.02 0.73 5.34 4.51 5.69 5.97 7.83 5.96 6.99 5.43 6.55 5.60 6.98 6.32 2.44 2.42 3.16 2.78 5.67 6.47 5.88 4.46 6.43 2.52 6.05 7.18 7.68 4.19 1.52 7.87 6.26 
10.25 4.44 5.08 4.59 1.51 2.85 1.36 3.59 8.15 2.95 5.82 6.81 8.00 9.25 2.90 7.35 5.82 3.31 8.40 2.66 6.35 4.70 5.55 8.30 1.72 3.28 7.72 1.77 4.03 7.26 10.20 9.82 9.56 8.71 6.23 3.52 9.46 9.89 5.13 2.58 5.56 6.12 4.55 9.90 9.34 8.27 10.09 3.36 9.51 8.95 9.83 0.55 4.67 10.02 9.58 
4.12 7.81 3.21 5.33 7.79 5.21 6.86 5.18 3.46 8.01 5.03 4.85 2.48 1.99 5.26 5.03 4.57 4.72 3.90 5.44 9.16 5.05 2.59 2.14 8.58 5.35 2.53 9.04 7.67 4.52 4.06 4.67 3.11 0.85 6.81 7.98 3.23 1.90 2.97 5.60 2.84 1.93 7.16 1.87 1.31 1.83 2.22 4.96 1.48 4.44 4.23 8.12 5.31 4.38 1.63 
4.86 3.53 4.21 8.18 5.80 5.83 6.85 7.11 8.97 4.84 1.58 1.25 8.13 5.53 4.92 1.19 1.93 5.45 2.95 6.09 3.67 8.02 4.63 8.00 8.61 6.97 3.73 8.82 3.73 1.66 4.84 10.54 4.84 6.05 1.28 4.37 4.61 7.57 4.69 5.06 4.07 5.51 2.95 7.14 6.92 7.73 8.05 4.45 6.98 3.05 4.23 6.75 8.23 4.35 6.62 
7.34 1.31 5.00 8.20 4.20 5.52 5.93 6.97 10.01 2.88 2.76 3.34 9.32 7.67 4.54 3.58 3.20 5.34 5.35 5.70 1.41 8.11 5.61 9.32 7.38 6.75 5.76 7.44 1.69 3.91 7.31 11.71 7.19 7.92 1.26 2.30 6.97 9.46 5.47 4.50 5.12 6.60 1.18 9.13 8.79 9.10 9.90 4.24 8.89 5.54 6.72 5.22 8.26 6.85 8.63 
3.80 7.94 3.42 5.70 8.03 5.52 7.17 5.53 3.76 8.20 5.07 4.82 2.78 1.63 5.53 4.96 4.62 5.02 3.72 5.76 9.21 5.43 2.83 2.40 8.91 5.70 2.40 9.37 7.81 4.44 3.74 4.89 2.79 0.47 6.82 8.14 2.93 1.70 3.23 5.86 3.03 2.25 7.27 1.58 1.06 2.08 2.09 5.20 1.21 4.22 3.93 8.40 5.68 4.08 1.28 
2.27 6.49 3.09 6.77 7.38 5.59 7.19 6.18 5.88 7.14 3.35 2.78 4.91 1.61 5.19 2.78 2.97 5.05 1.41 5.88 7.41 6.52 2.86 4.62 9.07 6.23 0.36 9.46 6.46 2.29 2.21 7.17 1.48 2.17 4.92 6.93 1.40 3.65 3.24 5.50 2.60 3.08 5.79 3.19 3.01 4.31 4.15 4.72 3.05 1.96 2.07 8.00 6.78 2.26 2.67 
8.96 1.99 4.54 6.01 0.95 3.43 3.05 4.78 8.87 0.53 4.09 5.09 8.46 8.46 2.73 5.57 4.26 3.58 6.97 3.46 3.90 6.02 5.16 8.63 4.17 4.48 6.67 4.19 1.59 5.62 8.92 10.62 8.46 8.24 3.99 1.07 8.31 9.64 4.82 2.46 4.93 6.02 2.21 9.50 9.01 8.51 9.95 2.85 9.16 7.41 8.45 1.96 6.09 8.62 9.08 
2.08 6.70 3.30 6.93 7.61 5.80 7.41 6.36 5.91 7.37 3.56 2.96 4.95 1.43 5.41 2.93 3.19 5.26 1.44 6.09 7.59 6.68 3.05 4.63 9.29 6.42 0.59 9.67 6.68 2.45 2.02 7.16 1.26 2.10 5.10 7.15 1.19 3.53 3.44 5.73 2.81 3.22 6.01 3.05 2.91 4.32 4.04 4.95 2.94 1.95 1.92 8.23 6.93 2.10 2.53 
1.84 6.25 3.80 7.75 7.62 6.26 7.77 7.04 7.08 7.15 3.12 2.27 6.12 2.45 5.70 2.05 2.88 5.73 0.28 6.55 6.86 7.51 3.75 5.82 9.67 7.05 1.29 10.01 6.31 1.69 1.79 8.36 1.62 3.30 4.37 6.85 1.39 4.68 4.07 5.98 3.36 4.15 5.57 4.15 4.08 5.51 5.19 5.19 4.09 0.77 1.33 8.35 7.76 1.52 3.64 
6.06 2.69 4.83 8.55 5.35 6.01 6.76 7.39 9.77 4.18 2.19 2.32 8.99 6.69 5.03 2.38 2.64 5.70 4.16 6.23 2.47 8.41 5.35 8.90 8.39 7.21 4.85 8.52 2.99 2.82 6.04 11.41 6.04 7.14 0.55 3.64 5.81 8.67 5.32 5.09 4.80 6.30 2.27 8.27 8.01 8.65 9.14 4.62 8.08 4.24 5.43 6.35 8.60 5.54 7.75 
9.71 6.32 4.42 1.90 3.85 2.08 1.61 1.37 5.72 5.16 6.35 7.19 5.79 8.20 2.97 7.72 6.15 2.54 8.21 1.80 8.35 2.07 4.58 6.19 2.26 1.23 7.13 2.77 5.92 7.45 9.65 7.27 8.84 7.35 7.44 5.63 8.82 8.21 4.19 2.89 4.87 4.70 6.15 8.38 7.79 6.24 8.29 3.45 7.97 8.84 9.45 3.27 1.98 9.64 8.18 
3.56 4.53 2.88 7.01 6.00 5.06 6.42 6.09 7.25 5.44 1.39 0.65 6.36 3.74 4.34 0.83 1.20 4.57 1.53 5.35 5.28 6.81 3.11 6.20 8.30 6.03 1.88 8.60 4.58 0.36 3.52 8.76 3.25 4.19 2.79 5.12 3.05 5.72 3.29 4.58 2.58 3.87 3.84 5.30 5.06 5.92 6.19 3.82 5.12 1.97 3.01 6.79 7.04 3.18 4.79 
0.82 8.38 5.20 8.59 9.50 7.69 9.31 8.15 6.88 9.18 5.23 4.43 5.91 1.53 7.33 4.20 4.93 7.15 2.42 7.97 9.01 8.33 4.89 5.49 11.18 8.24 2.50 11.58 8.41 3.85 0.79 7.78 0.66 2.74 6.53 8.93 0.81 3.52 5.30 7.64 4.71 4.87 7.70 2.91 3.14 5.17 4.02 6.86 3.06 2.40 1.35 10.14 8.59 1.36 2.51 
8.22 9.22 4.83 2.77 7.78 4.79 5.87 3.65 1.22 8.67 7.50 7.83 1.87 6.09 5.55 8.21 7.08 4.66 7.65 4.82 11.05 2.59 4.35 2.37 6.90 3.96 6.21 7.41 8.91 7.73 8.16 2.61 7.21 4.89 9.20 8.92 7.31 4.88 4.34 5.77 4.91 3.51 8.74 5.32 4.79 2.62 4.70 5.63 4.95 8.26 8.27 7.58 2.70 8.43 5.41 
7.02 2.72 5.82 9.36 5.62 6.74 7.30 8.16 10.80 4.30 3.22 3.40 10.03 7.75 5.75 3.42 3.68 6.50 5.18 6.94 1.69 9.25 6.36 9.96 8.79 7.96 5.92 8.86 3.11 3.88 7.00 12.45 7.07 8.22 1.44 3.71 6.83 9.75 6.30 5.76 5.82 7.32 2.56 9.35 9.09 9.71 10.22 5.39 9.16 5.20 6.38 6.64 9.42 6.48 8.83 
7.21 2.95 2.36 4.51 2.30 1.82 2.61 3.27 6.82 2.52 2.82 3.78 6.33 6.42 0.84 4.32 2.76 1.69 5.32 2.01 4.89 4.43 2.98 6.48 4.43 3.05 4.74 4.69 2.62 4.19 7.15 8.58 6.57 6.09 3.70 2.65 6.46 7.46 2.63 0.84 2.78 3.83 2.58 7.34 6.84 6.34 7.77 0.69 6.99 5.87 6.77 2.92 4.57 6.95 6.95 
3.56 9.62 5.32 7.46 9.94 7.46 9.12 7.42 4.74 10.02 6.58 6.10 3.87 1.75 7.46 6.09 6.16 6.97 4.48 7.70 10.70 7.18 4.76 3.37 10.84 7.60 3.58 11.30 9.53 5.61 3.52 5.26 2.80 1.58 8.23 9.92 3.04 0.91 5.16 7.79 4.89 4.19 8.94 0.42 1.01 3.11 1.34 7.11 0.84 4.76 3.99 10.34 7.43 4.06 0.73 
8.29 1.15 5.68 8.53 4.00 5.83 5.97 7.28 10.64 2.57 3.64 4.28 10.00 8.58 4.87 4.54 4.06 5.73 6.30 5.96 0.88 8.47 6.31 10.03 7.22 7.03 6.66 7.22 1.55 4.86 8.26 12.37 8.13 8.78 2.22 1.98 7.92 10.32 6.12 4.77 5.85 7.29 1.52 10.00 9.65 9.83 10.74 4.67 9.75 6.50 7.68 5.00 8.60 7.81 9.51 
7.17 1.33 3.45 6.25 2.66 3.56 4.03 5.01 8.34 1.83 2.23 3.20 7.74 6.91 2.58 3.67 2.47 3.41 5.14 3.73 3.16 6.17 4.10 7.81 5.62 4.78 5.04 5.76 1.14 3.76 7.12 10.07 6.75 6.88 2.23 1.54 6.58 8.37 3.87 2.53 3.71 5.07 0.84 8.14 7.72 7.63 8.75 2.33 7.84 5.55 6.63 3.63 6.31 6.79 7.68 
2.34 10.31 7.00 10.04 11.40 9.44 11.09 9.75 7.71 11.11 7.15 6.33 6.80 2.90 9.16 6.06 6.86 8.91 4.30 9.72 10.86 9.77 6.61 6.32 12.94 9.87 4.39 13.35 10.34 5.75 2.36 8.22 2.58 3.88 8.40 10.86 2.74 3.90 7.03 9.48 6.51 6.41 9.62 3.36 3.85 6.04 4.28 8.71 3.70 4.15 2.97 12.01 10.02 2.88 3.23 
3.27 5.20 2.26 6.31 6.18 4.70 6.21 5.52 6.20 5.87 2.09 1.70 5.30 2.86 4.15 1.89 1.69 4.17 1.54 4.99 6.20 6.08 2.30 5.12 8.11 5.52 0.95 8.46 5.18 1.38 3.21 7.69 2.68 3.15 3.75 5.65 2.54 4.69 2.58 4.44 1.85 2.92 4.51 4.31 4.02 4.84 5.15 3.65 4.10 2.17 2.86 6.86 6.33 3.05 3.81 
4.43 6.79 2.11 4.61 6.69 4.16 5.81 4.28 3.66 6.92 4.16 4.16 2.76 2.59 4.17 4.43 3.70 3.66 3.67 4.40 8.23 4.35 1.49 2.60 7.58 4.41 2.23 8.03 6.63 3.93 4.36 5.15 3.44 1.76 5.96 6.91 3.49 3.00 1.87 4.50 1.78 0.93 6.16 2.94 2.40 2.34 3.30 3.86 2.56 4.28 4.37 7.03 4.61 4.55 2.63 
9.60 2.93 4.83 5.58 0.22 3.22 2.41 4.41 8.75 1.40 4.84 5.84 8.44 8.91 2.76 6.35 4.95 3.50 7.64 3.17 4.80 5.63 5.41 8.66 3.27 4.10 7.20 3.26 2.53 6.35 9.55 10.48 9.03 8.57 4.91 1.98 8.89 9.90 5.03 2.44 5.27 6.17 3.15 9.81 9.30 8.58 10.17 3.04 9.45 8.12 9.11 1.04 5.66 9.29 9.43 
8.06 11.13 6.40 5.36 10.10 7.09 8.36 6.14 1.57 10.83 8.87 8.92 2.08 5.86 7.69 9.18 8.41 6.85 8.14 7.18 12.79 5.16 5.79 2.17 9.49 6.44 6.76 10.00 10.87 8.67 8.00 0.47 7.10 4.71 10.66 10.99 7.28 3.88 5.95 7.96 6.29 4.80 10.57 4.48 4.16 2.45 3.47 7.65 4.25 8.66 8.30 10.02 5.29 8.43 4.80 
5.77 3.79 0.99 4.53 3.81 2.32 3.72 3.46 5.93 3.85 2.07 2.81 5.29 4.91 1.64 3.34 1.79 1.85 3.99 2.61 5.45 4.37 1.65 5.34 5.62 3.36 3.25 5.95 3.58 3.07 5.72 7.65 5.09 4.62 3.59 3.83 4.99 6.04 1.41 1.93 1.32 2.61 3.21 5.88 5.40 5.17 6.38 1.14 5.55 4.58 5.37 4.39 4.57 5.56 5.47 
8.73 11.69 7.00 5.62 10.55 7.54 8.72 6.50 2.04 11.33 9.51 9.58 2.70 6.54 8.19 9.85 9.05 7.33 8.83 7.61 13.39 5.45 6.40 2.84 9.75 6.81 7.44 10.26 11.43 9.34 8.68 0.29 7.78 5.40 11.29 11.52 7.96 4.53 6.54 8.45 6.92 5.42 11.15 5.13 4.84 3.13 4.10 8.18 4.92 9.35 8.99 10.42 5.55 9.11 5.47 
8.71 2.13 6.56 9.52 4.91 6.81 6.94 8.27 11.55 3.47 4.33 4.83 10.88 9.20 5.86 4.99 4.78 6.71 6.77 6.95 0.18 9.45 7.18 10.89 8.13 8.02 7.30 8.10 2.53 5.38 8.68 13.27 8.65 9.50 2.68 2.90 8.43 11.04 7.02 5.76 6.70 8.17 2.47 10.69 10.37 10.68 11.48 5.64 10.47 6.89 8.08 5.89 9.59 8.19 10.19 
9.07 3.53 3.99 4.42 0.98 2.08 1.34 3.23 7.61 2.24 4.61 5.60 7.33 8.16 1.82 6.14 4.61 2.43 7.20 2.00 5.53 4.46 4.52 7.58 2.74 2.92 6.57 2.91 3.12 6.04 9.02 9.33 8.41 7.70 5.11 2.73 8.30 8.95 4.11 1.48 4.47 5.19 3.52 8.92 8.38 7.51 9.19 2.22 8.54 7.74 8.64 1.08 4.49 8.83 8.57 
7.93 0.15 4.64 7.31 2.94 4.61 4.78 6.06 9.53 1.60 3.02 3.87 8.93 7.91 3.66 4.25 3.37 4.53 5.90 4.74 2.09 7.25 5.29 9.00 6.13 5.81 6.01 6.18 0.41 4.45 7.89 11.27 7.63 7.98 2.20 1.03 7.44 9.49 5.06 3.55 4.87 6.26 0.55 9.22 8.82 8.82 9.88 3.48 8.94 6.21 7.35 3.95 7.38 7.50 8.75 
7.52 7.74 3.46 1.89 6.36 3.36 4.58 2.37 2.22 7.21 6.14 6.55 2.21 5.54 4.08 6.98 5.74 3.19 6.64 3.42 9.59 1.63 3.06 2.63 5.84 2.67 5.25 6.35 7.43 6.53 7.45 3.91 6.52 4.44 7.80 7.45 6.58 4.90 2.98 4.30 3.62 2.39 7.27 5.20 4.61 2.74 4.88 4.15 4.79 7.28 7.46 6.24 1.85 7.64 5.14 
8.10 11.19 6.47 5.42 10.17 7.16 8.42 6.20 1.63 10.90 8.94 8.98 2.15 5.91 7.76 9.24 8.48 6.92 8.20 7.25 12.86 5.22 5.85 2.23 9.55 6.51 6.81 10.06 10.94 8.73 8.05 0.44 7.15 4.76 10.73 11.06 7.33 3.91 6.01 8.03 6.36 4.87 10.64 4.52 4.21 2.51 3.50 7.72 4.29 8.71 8.35 10.09 5.35 8.48 4.84 
11.32 5.82 6.01 4.48 2.88 3.56 1.91 3.78 8.29 4.30 7.10 8.07 8.30 10.13 3.93 8.62 7.06 4.09 9.55 3.30 7.71 4.66 6.39 8.67 0.48 3.51 8.74 0.40 5.41 8.48 11.26 9.85 10.56 9.46 7.60 4.89 10.49 10.51 5.97 3.65 6.51 6.80 5.94 10.59 10.02 8.69 10.65 4.43 10.19 10.12 10.94 1.87 4.55 11.13 10.33 
6.57 3.04 1.88 4.67 2.90 2.10 3.16 3.48 6.62 2.93 2.27 3.19 6.05 5.83 1.16 3.74 2.16 1.81 4.69 2.34 4.87 4.56 2.53 6.15 5.01 3.30 4.12 5.30 2.78 3.58 6.52 8.36 5.95 5.56 3.37 2.95 5.83 6.97 2.22 1.32 2.25 3.44 2.55 6.82 6.34 6.00 7.30 0.71 6.48 5.24 6.13 3.55 4.73 6.32 6.41 
9.43 5.47 4.08 2.56 2.98 1.58 0.75 1.62 6.19 4.29 5.73 6.61 6.14 8.07 2.32 7.16 5.57 2.12 7.80 1.29 7.49 2.67 4.36 6.49 2.01 1.34 6.83 2.48 5.07 6.93 9.37 7.82 8.61 7.33 6.69 4.76 8.56 8.33 3.94 2.17 4.56 4.66 5.33 8.43 7.85 6.51 8.46 2.82 8.03 8.42 9.11 2.46 2.64 9.31 8.19 
2.79 10.02 6.15 8.76 10.72 8.48 10.14 8.61 6.19 10.62 6.87 6.21 5.32 2.01 8.33 6.06 6.50 7.96 4.30 8.74 10.85 8.49 5.67 4.82 11.93 8.76 3.87 12.37 9.99 5.65 2.78 6.66 2.42 2.62 8.35 10.44 2.66 2.36 6.09 8.67 5.68 5.28 9.32 1.85 2.39 4.55 2.72 7.93 2.22 4.39 3.37 11.22 8.74 3.37 1.83 
0.12 7.96 5.23 8.87 9.31 7.73 9.31 8.33 7.46 8.87 4.84 3.96 6.49 2.13 7.27 3.66 4.60 7.19 1.93 8.02 8.44 8.62 5.01 6.09 11.20 8.38 2.47 11.57 8.02 3.37 0.07 8.46 0.92 3.33 5.99 8.57 0.82 4.27 5.40 7.57 4.75 5.15 7.28 3.66 3.84 5.77 4.78 6.78 3.78 1.74 0.57 10.00 8.87 0.56 3.23 
5.40 4.26 0.54 4.46 4.29 2.52 4.03 3.49 5.55 4.36 2.21 2.79 4.86 4.43 1.99 3.29 1.84 2.00 3.71 2.81 5.85 4.28 1.17 4.89 5.93 3.43 2.84 6.29 4.06 2.95 5.35 7.25 4.68 4.12 3.86 4.33 4.59 5.53 1.01 2.31 0.81 2.15 3.65 5.38 4.90 4.70 5.87 1.53 5.04 4.32 5.04 4.82 4.50 5.23 4.97 
6.71 9.06 4.33 3.94 8.15 5.17 6.57 4.42 0.85 8.80 6.84 6.96 0.17 4.53 5.69 7.26 6.39 4.87 6.41 5.29 10.72 3.69 3.72 0.67 7.91 4.70 4.98 8.42 8.81 6.76 6.65 2.39 5.71 3.32 8.62 8.94 5.84 3.18 3.88 5.97 4.24 2.74 8.50 3.63 3.12 0.93 3.02 5.61 3.27 6.99 6.83 8.16 3.88 6.98 3.75 
8.96 8.45 4.64 1.27 6.61 3.79 4.54 2.41 2.82 7.68 7.27 7.79 3.25 6.97 4.69 8.24 6.90 3.82 8.03 3.73 10.39 1.18 4.35 3.74 5.35 2.72 6.66 5.86 8.10 7.82 8.89 4.18 7.96 5.85 8.83 8.01 8.02 6.17 4.18 4.84 4.88 3.79 8.07 6.53 5.95 3.92 6.08 4.90 6.12 8.68 8.90 6.27 1.19 9.08 6.51 
6.06 6.85 2.20 2.99 6.03 3.14 4.70 2.82 2.83 6.60 4.83 5.14 2.24 4.20 3.51 5.53 4.40 2.75 5.13 3.32 8.56 2.72 1.67 2.41 6.30 3.02 3.74 6.78 6.60 5.07 6.00 4.55 5.09 3.21 6.57 6.73 5.13 4.03 1.71 3.82 2.23 0.87 6.30 4.19 3.59 2.33 4.16 3.40 3.77 5.77 5.98 6.16 2.97 6.16 4.01 
3.27 9.69 5.52 7.82 10.14 7.73 9.39 7.74 5.16 10.16 6.61 6.07 4.29 1.68 7.68 6.02 6.20 7.23 4.35 7.98 10.70 7.55 4.98 3.79 11.14 7.92 3.58 11.59 9.62 5.56 3.23 5.68 2.59 1.81 8.21 10.03 2.83 1.34 5.39 8.01 5.07 4.47 9.00 0.83 1.39 3.53 1.74 7.31 1.22 4.59 3.74 10.57 7.80 3.79 0.94 
8.59 1.47 6.05 8.87 4.23 6.17 6.26 7.62 11.01 2.79 3.99 4.60 10.37 8.92 5.22 4.83 4.42 6.08 6.60 6.30 0.62 8.82 6.68 10.40 7.45 7.37 7.00 7.43 1.86 5.17 8.56 12.74 8.45 9.14 2.50 2.22 8.24 10.68 6.50 5.11 6.22 7.67 1.89 10.36 10.01 10.20 11.10 5.03 10.11 6.78 7.97 5.22 8.94 8.09 9.86 
5.40 7.11 2.33 3.74 6.57 3.78 5.39 3.59 2.82 7.01 4.79 4.94 2.02 3.46 4.03 5.27 4.33 3.35 4.65 3.99 8.71 3.47 1.70 2.03 7.04 3.78 3.22 7.51 6.89 4.78 5.34 4.44 4.41 2.44 6.57 7.08 4.47 3.30 1.92 4.34 2.19 0.71 6.52 3.42 2.83 1.86 3.46 3.83 3.01 5.27 5.37 6.78 3.72 5.54 3.23 
2.65 9.18 5.17 7.79 9.76 7.48 9.14 7.61 5.42 9.71 6.07 5.49 4.50 1.12 7.35 5.41 5.67 6.96 3.72 7.73 10.12 7.52 4.67 4.02 10.93 7.76 3.04 11.37 9.13 4.96 2.62 6.09 1.95 1.63 7.63 9.56 2.19 1.75 5.09 7.68 4.70 4.28 8.49 1.14 1.54 3.73 2.22 6.96 1.41 3.95 3.10 10.24 7.77 3.16 0.91 
6.42 8.59 3.86 3.73 7.73 4.77 6.21 4.10 1.26 8.35 6.37 6.51 0.49 4.27 5.25 6.82 5.92 4.45 6.02 4.90 10.25 3.47 3.25 0.80 7.62 4.37 4.59 8.12 8.34 6.32 6.36 2.86 5.41 3.07 8.15 8.48 5.53 3.15 3.40 5.54 3.77 2.27 8.03 3.54 2.99 0.91 3.07 5.16 3.15 6.61 6.51 7.78 3.68 6.67 3.59 
8.49 1.06 4.54 6.62 1.88 3.95 3.85 5.37 9.19 0.57 3.55 4.50 8.68 8.21 3.09 4.95 3.80 3.98 6.47 4.03 3.01 6.59 5.19 8.81 5.09 5.09 6.35 5.12 0.66 5.07 8.45 10.94 8.08 8.12 3.16 0.29 7.91 9.58 4.89 2.90 4.86 6.11 1.36 9.38 8.93 8.66 9.93 3.05 9.06 6.85 7.95 2.89 6.69 8.11 8.94 
10.05 6.20 4.72 2.40 3.59 2.28 1.38 1.84 6.23 4.96 6.49 7.36 6.30 8.59 3.08 7.90 6.32 2.78 8.49 1.98 8.22 2.58 4.93 6.69 1.74 1.64 7.46 2.26 5.79 7.66 9.99 7.78 9.20 7.79 7.46 5.45 9.16 8.68 4.53 2.94 5.19 5.12 6.09 8.84 8.25 6.74 8.77 3.58 8.42 9.11 9.76 2.91 2.48 9.95 8.62 
8.19 2.15 6.27 9.41 5.05 6.72 6.98 8.18 11.28 3.62 3.93 4.36 10.59 8.74 5.75 4.49 4.39 6.57 6.27 6.88 0.41 9.34 6.88 10.57 8.27 7.94 6.85 8.28 2.56 4.90 8.17 12.98 8.16 9.08 2.21 3.03 7.93 10.63 6.75 5.68 6.38 7.86 2.33 10.26 9.96 10.35 11.07 5.48 10.05 6.37 7.56 6.05 9.48 7.67 9.75 
7.05 4.62 1.70 2.97 3.45 0.80 2.44 1.84 5.20 4.10 3.69 4.45 4.79 5.78 0.96 4.98 3.43 0.26 5.45 1.09 6.53 2.85 2.04 5.00 4.30 1.72 4.46 4.70 4.30 4.68 6.99 6.95 6.25 5.17 5.04 4.31 6.19 6.35 1.62 1.24 2.19 2.58 4.21 6.36 5.80 4.91 6.58 1.04 5.97 6.07 6.74 3.64 3.03 6.93 6.04 
3.13 7.39 3.14 6.02 7.75 5.45 7.12 5.69 4.50 7.78 4.41 4.07 3.52 1.17 5.32 4.17 3.97 4.93 2.90 5.72 8.56 5.75 2.64 3.18 8.92 5.81 1.60 9.36 7.29 3.66 3.07 5.70 2.12 0.76 6.13 7.67 2.22 2.30 3.06 5.65 2.68 2.34 6.71 1.98 1.64 2.87 2.76 4.93 1.73 3.41 3.19 8.21 6.01 3.35 1.52 
7.86 8.10 3.88 1.85 6.63 3.64 4.76 2.54 2.07 7.53 6.55 6.97 2.24 5.85 4.41 7.39 6.15 3.52 7.04 3.67 9.97 1.61 3.48 2.71 5.91 2.85 5.63 6.42 7.79 6.94 7.80 3.69 6.87 4.73 8.20 7.78 6.94 5.08 3.39 4.62 4.03 2.78 7.65 5.42 4.84 2.86 5.02 4.51 5.01 7.67 7.83 6.46 1.79 8.01 5.39 
2.32 10.34 7.11 10.20 11.48 9.56 11.20 9.89 7.90 11.17 7.19 6.35 6.99 3.04 9.26 6.07 6.91 9.03 4.32 9.84 10.85 9.92 6.74 6.51 13.06 10.01 4.47 13.47 10.38 5.77 2.35 8.42 2.64 4.04 8.40 10.90 2.79 4.10 7.15 9.58 6.61 6.55 9.65 3.55 4.04 6.22 4.48 8.81 3.89 4.14 2.96 12.10 10.18 2.85 3.42 
7.60 1.00 5.03 8.09 3.92 5.39 5.72 6.85 10.02 2.57 2.92 3.57 9.36 7.86 4.42 3.85 3.35 5.25 5.60 5.56 1.37 8.01 5.66 9.37 7.12 6.61 5.94 7.17 1.39 4.16 7.57 11.74 7.42 8.07 1.56 1.99 7.21 9.61 5.49 4.36 5.18 6.64 1.01 9.29 8.94 9.17 10.03 4.16 9.04 5.82 6.99 4.94 8.15 7.13 8.80 
7.90 1.80 3.55 5.62 1.66 2.92 3.09 4.37 8.13 1.26 3.07 4.07 7.63 7.40 2.03 4.58 3.21 2.92 5.91 3.03 3.82 5.58 4.19 7.77 4.60 4.10 5.60 4.73 1.42 4.59 7.85 9.88 7.39 7.21 3.26 1.35 7.24 8.63 3.88 1.87 3.91 5.09 1.66 8.47 8.00 7.63 8.97 1.99 8.14 6.37 7.39 2.60 5.69 7.57 8.05 
4.41 9.75 5.21 6.82 9.78 7.13 8.76 6.91 3.84 10.00 6.83 6.48 3.03 2.38 7.25 6.54 6.38 6.67 5.06 7.35 10.98 6.55 4.59 2.52 10.40 7.12 3.96 10.88 9.62 6.04 4.36 4.30 3.56 1.66 8.55 9.95 3.78 0.12 4.97 7.58 4.83 3.86 9.08 0.70 0.79 2.29 0.42 6.96 0.71 5.43 4.78 10.09 6.78 4.87 1.17 
3.76 9.56 5.19 7.21 9.80 7.28 8.93 7.19 4.45 9.92 6.55 6.11 3.58 1.84 7.30 6.13 6.12 6.79 4.56 7.51 10.69 6.93 4.61 3.08 10.63 7.38 3.59 11.10 9.46 5.64 3.71 4.99 2.95 1.46 8.23 9.83 3.18 0.63 5.00 7.64 4.77 3.99 8.88 0.20 0.78 2.82 1.09 6.97 0.60 4.88 4.16 10.18 7.17 4.23 0.68 
9.00 6.14 3.74 1.48 3.93 1.58 1.79 0.63 5.12 5.12 5.83 6.62 5.12 7.45 2.55 7.15 5.59 1.96 7.54 1.36 8.15 1.57 3.87 5.50 2.91 0.50 6.43 3.42 5.75 6.85 8.94 6.73 8.12 6.61 7.04 5.53 8.10 7.48 3.49 2.55 4.19 3.95 5.89 7.64 7.05 5.54 7.57 2.97 7.22 8.18 8.75 3.53 1.56 8.94 7.44 
1.53 8.92 5.43 8.55 9.87 7.88 9.52 8.21 6.52 9.64 5.76 5.03 5.57 1.37 7.60 4.84 5.43 7.34 3.06 8.15 9.64 8.28 5.05 5.12 11.37 8.32 2.87 11.79 8.93 4.45 1.50 7.29 1.18 2.47 7.15 9.42 1.40 2.96 5.47 7.93 4.94 4.88 8.23 2.35 2.68 4.81 3.44 7.16 2.57 3.11 2.08 10.45 8.54 2.09 2.03 
8.27 3.27 3.23 4.24 1.47 1.63 1.66 3.00 7.12 2.29 3.88 4.86 6.77 7.38 1.09 5.40 3.85 1.84 6.41 1.66 5.30 4.23 3.78 6.98 3.37 2.71 5.77 3.61 2.88 5.28 8.22 8.87 7.61 6.95 4.55 2.65 7.50 8.24 3.38 0.76 3.69 4.50 3.12 8.18 7.65 6.89 8.50 1.44 7.81 6.96 7.85 1.87 4.31 8.04 7.82 
8.59 2.36 6.65 9.71 5.19 7.00 7.18 8.46 11.65 3.74 4.34 4.77 10.97 9.16 6.04 4.91 4.79 6.88 6.69 7.15 0.34 9.64 7.26 10.96 8.41 8.22 7.27 8.39 2.76 5.31 8.57 13.36 8.57 9.50 2.63 3.17 8.34 11.04 7.12 5.96 6.77 8.25 2.63 10.68 10.37 10.75 11.49 5.80 10.46 6.77 7.96 6.17 9.77 8.07 10.17 
2.17 5.95 4.13 8.19 7.58 6.50 7.94 7.40 7.75 6.97 2.92 1.96 6.80 3.17 5.85 1.59 2.78 5.99 0.49 6.80 6.36 7.96 4.18 6.52 9.83 7.38 1.92 10.14 6.05 1.39 2.14 9.07 2.23 4.03 3.92 6.62 1.99 5.41 4.46 6.11 3.73 4.70 5.28 4.88 4.81 6.21 5.92 5.34 4.82 0.40 1.55 8.37 8.21 1.69 4.36 
8.61 11.13 6.49 4.95 9.91 6.91 8.06 5.83 1.48 10.73 9.05 9.18 2.29 6.41 7.58 9.48 8.60 6.72 8.55 6.96 12.87 4.78 5.91 2.52 9.07 6.15 7.14 9.58 10.86 8.97 8.56 0.47 7.64 5.22 10.83 10.93 7.80 4.54 6.02 7.83 6.44 4.94 10.61 5.12 4.76 2.84 4.15 7.59 4.86 9.10 8.82 9.76 4.87 8.96 5.41 
6.14 8.74 3.97 4.15 8.01 5.07 6.55 4.47 1.43 8.57 6.40 6.47 0.45 3.96 5.50 6.75 5.94 4.72 5.86 5.22 10.35 3.88 3.34 0.44 8.00 4.73 4.43 8.50 8.51 6.24 6.08 2.84 5.13 2.75 8.19 8.68 5.27 2.74 3.54 5.80 3.83 2.35 8.16 3.14 2.60 0.49 2.65 5.37 2.76 6.42 6.26 8.09 4.10 6.41 3.22 
9.45 4.38 4.20 3.79 1.71 1.89 0.54 2.70 7.23 3.08 5.23 6.20 7.05 8.36 2.06 6.74 5.17 2.37 7.66 1.70 6.39 3.87 4.64 7.35 2.01 2.38 6.89 2.28 3.97 6.60 9.39 8.91 8.72 7.78 5.89 3.58 8.64 8.94 4.22 1.76 4.69 5.17 4.35 8.96 8.40 7.32 9.13 2.55 8.57 8.23 9.06 1.24 3.87 9.25 8.65 
2.75 5.61 4.48 8.60 7.49 6.72 8.07 7.73 8.40 6.76 2.79 1.79 7.46 3.92 5.99 1.28 2.77 6.24 1.22 7.01 5.82 8.38 4.62 7.20 9.94 7.68 2.58 10.22 5.75 1.35 2.74 9.76 2.96 4.76 3.45 6.36 2.71 6.16 4.86 6.22 4.12 5.24 4.97 5.63 5.56 6.90 6.67 5.47 5.57 0.96 2.11 8.35 8.63 2.21 5.12 
7.35 4.19 2.04 3.26 2.90 0.66 2.08 2.05 5.73 3.57 3.63 4.47 5.34 6.20 0.44 5.01 3.43 0.45 5.66 0.92 6.14 3.18 2.48 5.55 3.97 1.85 4.77 4.34 3.85 4.76 7.29 7.48 6.59 5.65 4.82 3.81 6.51 6.87 2.07 0.68 2.53 3.11 3.82 6.85 6.30 5.46 7.11 0.74 6.47 6.26 7.00 3.13 3.33 7.19 6.52 
9.89 5.56 4.54 2.92 2.89 2.04 0.73 2.10 6.64 4.27 6.07 6.98 6.62 8.57 2.68 7.53 5.93 2.58 8.24 1.75 7.57 3.06 4.84 6.98 1.50 1.83 7.30 1.97 5.15 7.32 9.83 8.25 9.09 7.84 6.92 4.78 9.03 8.84 4.43 2.48 5.03 5.16 5.48 8.94 8.36 7.00 8.97 3.19 8.53 8.84 9.56 2.22 3.00 9.76 8.69 
10.29 4.80 5.04 4.22 1.90 2.69 1.08 3.27 7.85 3.34 5.99 6.97 7.74 9.20 2.89 7.51 5.96 3.19 8.48 2.47 6.74 4.34 5.47 8.06 1.36 2.97 7.73 1.51 4.39 7.39 10.23 9.49 9.56 8.60 6.51 3.91 9.48 9.73 5.05 2.59 5.53 5.97 4.88 9.77 9.20 8.05 9.91 3.38 9.37 9.04 9.89 0.99 4.30 10.08 9.47 
6.58 6.82 2.36 2.45 5.78 2.81 4.30 2.33 2.85 6.45 5.04 5.43 2.44 4.73 3.32 5.85 4.63 2.49 5.57 2.96 8.61 2.18 1.94 2.70 5.83 2.55 4.21 6.32 6.55 5.41 6.52 4.60 5.61 3.75 6.72 6.63 5.65 4.52 1.87 3.60 2.50 1.34 6.32 4.70 4.10 2.67 4.62 3.28 4.28 6.22 6.48 5.83 2.44 6.66 4.54 
6.28 7.17 2.54 2.86 6.26 3.32 4.83 2.85 2.50 6.88 5.18 5.48 1.97 4.35 3.77 5.87 4.75 2.97 5.42 3.48 8.89 2.59 2.02 2.19 6.36 3.08 4.02 6.85 6.91 5.40 6.22 4.23 5.30 3.31 6.91 7.02 5.35 4.00 2.06 4.06 2.58 1.19 6.63 4.21 3.61 2.15 4.09 3.68 3.79 6.06 6.23 6.34 2.84 6.40 4.07 
9.42 5.94 4.10 2.03 3.53 1.71 1.30 1.24 5.75 4.81 5.98 6.82 5.75 7.96 2.59 7.36 5.78 2.19 7.88 1.43 7.97 2.16 4.30 6.13 2.29 1.02 6.83 2.79 5.54 7.09 9.36 7.34 8.57 7.15 7.04 5.26 8.53 8.07 3.90 2.50 4.57 4.48 5.77 8.21 7.62 6.16 8.17 3.06 7.80 8.51 9.14 3.01 2.11 9.33 7.99 
4.64 5.00 0.71 4.72 5.19 3.21 4.80 3.93 5.12 5.23 2.47 2.73 4.34 3.54 2.84 3.14 2.02 2.67 3.12 3.50 6.45 4.50 0.77 4.29 6.69 3.93 2.05 7.07 4.84 2.71 4.58 6.76 3.86 3.23 4.25 5.16 3.79 4.68 0.98 3.16 0.25 1.65 4.36 4.50 4.03 4.06 5.04 2.40 4.17 3.77 4.34 5.70 4.75 4.53 4.08 
3.09 5.80 2.26 6.09 6.55 4.76 6.35 5.42 5.63 6.36 2.74 2.39 4.71 2.27 4.34 2.55 2.31 4.22 1.76 5.05 6.87 5.85 2.10 4.49 8.24 5.45 0.50 8.61 5.74 2.03 3.03 7.06 2.33 2.46 4.43 6.18 2.24 4.00 2.46 4.65 1.78 2.50 5.11 3.64 3.33 4.20 4.46 3.87 3.42 2.40 2.81 7.15 6.10 3.00 3.14 
4.48 4.62 1.04 5.17 5.10 3.43 4.95 4.30 5.66 4.99 1.94 2.19 4.86 3.65 2.91 2.62 1.49 2.90 2.80 3.72 5.98 4.96 1.30 4.79 6.85 4.27 1.94 7.21 4.50 2.21 4.43 7.28 3.78 3.51 3.73 4.87 3.68 5.01 1.44 3.21 0.74 2.19 3.96 4.77 4.35 4.56 5.40 2.43 4.47 3.42 4.12 5.69 5.20 4.31 4.32 
4.97 3.69 4.63 8.61 6.10 6.24 7.23 7.53 9.37 5.08 2.01 1.62 8.52 5.79 5.33 1.46 2.36 5.86 3.15 6.50 3.60 8.45 5.05 8.38 8.97 7.39 4.04 9.16 3.93 1.96 4.95 10.93 5.04 6.37 1.39 4.58 4.80 7.88 5.11 5.45 4.49 5.93 3.16 7.43 7.23 8.11 8.37 4.85 7.28 3.15 4.34 7.07 8.65 4.44 6.91 
3.49 5.07 2.04 6.10 5.97 4.46 5.98 5.30 6.09 5.69 1.99 1.72 5.21 2.99 3.92 1.98 1.57 3.94 1.77 4.76 6.14 5.88 2.10 5.04 7.88 5.29 1.09 8.23 5.03 1.48 3.44 7.60 2.88 3.19 3.71 5.48 2.74 4.73 2.36 4.21 1.63 2.76 4.38 4.38 4.06 4.77 5.18 3.42 4.15 2.40 3.09 6.64 6.12 3.28 3.88 
1.35 8.20 4.73 8.00 9.14 7.20 8.83 7.60 6.25 8.90 5.04 4.33 5.28 0.90 6.89 4.17 4.70 6.66 2.41 7.48 8.96 7.73 4.38 4.86 10.69 7.69 2.13 11.10 8.20 3.77 1.30 7.18 0.55 2.11 6.47 8.68 0.79 2.99 4.79 7.21 4.24 4.29 7.51 2.38 2.56 4.55 3.50 6.44 2.49 2.56 1.71 9.73 7.99 1.79 1.94 
7.82 6.62 2.95 1.20 5.01 2.03 3.18 1.01 3.61 5.94 5.49 6.09 3.52 6.08 2.87 6.57 5.15 1.99 6.60 2.05 8.55 0.98 2.81 3.89 4.53 1.29 5.33 5.03 6.28 6.18 7.75 5.30 6.88 5.13 6.99 6.22 6.89 5.90 2.54 3.05 3.28 2.58 6.22 6.09 5.50 3.92 5.96 3.05 5.67 7.25 7.65 4.85 1.23 7.84 5.93 
10.53 4.46 5.40 4.93 1.53 3.20 1.72 3.94 8.51 2.93 6.03 7.03 8.36 9.57 3.21 7.56 6.05 3.66 8.66 3.01 6.32 5.05 5.88 8.66 1.79 3.63 8.02 1.73 4.06 7.49 10.48 10.17 9.86 9.05 6.35 3.51 9.75 10.24 5.46 2.89 5.88 6.47 4.63 10.24 9.69 8.63 10.44 3.66 9.85 9.20 10.10 0.51 5.01 10.29 9.92 
1.72 9.07 5.51 8.55 9.98 7.94 9.59 8.24 6.44 9.77 5.91 5.19 5.49 1.39 7.68 5.01 5.57 7.41 3.24 8.21 9.82 8.28 5.11 5.03 11.43 8.36 2.99 11.85 9.07 4.62 1.70 7.16 1.35 2.43 7.32 9.55 1.58 2.82 5.53 8.01 5.02 4.90 8.38 2.21 2.58 4.73 3.29 7.25 2.46 3.30 2.27 10.55 8.53 2.28 1.92 
3.36 5.55 2.00 5.90 6.26 4.50 6.08 5.19 5.62 6.08 2.52 2.27 4.71 2.54 4.06 2.49 2.09 3.96 1.91 4.79 6.67 5.66 1.89 4.53 7.97 5.21 0.78 8.34 5.48 1.97 3.30 7.09 2.62 2.64 4.26 5.91 2.52 4.19 2.23 4.37 1.53 2.38 4.87 3.85 3.52 4.25 4.63 3.59 3.61 2.56 3.05 6.87 5.91 3.24 3.36 
5.32 2.82 3.68 7.52 4.97 5.08 6.04 6.40 8.60 4.04 1.01 1.30 7.81 5.67 4.15 1.57 1.46 4.72 3.31 5.33 3.35 7.37 4.18 7.72 7.78 6.25 3.78 7.98 2.98 1.87 5.29 10.23 5.15 6.02 0.87 3.60 4.93 7.57 4.17 4.26 3.63 5.12 2.19 7.19 6.90 7.48 8.02 3.69 6.98 3.54 4.71 5.91 7.57 4.85 6.68 
7.76 11.20 6.44 5.69 10.29 7.29 8.61 6.40 1.83 10.96 8.84 8.83 2.13 5.59 7.84 9.07 8.38 7.02 7.95 7.39 12.82 5.48 5.81 2.10 9.80 6.70 6.59 10.32 10.96 8.55 7.71 0.89 6.83 4.47 10.63 11.10 7.01 3.53 6.00 8.12 6.30 4.82 10.62 4.14 3.86 2.35 3.09 7.77 3.94 8.45 8.04 10.25 5.63 8.16 4.49 
8.45 0.45 5.22 7.76 3.07 5.06 5.08 6.51 10.09 1.63 3.58 4.39 9.51 8.49 4.14 4.74 3.94 5.02 6.42 5.17 1.79 7.71 5.87 9.58 6.29 6.24 6.58 6.29 0.72 4.98 8.42 11.83 8.18 8.57 2.57 1.05 7.99 10.08 5.64 4.00 5.47 6.84 1.12 9.82 9.42 9.40 10.47 4.00 9.53 6.71 7.86 4.07 7.83 8.01 9.34 
6.73 1.99 2.80 5.74 2.81 3.09 3.81 4.53 7.69 2.29 1.89 2.90 7.08 6.34 2.11 3.41 2.02 2.88 4.73 3.30 3.75 5.64 3.45 7.15 5.52 4.32 4.49 5.72 1.79 3.41 6.68 9.43 6.25 6.26 2.42 2.12 6.09 7.74 3.21 2.13 3.06 4.41 1.44 7.52 7.09 6.97 8.11 1.78 7.21 5.18 6.21 3.69 5.80 6.39 7.07 
8.64 5.70 3.34 1.78 3.62 1.11 1.61 0.62 5.19 4.75 5.37 6.16 5.10 7.16 2.09 6.70 5.13 1.50 7.13 0.90 7.71 1.81 3.51 5.44 3.02 0.30 6.05 3.51 5.32 6.40 8.58 6.84 7.78 6.36 6.57 5.13 7.74 7.31 3.12 2.09 3.79 3.69 5.44 7.43 6.85 5.46 7.43 2.50 7.02 7.76 8.37 3.32 1.86 8.56 7.20 
8.65 8.92 4.79 2.07 7.27 4.35 5.27 3.08 2.01 8.26 7.47 7.89 2.56 6.58 5.19 8.31 7.07 4.30 7.91 4.34 10.82 1.92 4.40 3.07 6.18 3.39 6.50 6.69 8.59 7.85 8.59 3.34 7.65 5.42 9.10 8.55 7.73 5.56 4.31 5.37 4.95 3.68 8.49 5.97 5.41 3.29 5.42 5.33 5.58 8.54 8.65 7.00 1.99 8.82 6.00 
5.08 8.46 3.71 4.89 8.10 5.31 6.90 4.99 2.46 8.49 5.85 5.78 1.49 2.90 5.55 6.00 5.39 4.88 4.94 5.51 9.93 4.62 3.05 1.11 8.49 5.21 3.54 8.98 8.27 5.48 5.03 3.64 4.08 1.68 7.65 8.52 4.22 1.88 3.36 5.87 3.44 2.15 7.83 2.17 1.60 0.79 1.96 5.33 1.77 5.47 5.23 8.31 4.86 5.38 2.18 
9.31 7.74 4.50 0.38 5.65 3.05 3.49 1.59 3.91 6.82 6.98 7.62 4.20 7.48 4.02 8.11 6.66 3.23 8.16 2.92 9.73 0.59 4.37 4.67 4.19 1.85 6.87 4.70 7.37 7.74 9.25 5.34 8.35 6.44 8.39 7.20 8.38 6.98 4.11 4.10 4.84 4.05 7.43 7.27 6.68 4.80 6.95 4.33 6.85 8.81 9.18 5.22 0.34 9.36 7.18 
8.75 10.47 5.97 3.96 9.07 6.09 7.14 4.92 1.20 9.96 8.61 8.85 2.18 6.55 6.83 9.19 8.17 5.95 8.45 6.11 12.28 3.81 5.44 2.59 8.07 5.24 7.01 8.58 10.17 8.70 8.69 1.50 7.75 5.34 10.35 10.20 7.89 4.94 5.48 7.05 6.00 4.52 9.98 5.48 5.03 2.90 4.64 6.89 5.16 9.03 8.89 8.85 3.89 9.04 5.68 
9.27 1.37 5.39 7.25 2.10 4.64 4.29 6.02 9.98 0.73 4.32 5.23 9.51 9.06 3.85 5.65 4.60 4.73 7.24 4.68 2.87 7.25 6.04 9.64 5.26 5.72 7.18 5.21 1.16 5.81 9.23 11.74 8.89 8.98 3.67 0.61 8.72 10.44 5.74 3.62 5.72 6.96 1.94 10.24 9.79 9.50 10.79 3.86 9.92 7.59 8.71 3.02 7.33 8.87 9.79 
4.84 4.89 0.52 4.58 5.01 3.01 4.61 3.76 5.12 5.08 2.47 2.80 4.36 3.73 2.64 3.24 2.03 2.48 3.30 3.30 6.39 4.36 0.70 4.34 6.49 3.76 2.25 6.88 4.73 2.82 4.78 6.77 4.05 3.39 4.24 5.03 3.98 4.82 0.84 2.97 0.14 1.65 4.26 4.65 4.18 4.12 5.17 2.21 4.32 3.94 4.53 5.51 4.60 4.72 4.24 
7.23 6.31 2.39 1.80 4.95 1.95 3.34 1.37 3.59 5.76 4.98 5.53 3.33 5.53 2.63 6.01 4.62 1.74 6.01 2.05 8.20 1.57 2.22 3.64 4.86 1.57 4.74 5.35 6.00 5.61 7.17 5.32 6.30 4.63 6.53 6.00 6.31 5.48 1.96 2.86 2.69 2.02 5.87 5.64 5.04 3.63 5.59 2.72 5.22 6.66 7.06 4.92 1.81 7.25 5.44 
8.00 9.16 4.71 2.88 7.79 4.79 5.92 3.70 1.04 8.65 7.38 7.68 1.64 5.87 5.52 8.05 6.95 4.64 7.46 4.83 10.98 2.68 4.22 2.15 7.00 4.01 6.02 7.52 8.86 7.57 7.94 2.54 6.99 4.67 9.09 8.89 7.10 4.65 4.22 5.75 4.78 3.36 8.67 5.10 4.57 2.39 4.48 5.57 4.72 8.07 8.06 7.62 2.81 8.23 5.18 
9.43 3.82 4.31 4.40 1.06 2.25 1.19 3.26 7.72 2.45 4.99 5.98 7.49 8.48 2.12 6.52 4.99 2.65 7.57 2.12 5.80 4.46 4.81 7.76 2.39 2.94 6.91 2.54 3.41 6.42 9.37 9.43 8.75 7.98 5.47 2.98 8.65 9.21 4.40 1.79 4.78 5.44 3.85 9.20 8.65 7.70 9.44 2.55 8.81 8.11 9.00 0.79 4.48 9.19 8.86 
6.95 10.79 6.01 5.83 10.09 7.13 8.54 6.39 2.00 10.66 8.28 8.21 1.89 4.79 7.59 8.41 7.82 6.80 7.22 7.26 12.33 5.59 5.36 1.67 9.87 6.67 5.90 10.38 10.57 7.90 6.90 1.70 6.03 3.70 10.08 10.76 6.22 2.69 5.60 7.88 5.81 4.39 10.19 3.30 3.05 1.83 2.25 7.46 3.12 7.70 7.24 10.13 5.76 7.36 3.67 
7.13 1.46 3.33 6.10 2.60 3.41 3.92 4.87 8.20 1.85 2.21 3.20 7.60 6.84 2.44 3.68 2.43 3.26 5.12 3.59 3.31 6.02 3.98 7.68 5.52 4.64 4.97 5.68 1.25 3.74 7.09 9.94 6.70 6.79 2.33 1.61 6.53 8.27 3.74 2.39 3.59 4.94 0.98 8.05 7.62 7.50 8.64 2.19 7.74 5.53 6.60 3.56 6.17 6.77 7.59 
7.55 7.42 3.25 1.64 5.99 2.99 4.20 2.00 2.59 6.85 5.92 6.38 2.54 5.64 3.73 6.82 5.53 2.84 6.58 3.04 9.28 1.37 2.91 2.95 5.49 2.30 5.21 6.00 7.10 6.38 7.49 4.29 6.57 4.58 7.54 7.10 6.62 5.13 2.78 3.95 3.45 2.34 6.96 5.40 4.81 3.03 5.14 3.82 4.99 7.22 7.47 5.86 1.61 7.65 5.31 
6.50 6.38 1.99 2.49 5.37 2.43 3.97 2.14 3.29 6.02 4.66 5.10 2.85 4.76 2.89 5.54 4.26 2.08 5.37 2.60 8.17 2.23 1.64 3.08 5.58 2.32 4.05 6.06 6.10 5.11 6.44 5.04 5.56 3.85 6.32 6.19 5.57 4.75 1.50 3.17 2.18 1.26 5.88 4.88 4.29 3.03 4.88 2.84 4.46 6.02 6.36 5.45 2.49 6.54 4.67 
2.11 9.12 5.36 8.23 9.89 7.75 9.40 7.98 6.01 9.75 5.97 5.31 5.08 1.18 7.54 5.17 5.61 7.22 3.43 8.01 9.95 7.96 4.92 4.61 11.22 8.11 2.98 11.65 9.10 4.76 2.08 6.72 1.55 2.07 7.45 9.56 1.80 2.37 5.34 7.87 4.88 4.63 8.43 1.76 2.14 4.31 2.84 7.13 2.02 3.56 2.61 10.42 8.22 2.65 1.50 
8.31 0.75 4.54 6.81 2.18 4.12 4.12 5.56 9.27 0.86 3.36 4.29 8.74 8.11 3.23 4.72 3.64 4.11 6.28 4.22 2.73 6.77 5.19 8.85 5.39 5.28 6.23 5.43 0.35 4.86 8.27 11.02 7.93 8.06 2.87 0.37 7.75 9.53 4.91 3.06 4.84 6.13 1.07 9.32 8.88 8.69 9.90 3.14 9.01 6.65 7.76 3.20 6.88 7.92 8.86 
8.79 6.70 3.71 0.73 4.67 2.01 2.58 0.55 4.36 5.79 6.05 6.76 4.43 7.11 2.99 7.27 5.76 2.23 7.47 1.87 8.69 0.79 3.70 4.83 3.62 0.81 6.26 4.13 6.33 6.92 8.73 5.95 7.87 6.18 7.40 6.16 7.87 6.93 3.38 3.06 4.11 3.60 6.40 7.14 6.54 4.90 6.98 3.32 6.72 8.12 8.59 4.31 0.81 8.78 6.98 
8.43 8.83 4.63 2.13 7.25 4.30 5.29 3.07 1.85 8.21 7.31 7.71 2.35 6.36 5.11 8.13 6.91 4.23 7.71 4.30 10.71 1.96 4.22 2.86 6.26 3.39 6.29 6.77 8.51 7.67 8.37 3.25 7.43 5.19 8.96 8.48 7.51 5.34 4.15 5.31 4.78 3.48 8.39 5.74 5.19 3.07 5.21 5.24 5.35 8.34 8.44 7.01 2.06 8.61 5.78 
2.04 6.04 3.69 7.68 7.43 6.13 7.62 6.94 7.12 6.95 2.92 2.06 6.16 2.61 5.54 1.84 2.68 5.60 0.15 6.42 6.65 7.44 3.66 5.88 9.52 6.94 1.29 9.86 6.10 1.48 2.00 8.43 1.82 3.40 4.16 6.64 1.60 4.81 3.98 5.82 3.25 4.12 5.36 4.30 4.20 5.57 5.32 5.04 4.23 0.78 1.52 8.18 7.69 1.70 3.78 
1.44 6.64 4.10 7.98 8.00 6.58 8.11 7.31 7.12 7.54 3.51 2.66 6.15 2.26 6.04 2.41 3.27 6.05 0.63 6.87 7.22 7.73 4.00 5.83 10.00 7.33 1.46 10.36 6.70 2.07 1.40 8.34 1.29 3.21 4.74 7.24 1.05 4.52 4.34 6.33 3.64 4.33 5.96 3.97 3.95 5.51 5.04 5.54 3.95 0.80 0.97 8.72 7.99 1.16 3.46 
7.40 10.22 5.50 4.70 9.25 6.25 7.57 5.37 0.83 9.95 7.97 8.05 1.17 5.20 6.82 8.32 7.52 5.99 7.35 6.35 11.89 4.48 4.88 1.32 8.79 5.67 5.94 9.31 9.97 7.81 7.35 1.26 6.42 4.01 9.76 10.10 6.59 3.41 5.04 7.09 5.39 3.90 9.66 3.97 3.57 1.63 3.08 6.76 3.69 7.89 7.61 9.21 4.64 7.74 4.22 
6.25 6.63 2.07 2.75 5.73 2.82 4.37 2.51 3.03 6.33 4.74 5.11 2.51 4.44 3.23 5.52 4.32 2.45 5.22 2.99 8.38 2.49 1.61 2.71 5.98 2.70 3.86 6.46 6.37 5.07 6.19 4.77 5.29 3.49 6.45 6.48 5.32 4.35 1.58 3.52 2.17 1.00 6.10 4.49 3.90 2.64 4.49 3.14 4.08 5.87 6.14 5.84 2.75 6.32 4.30 
1.58 6.51 4.01 7.91 7.88 6.48 8.00 7.23 7.12 7.41 3.38 2.52 6.15 2.33 5.93 2.28 3.14 5.95 0.49 6.77 7.09 7.67 3.92 5.84 9.90 7.24 1.41 10.25 6.57 1.94 1.53 8.36 1.41 3.25 4.61 7.11 1.17 4.59 4.26 6.22 3.55 4.28 5.83 4.05 4.00 5.53 5.10 5.43 4.01 0.75 1.08 8.60 7.92 1.27 3.53 
9.18 4.20 3.95 3.77 1.64 1.70 0.64 2.64 7.12 2.94 4.96 5.93 6.91 8.11 1.79 6.47 4.90 2.15 7.39 1.54 6.21 3.83 4.40 7.19 2.28 2.32 6.63 2.55 3.79 6.33 9.13 8.82 8.46 7.55 5.64 3.43 8.38 8.73 3.98 1.49 4.44 4.96 4.14 8.74 8.19 7.15 8.94 2.28 8.35 7.96 8.79 1.34 3.85 8.98 8.43 
10.55 4.84 5.33 4.51 1.91 3.00 1.40 3.58 8.16 3.34 6.19 7.18 8.06 9.49 3.17 7.72 6.18 3.49 8.73 2.78 6.75 4.64 5.77 8.38 1.32 3.28 8.01 1.36 4.43 7.61 10.50 9.80 9.84 8.91 6.63 3.92 9.75 10.05 5.35 2.86 5.82 6.29 4.96 10.08 9.52 8.37 10.23 3.65 9.69 9.28 10.15 0.92 4.59 10.34 9.78 
9.50 2.02 5.20 6.60 1.29 4.08 3.52 5.39 9.54 0.53 4.57 5.55 9.13 9.08 3.40 6.01 4.79 4.25 7.48 4.08 3.72 6.62 5.83 9.31 4.41 5.08 7.26 4.35 1.69 6.10 9.45 11.29 9.04 8.89 4.23 1.04 8.88 10.30 5.49 3.13 5.58 6.69 2.44 10.15 9.67 9.19 10.62 3.53 9.81 7.89 8.97 2.17 6.68 9.14 9.73 
7.61 1.39 3.59 6.02 2.14 3.32 3.62 4.78 8.34 1.39 2.70 3.69 7.79 7.25 2.37 4.17 2.89 3.25 5.59 3.46 3.37 5.97 4.24 7.89 5.14 4.52 5.40 5.27 1.06 4.23 7.56 10.09 7.15 7.14 2.73 1.24 6.99 8.61 3.96 2.27 3.90 5.18 1.14 8.41 7.96 7.73 8.96 2.23 8.09 6.02 7.08 3.11 6.09 7.25 7.96 
7.50 0.57 4.32 7.19 3.12 4.49 4.82 5.95 9.26 1.89 2.59 3.43 8.63 7.50 3.52 3.82 2.95 4.36 5.46 4.64 2.21 7.11 4.96 8.68 6.27 5.70 5.58 6.35 0.72 4.02 7.46 10.99 7.20 7.58 1.84 1.37 7.00 9.10 4.76 3.45 4.52 5.94 0.13 8.83 8.43 8.49 9.50 3.28 8.55 5.77 6.92 4.14 7.25 7.07 8.35 
3.88 6.90 2.40 5.17 7.02 4.61 6.27 4.81 4.03 7.15 4.11 3.97 3.08 2.04 4.54 4.18 3.65 4.10 3.24 4.87 8.23 4.91 1.83 2.85 8.07 4.94 1.80 8.50 6.77 3.67 3.81 5.42 2.89 1.34 5.89 7.10 2.94 2.75 2.25 4.87 1.99 1.47 6.25 2.59 2.10 2.56 3.12 4.18 2.24 3.83 3.84 7.42 5.17 4.01 2.22 
8.82 6.62 3.71 0.82 4.57 1.94 2.47 0.50 4.46 5.70 6.02 6.74 4.52 7.15 2.92 7.25 5.74 2.18 7.48 1.80 8.62 0.89 3.72 4.92 3.52 0.73 6.28 4.03 6.25 6.91 8.75 6.05 7.90 6.23 7.35 6.08 7.90 7.00 3.38 2.99 4.11 3.64 6.33 7.20 6.61 4.98 7.06 3.27 6.78 8.12 8.61 4.20 0.90 8.80 7.04 
4.96 7.66 2.90 4.44 7.31 4.57 6.18 4.38 2.76 7.68 5.12 5.12 1.82 2.88 4.76 5.39 4.66 4.12 4.50 4.78 9.16 4.17 2.25 1.63 7.84 4.57 3.07 8.31 7.47 4.88 4.90 4.19 3.95 1.75 6.92 7.71 4.05 2.49 2.55 5.09 2.66 1.36 7.05 2.64 2.04 1.37 2.67 4.53 2.22 5.08 5.01 7.55 4.42 5.17 2.49 
8.87 1.21 5.97 8.55 3.73 5.86 5.82 7.30 10.87 2.29 4.12 4.83 10.27 9.07 4.94 5.12 4.52 5.82 6.86 5.97 1.19 8.51 6.61 10.33 6.94 7.03 7.15 6.90 1.52 5.42 8.84 12.61 8.67 9.21 2.82 1.75 8.47 10.74 6.40 4.80 6.18 7.59 1.79 10.45 10.07 10.14 11.14 4.80 10.18 7.08 8.26 4.70 8.63 8.40 9.96 
7.46 0.73 4.61 7.60 3.53 4.91 5.26 6.37 9.58 2.25 2.65 3.40 8.93 7.59 3.94 3.73 3.05 4.77 5.44 5.08 1.82 7.53 5.24 8.96 6.70 6.13 5.68 6.77 1.04 3.99 7.43 11.31 7.22 7.75 1.58 1.68 7.02 9.28 5.06 3.88 4.78 6.23 0.53 8.98 8.61 8.76 9.69 3.68 8.72 5.71 6.87 4.55 7.67 7.01 8.49 
8.32 5.36 3.00 2.07 3.40 0.72 1.58 0.82 5.25 4.46 4.97 5.78 5.09 6.90 1.70 6.31 4.75 1.12 6.78 0.53 7.36 2.06 3.21 5.40 3.19 0.54 5.73 3.65 4.98 6.03 8.26 6.94 7.48 6.15 6.18 4.82 7.44 7.16 2.81 1.73 3.47 3.48 5.08 7.26 6.67 5.40 7.31 2.11 6.85 7.41 8.04 3.21 2.14 8.23 7.00 
6.27 7.76 3.07 3.21 6.89 3.94 5.42 3.38 1.94 7.51 5.66 5.88 1.34 4.23 4.40 6.23 5.21 3.61 5.61 4.09 9.46 2.93 2.50 1.57 6.90 3.62 4.18 7.40 7.51 5.74 6.21 3.65 5.27 3.09 7.42 7.64 5.35 3.57 2.60 4.69 3.04 1.55 7.21 3.84 3.25 1.55 3.59 4.31 3.43 6.23 6.28 6.96 3.17 6.45 3.77 
8.44 5.51 3.13 1.93 3.50 0.88 1.60 0.71 5.20 4.59 5.14 5.93 5.07 6.99 1.86 6.47 4.90 1.27 6.92 0.68 7.51 1.94 3.32 5.40 3.13 0.40 5.85 3.60 5.13 6.18 8.38 6.88 7.59 6.22 6.34 4.96 7.55 7.20 2.92 1.88 3.59 3.55 5.23 7.31 6.73 5.40 7.34 2.27 6.90 7.55 8.16 3.26 2.01 8.36 7.07 
9.96 5.50 4.61 3.05 2.81 2.11 0.70 2.22 6.78 4.20 6.08 7.00 6.75 8.65 2.71 7.55 5.96 2.65 8.29 1.83 7.51 3.20 4.93 7.10 1.40 1.95 7.37 1.86 5.09 7.35 9.90 8.38 9.16 7.94 6.91 4.71 9.10 8.95 4.51 2.50 5.10 5.27 5.44 9.05 8.47 7.12 9.08 3.23 8.64 8.89 9.63 2.11 3.13 9.82 8.79 
5.48 9.92 5.20 6.04 9.60 6.77 8.33 6.32 2.72 9.99 7.20 7.01 2.03 3.33 7.05 7.16 6.74 6.36 5.85 6.96 11.33 5.78 4.55 1.54 9.85 6.57 4.59 10.35 9.75 6.64 5.43 3.11 4.57 2.31 8.98 10.01 4.77 1.25 4.86 7.37 4.91 3.66 9.29 1.85 1.59 1.41 0.89 6.83 1.65 6.30 5.79 9.79 5.99 5.90 2.20 
5.82 6.67 1.97 3.20 5.96 3.13 4.72 2.95 3.05 6.48 4.58 4.87 2.40 3.99 3.43 5.25 4.15 2.71 4.85 3.33 8.35 2.94 1.41 2.52 6.38 3.12 3.46 6.85 6.43 4.79 5.75 4.75 4.85 3.04 6.32 6.58 4.88 3.96 1.50 3.74 1.97 0.59 6.11 4.07 3.48 2.40 4.12 3.28 3.66 5.49 5.72 6.13 3.19 5.90 3.86 
11.66 5.91 6.38 4.91 2.98 3.96 2.30 4.21 8.72 4.36 7.36 8.35 8.74 10.52 4.27 8.89 7.34 4.48 9.87 3.70 7.75 5.09 6.78 9.10 0.82 3.95 9.10 0.40 5.51 8.77 11.61 10.28 10.93 9.87 7.78 4.96 10.85 10.93 6.36 3.98 6.88 7.21 6.08 11.01 10.43 9.12 11.07 4.77 10.60 10.43 11.28 1.96 4.98 11.47 10.73 
7.74 4.88 2.39 2.54 3.25 0.24 1.85 1.31 5.29 4.13 4.32 5.11 5.01 6.41 1.13 5.65 4.08 0.46 6.15 0.43 6.85 2.47 2.68 5.28 3.64 1.11 5.15 4.07 4.52 5.37 7.68 7.03 6.92 5.73 5.56 4.43 6.87 6.84 2.27 1.25 2.87 3.09 4.54 6.89 6.32 5.23 7.03 1.47 6.49 6.78 7.44 3.25 2.61 7.63 6.60 
8.55 1.27 4.48 6.45 1.67 3.78 3.65 5.20 9.07 0.44 3.62 4.58 8.58 8.22 2.95 5.04 3.84 3.84 6.53 3.86 3.22 6.43 5.12 8.72 4.88 4.92 6.37 4.92 0.86 5.14 8.51 10.83 8.12 8.09 3.32 0.44 7.95 9.54 4.82 2.75 4.82 6.04 1.52 9.35 8.90 8.58 9.88 2.94 9.03 6.93 8.01 2.69 6.52 8.18 8.92 
7.72 5.88 2.57 1.67 4.27 1.28 2.57 0.73 4.29 5.18 4.94 5.62 4.10 6.14 2.12 6.12 4.63 1.26 6.34 1.32 7.83 1.53 2.59 4.42 4.10 0.84 5.16 4.58 5.54 5.77 7.65 6.01 6.82 5.30 6.36 5.47 6.80 6.23 2.24 2.29 2.97 2.64 5.50 6.36 5.77 4.41 6.35 2.35 5.94 6.98 7.49 4.17 1.72 7.68 6.14 
7.47 11.01 6.25 5.69 10.18 7.19 8.54 6.35 1.82 10.82 8.61 8.59 1.97 5.29 7.71 8.81 8.15 6.90 7.67 7.30 12.61 5.47 5.61 1.89 9.78 6.64 6.32 10.29 10.78 8.29 7.42 1.16 6.53 4.18 10.41 10.94 6.72 3.23 5.82 7.99 6.09 4.62 10.43 3.84 3.57 2.12 2.79 7.62 3.64 8.17 7.75 10.17 5.62 7.86 4.19 
2.26 9.23 5.42 8.22 9.97 7.79 9.45 7.99 5.94 9.85 6.09 5.44 5.01 1.25 7.61 5.31 5.72 7.26 3.57 8.05 10.08 7.95 4.96 4.54 11.26 8.13 3.09 11.69 9.21 4.89 2.23 6.61 1.70 2.05 7.58 9.66 1.95 2.26 5.39 7.94 4.94 4.65 8.54 1.65 2.06 4.24 2.72 7.19 1.93 3.71 2.77 10.49 8.21 2.80 1.42 
4.22 8.67 4.07 5.88 8.64 6.01 7.64 5.86 3.41 8.88 5.83 5.58 2.46 2.01 6.11 5.70 5.37 5.54 4.40 6.23 9.97 5.60 3.45 2.00 9.32 6.06 3.13 9.79 8.53 5.19 4.16 4.32 3.25 0.87 7.59 8.84 3.42 1.04 3.83 6.44 3.71 2.73 8.01 1.16 0.57 1.70 1.36 5.82 0.74 4.86 4.45 8.95 5.85 4.57 1.14 
5.51 9.35 4.59 5.36 8.93 6.08 7.63 5.62 2.25 9.36 6.72 6.61 1.43 3.31 6.38 6.80 6.26 5.68 5.62 6.26 10.81 5.10 3.94 0.92 9.15 5.87 4.28 9.64 9.16 6.28 5.45 3.03 4.54 2.15 8.52 9.40 4.72 1.60 4.23 6.70 4.33 3.02 8.72 2.10 1.66 0.73 1.44 6.18 1.78 6.12 5.74 9.10 5.32 5.87 2.32 
8.02 8.65 4.34 2.28 7.20 4.21 5.31 3.08 1.60 8.09 7.02 7.38 1.98 5.94 4.97 7.78 6.60 4.09 7.32 4.24 10.50 2.07 3.89 2.48 6.39 3.40 5.90 6.91 8.34 7.32 7.96 3.15 7.01 4.78 8.69 8.35 7.10 4.95 3.85 5.19 4.45 3.11 8.19 5.34 4.78 2.68 4.83 5.06 4.95 7.95 8.03 7.01 2.21 8.20 5.37 
7.76 10.65 5.93 4.96 9.64 6.63 7.91 5.70 1.12 10.36 8.42 8.49 1.62 5.56 7.22 8.76 7.96 6.38 7.76 6.72 12.33 4.75 5.32 1.75 9.08 6.00 6.36 9.59 10.40 8.25 7.71 0.82 6.79 4.39 10.21 10.52 6.96 3.68 5.48 7.49 5.84 4.34 10.10 4.26 3.90 2.05 3.31 7.18 4.00 8.30 7.99 9.57 4.89 8.12 4.55 
11.37 5.08 6.22 5.42 2.23 3.96 2.38 4.55 9.12 3.51 6.84 7.84 9.03 10.40 4.04 8.37 6.88 4.44 9.50 3.75 6.84 5.57 6.69 9.36 1.67 4.25 8.85 1.38 4.69 8.31 11.31 10.75 10.69 9.85 7.07 4.10 10.59 11.01 6.27 3.72 6.71 7.25 5.32 11.04 10.47 9.35 11.20 4.49 10.64 10.03 10.94 1.28 5.50 11.13 10.72 
6.61 8.49 3.80 3.46 7.56 4.58 5.99 3.86 1.23 8.21 6.36 6.54 0.68 4.47 5.09 6.86 5.91 4.27 6.13 4.70 10.19 3.20 3.21 1.06 7.37 4.13 4.69 7.87 8.24 6.37 6.55 2.92 5.60 3.28 8.13 8.36 5.71 3.42 3.33 5.37 3.75 2.25 7.94 3.80 3.24 1.18 3.34 5.02 3.41 6.73 6.68 7.57 3.42 6.84 3.83 
10.52 4.17 5.47 5.25 1.29 3.38 2.00 4.23 8.77 2.62 5.92 6.92 8.59 9.63 3.28 7.45 5.97 3.80 8.62 3.22 6.00 5.36 5.98 8.88 2.16 3.91 8.03 2.06 3.78 7.40 10.46 10.45 9.87 9.15 6.13 3.21 9.76 10.38 5.57 2.95 5.94 6.61 4.39 10.36 9.82 8.84 10.60 3.69 9.98 9.13 10.07 0.40 5.33 10.26 10.03 
5.13 5.33 0.56 4.06 5.13 2.81 4.46 3.34 4.54 5.36 3.07 3.41 3.81 3.77 2.64 3.83 2.64 2.27 3.75 3.08 6.91 3.84 0.10 3.82 6.30 3.38 2.55 6.72 5.13 3.40 5.06 6.21 4.27 3.24 4.82 5.37 4.23 4.56 0.40 2.98 0.47 1.09 4.72 4.47 3.96 3.63 4.87 2.30 4.11 4.39 4.88 5.53 4.08 5.07 4.11 
10.05 5.90 4.70 2.72 3.24 2.21 1.07 2.03 6.51 4.62 6.33 7.23 6.54 8.66 2.93 7.78 6.19 2.74 8.43 1.92 7.91 2.89 4.96 6.92 1.50 1.79 7.45 2.00 5.49 7.55 9.99 8.09 9.22 7.89 7.24 5.13 9.17 8.84 4.56 2.76 5.18 5.22 5.81 8.97 8.39 6.95 8.96 3.44 8.56 9.05 9.74 2.54 2.80 9.93 8.74 
4.26 7.00 2.36 4.83 6.95 4.42 6.08 4.53 3.66 7.16 4.31 4.24 2.73 2.36 4.43 4.49 3.84 3.93 3.62 4.67 8.40 4.56 1.74 2.52 7.84 4.67 2.18 8.29 6.84 3.98 4.19 5.09 3.26 1.50 6.10 7.14 3.33 2.75 2.13 4.77 2.00 1.19 6.36 2.68 2.14 2.24 3.06 4.11 2.30 4.21 4.23 7.30 4.82 4.41 2.36 
9.32 4.83 4.00 3.19 2.29 1.54 0.12 2.12 6.68 3.60 5.34 6.27 6.55 8.11 1.99 6.82 5.23 2.07 7.61 1.29 6.84 3.27 4.37 6.86 2.00 1.81 6.74 2.38 4.42 6.63 9.26 8.35 8.55 7.46 6.16 4.08 8.48 8.55 3.95 1.76 4.49 4.81 4.73 8.61 8.04 6.85 8.72 2.51 8.21 8.20 8.97 1.82 3.27 9.16 8.33 
4.19 6.60 2.00 4.81 6.62 4.18 5.85 4.41 3.97 6.79 3.90 3.87 3.06 2.45 4.12 4.13 3.44 3.67 3.37 4.44 8.00 4.55 1.42 2.89 7.64 4.52 1.93 8.08 6.45 3.63 4.13 5.45 3.22 1.76 5.70 6.75 3.26 3.10 1.83 4.46 1.62 1.08 5.96 2.99 2.48 2.62 3.44 3.78 2.63 3.98 4.11 7.00 4.81 4.29 2.63 
7.64 8.32 3.94 2.28 6.96 3.96 5.15 2.93 1.65 7.80 6.62 6.97 1.82 5.59 4.67 7.37 6.20 3.79 6.91 4.01 10.15 2.04 3.49 2.29 6.33 3.23 5.49 6.85 8.01 6.91 7.58 3.32 6.64 4.43 8.30 8.04 6.72 4.70 3.45 4.90 4.05 2.70 7.84 5.06 4.49 2.46 4.62 4.73 4.66 7.54 7.64 6.82 2.22 7.81 5.06 
1.43 7.69 4.26 7.65 8.63 6.74 8.37 7.19 6.13 8.39 4.53 3.84 5.15 0.86 6.40 3.72 4.19 6.20 1.99 7.02 8.48 7.38 3.93 4.76 10.23 7.28 1.62 10.63 7.69 3.29 1.37 7.17 0.42 2.01 5.99 8.17 0.57 3.13 4.34 6.72 3.77 3.92 7.00 2.55 2.61 4.45 3.65 5.95 2.58 2.23 1.60 9.24 7.64 1.72 2.06 
6.83 7.63 3.11 2.54 6.52 3.53 4.92 2.80 2.05 7.24 5.77 6.10 1.75 4.83 4.10 6.49 5.35 3.26 6.03 3.64 9.41 2.27 2.62 2.10 6.32 3.06 4.62 6.82 7.35 6.02 6.77 3.80 5.83 3.73 7.48 7.43 5.90 4.23 2.62 4.37 3.18 1.81 7.12 4.51 3.92 2.14 4.24 4.09 4.09 6.66 6.80 6.51 2.51 6.97 4.43 
1.23 7.69 4.37 7.82 8.70 6.86 8.48 7.34 6.33 8.42 4.53 3.80 5.36 1.06 6.50 3.65 4.19 6.32 1.90 7.14 8.44 7.55 4.07 4.97 10.35 7.42 1.68 10.75 7.69 3.24 1.17 7.37 0.22 2.21 5.94 8.19 0.38 3.31 4.47 6.82 3.88 4.09 7.00 2.72 2.80 4.65 3.83 6.04 2.77 2.09 1.40 9.32 7.81 1.52 2.24 
6.15 4.30 0.85 3.78 3.81 1.73 3.29 2.75 5.36 4.12 2.82 3.51 4.78 5.03 1.33 4.03 2.51 1.22 4.49 2.03 6.07 3.62 1.40 4.90 5.17 2.66 3.56 5.55 4.05 3.72 6.09 7.10 5.38 4.56 4.32 4.20 5.31 5.88 1.02 1.67 1.34 2.22 3.78 5.80 5.28 4.75 6.17 0.98 5.43 5.11 5.80 4.22 3.83 6.00 5.43 
8.62 10.84 6.24 4.55 9.56 6.56 7.68 5.45 1.25 10.40 8.83 9.01 2.15 6.41 7.25 9.32 8.39 6.38 8.46 6.60 12.60 4.38 5.68 2.46 8.67 5.77 7.03 9.18 10.56 8.82 8.56 0.87 7.63 5.21 10.60 10.61 7.78 4.64 5.76 7.50 6.22 4.72 10.32 5.21 4.81 2.78 4.29 7.28 4.92 9.02 8.80 9.38 4.47 8.94 5.46 
6.36 7.83 3.15 3.16 6.93 3.97 5.43 3.37 1.86 7.56 5.74 5.97 1.29 4.30 4.45 6.32 5.30 3.64 5.71 4.11 9.53 2.89 2.58 1.55 6.90 3.62 4.27 7.40 7.58 5.83 6.29 3.58 5.35 3.17 7.50 7.70 5.44 3.61 2.68 4.73 3.12 1.64 7.28 3.89 3.31 1.55 3.62 4.36 3.48 6.32 6.37 6.98 3.13 6.54 3.84 
4.05 9.11 4.59 6.44 9.19 6.59 8.22 6.45 3.78 9.38 6.19 5.86 2.88 1.91 6.66 5.94 5.75 6.11 4.51 6.81 10.34 6.17 3.99 2.39 9.91 6.65 3.36 10.38 8.99 5.44 4.00 4.50 3.14 1.04 7.92 9.32 3.34 0.52 4.37 7.00 4.21 3.30 8.44 0.61 0.17 2.11 0.97 6.36 0.24 4.92 4.36 9.52 6.41 4.47 0.78 
6.09 2.54 4.70 8.39 5.18 5.84 6.58 7.22 9.66 4.02 2.07 2.28 8.88 6.66 4.86 2.38 2.53 5.54 4.17 6.06 2.44 8.25 5.23 8.80 8.21 7.04 4.80 8.35 2.83 2.80 6.07 11.30 6.05 7.08 0.38 3.48 5.82 8.62 5.19 4.92 4.68 6.18 2.10 8.23 7.96 8.56 9.09 4.46 8.03 4.28 5.47 6.18 8.44 5.59 7.71 
7.63 0.59 4.71 7.63 3.45 4.93 5.23 6.39 9.67 2.13 2.80 3.56 9.03 7.74 3.96 3.90 3.19 4.80 5.60 5.09 1.77 7.56 5.34 9.07 6.63 6.15 5.83 6.69 0.94 4.15 7.59 11.40 7.38 7.88 1.74 1.56 7.18 9.41 5.15 3.89 4.89 6.33 0.56 9.12 8.74 8.87 9.82 3.72 8.85 5.87 7.03 4.47 7.70 7.18 8.63 
7.82 10.55 5.85 4.78 9.50 6.49 7.75 5.53 0.96 10.23 8.36 8.45 1.56 5.61 7.10 8.73 7.91 6.25 7.77 6.57 12.24 4.58 5.25 1.74 8.90 5.84 6.36 9.42 10.30 8.22 7.76 0.87 6.84 4.43 10.14 10.40 7.01 3.78 5.39 7.36 5.77 4.27 10.00 4.36 3.97 2.05 3.43 7.06 4.08 8.31 8.03 9.42 4.71 8.16 4.63 
3.91 4.89 1.59 5.67 5.60 4.01 5.54 4.85 5.85 5.40 1.94 1.91 5.00 3.22 3.48 2.26 1.49 3.49 2.22 4.30 6.08 5.45 1.70 4.87 7.43 4.84 1.41 7.79 4.81 1.79 3.86 7.41 3.25 3.26 3.72 5.23 3.13 4.79 1.93 3.78 1.19 2.44 4.21 4.49 4.12 4.61 5.22 2.99 4.23 2.85 3.53 6.24 5.70 3.73 4.01 
10.07 2.82 5.50 6.36 1.00 4.01 3.15 5.20 9.54 1.27 5.20 6.19 9.21 9.51 3.51 6.67 5.37 4.28 8.07 3.96 4.48 6.41 6.10 9.42 3.75 4.88 7.75 3.64 2.47 6.73 10.02 11.27 9.55 9.23 5.00 1.83 9.41 10.59 5.73 3.20 5.92 6.90 3.20 10.48 9.98 9.33 10.88 3.74 10.13 8.52 9.56 1.57 6.44 9.73 10.09 
0.31 7.88 5.06 8.68 9.18 7.56 9.14 8.14 7.27 8.77 4.75 3.89 6.29 1.94 7.11 3.61 4.49 7.02 1.85 7.85 8.41 8.42 4.83 5.90 11.03 8.20 2.30 11.41 7.94 3.30 0.24 8.27 0.72 3.14 5.95 8.47 0.63 4.11 5.22 7.42 4.57 4.95 7.20 3.50 3.66 5.58 4.62 6.63 3.61 1.73 0.64 9.86 8.68 0.68 3.06 
5.08 7.96 3.19 4.52 7.57 4.79 6.39 4.52 2.55 7.96 5.42 5.40 1.59 2.95 5.02 5.66 4.95 4.36 4.72 4.99 9.46 4.24 2.54 1.36 8.01 4.73 3.29 8.49 7.76 5.14 5.02 3.93 4.07 1.78 7.21 8.00 4.18 2.32 2.83 5.34 2.95 1.62 7.34 2.52 1.93 1.08 2.46 4.80 2.11 5.29 5.16 7.79 4.49 5.32 2.43 
8.14 1.04 5.51 8.40 3.94 5.69 5.88 7.15 10.48 2.52 3.47 4.12 9.83 8.41 4.74 4.39 3.89 5.59 6.14 5.84 0.99 8.33 6.14 9.86 7.16 6.90 6.49 7.17 1.45 4.70 8.11 12.20 7.97 8.61 2.07 1.93 7.76 10.14 5.96 4.64 5.68 7.13 1.36 9.83 9.48 9.66 10.56 4.52 9.58 6.35 7.53 4.94 8.47 7.66 9.34 
10.74 5.36 5.45 4.17 2.44 3.02 1.36 3.36 7.92 3.88 6.52 7.50 7.88 9.58 3.35 8.04 6.48 3.54 8.97 2.76 7.28 4.33 5.84 8.23 0.79 3.08 8.17 0.97 4.94 7.91 10.68 9.52 9.99 8.93 7.07 4.45 9.91 10.01 5.42 3.07 5.94 6.28 5.44 10.08 9.50 8.24 10.16 3.85 9.67 9.54 10.36 1.47 4.25 10.55 9.80 
6.05 5.48 1.05 3.12 4.75 2.07 3.72 2.40 4.18 5.23 3.71 4.20 3.62 4.56 2.21 4.67 3.32 1.58 4.70 2.31 7.23 2.91 0.92 3.76 5.51 2.46 3.49 5.95 5.22 4.27 5.99 5.92 5.17 3.85 5.36 5.35 5.15 5.01 0.62 2.53 1.35 1.23 4.95 5.02 4.46 3.64 5.23 2.03 4.62 5.34 5.82 4.99 3.15 6.02 4.72 
8.54 1.62 4.26 6.07 1.34 3.42 3.26 4.82 8.76 0.55 3.65 4.64 8.30 8.11 2.62 5.12 3.84 3.50 6.54 3.48 3.60 6.05 4.90 8.45 4.53 4.54 6.29 4.58 1.21 5.18 8.50 10.51 8.07 7.93 3.54 0.83 7.91 9.35 4.58 2.39 4.63 5.79 1.77 9.19 8.72 8.32 9.68 2.66 8.86 6.97 8.02 2.36 6.14 8.20 8.77 
8.99 5.75 3.68 1.91 3.50 1.33 1.37 0.91 5.48 4.70 5.61 6.43 5.43 7.53 2.26 6.97 5.40 1.79 7.46 1.06 7.77 1.99 3.87 5.79 2.65 0.64 6.41 3.14 5.36 6.70 8.93 7.12 8.14 6.74 6.74 5.12 8.10 7.68 3.48 2.21 4.14 4.07 5.53 7.81 7.22 5.81 7.80 2.71 7.40 8.09 8.72 3.10 1.99 8.91 7.58 
2.07 6.04 3.56 7.53 7.37 6.01 7.52 6.81 6.96 6.91 2.90 2.08 6.01 2.50 5.45 1.90 2.64 5.49 0.30 6.31 6.69 7.30 3.52 5.73 9.42 6.81 1.14 9.76 6.08 1.50 2.03 8.28 1.78 3.27 4.20 6.62 1.56 4.69 3.84 5.73 3.12 3.96 5.35 4.19 4.07 5.42 5.20 4.94 4.10 0.93 1.59 8.10 7.55 1.77 3.67 
9.04 6.19 3.79 1.44 3.98 1.64 1.83 0.65 5.10 5.18 5.89 6.67 5.12 7.48 2.61 7.20 5.65 2.01 7.59 1.41 8.21 1.54 3.90 5.50 2.92 0.54 6.46 3.42 5.81 6.90 8.97 6.71 8.15 6.63 7.09 5.59 8.13 7.49 3.53 2.60 4.23 3.98 5.95 7.65 7.06 5.54 7.58 3.03 7.24 8.22 8.79 3.57 1.52 8.98 7.46 
8.11 9.82 5.28 3.61 8.53 5.52 6.67 4.45 0.60 9.36 7.90 8.13 1.54 5.92 6.22 8.47 7.47 5.35 7.75 5.57 11.60 3.42 4.73 1.99 7.74 4.76 6.31 8.25 9.53 7.98 8.05 1.79 7.10 4.71 9.65 9.58 7.23 4.44 4.79 6.46 5.29 3.81 9.31 4.95 4.46 2.29 4.19 6.25 4.61 8.34 8.22 8.37 3.54 8.37 5.11 
6.06 5.05 0.81 3.33 4.40 1.87 3.53 2.47 4.61 4.83 3.37 3.92 4.04 4.70 1.85 4.41 3.00 1.34 4.59 2.14 6.81 3.14 0.96 4.17 5.36 2.47 3.47 5.78 4.79 4.04 6.00 6.35 5.21 4.08 4.97 4.93 5.17 5.31 0.55 2.18 1.22 1.56 4.52 5.28 4.74 4.04 5.56 1.63 4.90 5.23 5.79 4.70 3.37 5.98 4.96 
6.78 2.59 5.50 9.07 5.45 6.46 7.06 7.88 10.48 4.15 2.90 3.10 9.71 7.46 5.48 3.14 3.36 6.21 4.91 6.67 1.82 8.95 6.04 9.64 8.59 7.68 5.62 8.68 2.96 3.59 6.76 12.13 6.80 7.91 1.12 3.58 6.57 9.45 5.99 5.50 5.50 7.00 2.36 9.05 8.79 9.39 9.92 5.11 8.86 4.96 6.14 6.47 9.13 6.25 8.53 
7.78 1.51 3.63 5.90 1.90 3.19 3.41 4.65 8.31 1.24 2.90 3.89 7.79 7.37 2.27 4.39 3.07 3.16 5.78 3.32 3.52 5.85 4.28 7.90 4.91 4.39 5.54 5.03 1.14 4.43 7.74 10.06 7.31 7.23 2.97 1.19 7.15 8.68 3.98 2.14 3.96 5.20 1.34 8.50 8.04 7.75 9.03 2.18 8.18 6.22 7.26 2.87 5.97 7.44 8.06 
4.02 4.06 2.83 6.94 5.60 4.85 6.14 5.97 7.43 4.99 0.94 0.33 6.58 4.18 4.07 0.81 0.83 4.39 1.99 5.14 4.84 6.75 3.16 6.44 8.00 5.88 2.29 8.28 4.11 0.61 3.98 8.99 3.72 4.56 2.35 4.66 3.52 6.10 3.28 4.29 2.61 4.00 3.38 5.71 5.43 6.17 6.57 3.56 5.51 2.39 3.46 6.42 6.98 3.63 5.19 
8.01 10.57 5.90 4.65 9.45 6.44 7.67 5.44 0.92 10.21 8.43 8.55 1.65 5.80 7.07 8.84 7.98 6.22 7.92 6.51 12.28 4.46 5.30 1.89 8.78 5.75 6.50 9.29 10.30 8.34 7.96 0.83 7.03 4.61 10.21 10.40 7.19 4.01 5.43 7.33 5.83 4.33 10.03 4.58 4.18 2.21 3.66 7.05 4.29 8.47 8.21 9.34 4.58 8.34 4.83 
6.93 4.15 1.63 3.44 3.16 1.02 2.50 2.28 5.62 3.69 3.29 4.10 5.16 5.80 0.61 4.64 3.06 0.59 5.24 1.30 6.05 3.33 2.11 5.34 4.39 2.12 4.35 4.76 3.83 4.37 6.87 7.37 6.17 5.28 4.58 3.87 6.09 6.54 1.70 0.94 2.12 2.80 3.72 6.50 5.96 5.23 6.80 0.56 6.12 5.85 6.58 3.48 3.50 6.77 6.16 
6.51 7.79 3.15 2.97 6.82 3.85 5.29 3.20 1.88 7.48 5.77 6.02 1.40 4.47 4.35 6.39 5.33 3.54 5.82 3.98 9.51 2.70 2.60 1.70 6.73 3.46 4.39 7.23 7.52 5.91 6.45 3.61 5.51 3.35 7.51 7.63 5.59 3.80 2.67 4.64 3.15 1.69 7.25 4.08 3.50 1.72 3.80 4.29 3.67 6.44 6.51 6.85 2.94 6.68 4.02 
8.52 6.50 3.43 0.90 4.56 1.80 2.54 0.36 4.30 5.64 5.78 6.48 4.31 6.86 2.77 6.99 5.49 1.98 7.19 1.70 8.49 0.88 3.42 4.69 3.73 0.66 5.99 4.23 6.14 6.64 8.46 5.93 7.60 5.94 7.15 5.99 7.60 6.73 3.10 2.86 3.83 3.34 6.18 6.93 6.33 4.74 6.80 3.08 6.51 7.84 8.32 4.26 0.97 8.51 6.75 
2.90 5.21 3.77 7.89 6.91 6.03 7.39 7.02 7.81 6.26 2.22 1.24 6.88 3.64 5.31 0.86 2.14 5.53 0.96 6.32 5.65 7.68 3.93 6.65 9.27 6.98 2.06 9.57 5.32 0.70 2.87 9.22 2.85 4.34 3.19 5.90 2.62 5.80 4.16 5.55 3.42 4.57 4.55 5.31 5.17 6.36 6.31 4.79 5.21 1.13 2.29 7.73 7.92 2.43 4.79 
5.39 9.44 4.70 5.57 9.08 6.25 7.81 5.82 2.45 9.48 6.77 6.62 1.64 3.19 6.53 6.80 6.31 5.84 5.58 6.43 10.88 5.31 4.05 1.13 9.34 6.06 4.26 9.84 9.26 6.28 5.33 3.14 4.43 2.06 8.56 9.51 4.61 1.40 4.35 6.85 4.42 3.14 8.81 1.92 1.51 0.95 1.22 6.32 1.62 6.06 5.64 9.26 5.53 5.76 2.16 
6.44 3.78 1.33 4.03 3.29 1.65 3.02 2.90 5.89 3.55 2.65 3.46 5.34 5.47 0.95 4.00 2.42 1.23 4.68 1.93 5.60 3.90 1.93 5.46 4.92 2.76 3.90 5.26 3.50 3.75 6.39 7.63 5.73 5.07 3.99 3.64 5.64 6.42 1.58 1.25 1.78 2.79 3.28 6.32 5.81 5.32 6.72 0.47 5.96 5.28 6.06 3.77 4.09 6.25 5.94 
1.83 8.97 5.32 8.31 9.81 7.73 9.39 8.01 6.20 9.63 5.81 5.12 5.25 1.17 7.50 4.97 5.46 7.20 3.21 8.01 9.76 8.04 4.90 4.80 11.22 8.14 2.85 11.64 8.96 4.56 1.80 6.95 1.32 2.18 7.26 9.43 1.56 2.61 5.32 7.83 4.83 4.67 8.28 2.00 2.34 4.49 3.09 7.07 2.23 3.31 2.34 10.37 8.30 2.37 1.69 
2.01 7.39 3.71 7.04 8.16 6.17 7.81 6.59 5.61 8.00 4.26 3.68 4.63 0.71 5.88 3.64 3.87 5.64 2.06 6.45 8.31 6.77 3.35 4.27 9.67 6.68 1.24 10.08 7.35 3.17 1.94 6.73 1.01 1.57 5.82 7.81 1.09 2.89 3.77 6.20 3.22 3.31 6.69 2.37 2.30 3.95 3.40 5.44 2.30 2.45 2.07 8.73 7.03 2.22 1.85 
3.27 9.46 5.25 7.55 9.87 7.45 9.11 7.46 4.94 9.91 6.40 5.89 4.05 1.52 7.40 5.86 5.99 6.95 4.22 7.70 10.50 7.27 4.70 3.56 10.85 7.63 3.39 11.31 9.39 5.39 3.23 5.52 2.52 1.53 8.02 9.79 2.76 1.17 5.12 7.74 4.81 4.19 8.78 0.59 1.13 3.29 1.62 7.04 0.96 4.49 3.70 10.29 7.52 3.77 0.66 
9.45 6.43 4.20 1.51 4.08 1.98 1.86 1.03 5.32 5.34 6.26 7.06 5.39 7.88 2.94 7.59 6.03 2.40 8.00 1.74 8.45 1.68 4.31 5.79 2.66 0.95 6.88 3.17 6.03 7.30 9.39 6.87 8.56 7.01 7.42 5.78 8.54 7.84 3.94 2.90 4.64 4.37 6.22 8.02 7.43 5.85 7.91 3.38 7.60 8.63 9.20 3.57 1.59 9.40 7.83 
2.51 6.47 2.89 6.51 7.26 5.39 7.00 5.94 5.62 7.07 3.36 2.87 4.66 1.59 5.02 2.92 2.96 4.85 1.65 5.68 7.46 6.26 2.63 4.38 8.88 6.00 0.34 9.27 6.43 2.42 2.44 6.93 1.66 2.00 4.99 6.88 1.61 3.51 3.02 5.34 2.40 2.81 5.78 3.08 2.85 4.07 3.99 4.56 2.91 2.22 2.33 7.85 6.52 2.51 2.56 
6.13 3.91 1.04 4.13 3.59 1.88 3.32 3.04 5.75 3.79 2.49 3.25 5.16 5.15 1.26 3.78 2.22 1.41 4.39 2.17 5.67 3.98 1.66 5.26 5.22 2.92 3.58 5.56 3.66 3.51 6.08 7.49 5.42 4.77 3.93 3.84 5.32 6.14 1.34 1.57 1.47 2.56 3.38 6.03 5.52 5.10 6.45 0.79 5.67 4.99 5.76 4.09 4.17 5.95 5.64 
9.96 2.86 5.33 6.15 0.80 3.80 2.94 4.98 9.33 1.29 5.12 6.12 9.01 9.37 3.32 6.61 5.27 4.08 7.98 3.75 4.59 6.20 5.93 9.23 3.58 4.67 7.62 3.50 2.49 6.65 9.91 11.06 9.43 9.07 4.99 1.87 9.29 10.42 5.56 3.00 5.76 6.72 3.20 10.32 9.81 9.14 10.70 3.56 9.96 8.43 9.46 1.38 6.23 9.64 9.93 
5.83 5.54 0.96 3.31 4.93 2.29 3.95 2.62 4.14 5.36 3.64 4.08 3.53 4.32 2.38 4.53 3.24 1.79 4.50 2.54 7.25 3.08 0.71 3.64 5.74 2.69 3.27 6.18 5.30 4.12 5.76 5.87 4.94 3.63 5.32 5.45 4.92 4.80 0.48 2.70 1.18 1.04 4.99 4.80 4.24 3.50 5.04 2.17 4.41 5.15 5.61 5.20 3.33 5.80 4.50 
6.20 3.71 1.21 4.25 3.44 1.92 3.28 3.14 5.95 3.61 2.39 3.19 5.36 5.28 1.20 3.73 2.16 1.48 4.42 2.20 5.48 4.11 1.85 5.46 5.18 3.01 3.67 5.52 3.46 3.48 6.15 7.69 5.51 4.93 3.78 3.64 5.41 6.31 1.53 1.49 1.62 2.75 3.18 6.19 5.69 5.30 6.63 0.70 5.84 5.01 5.81 3.98 4.31 6.00 5.79 
7.74 4.50 2.40 2.91 2.89 0.21 1.72 1.67 5.65 3.74 4.09 4.93 5.34 6.51 0.78 5.47 3.89 0.48 6.08 0.46 6.48 2.85 2.77 5.58 3.58 1.44 5.15 3.98 4.14 5.22 7.68 7.39 6.96 5.89 5.25 4.04 6.89 7.06 2.35 0.86 2.89 3.29 4.18 7.07 6.51 5.52 7.26 1.19 6.68 6.69 7.41 2.97 2.98 7.60 6.77 
2.67 9.53 5.58 8.20 10.17 7.90 9.56 8.03 5.74 10.10 6.40 5.78 4.84 1.48 7.77 5.68 6.02 7.38 3.95 8.16 10.42 7.93 5.10 4.35 11.35 8.18 3.38 11.80 9.49 5.24 2.64 6.32 2.10 2.05 7.93 9.93 2.35 1.97 5.52 8.10 5.12 4.71 8.84 1.40 1.88 4.07 2.40 7.37 1.73 4.11 3.18 10.66 8.18 3.21 1.29 
10.26 5.20 4.95 3.74 2.35 2.50 0.84 2.86 7.44 3.79 6.14 7.10 7.37 9.07 2.89 7.64 6.07 3.03 8.51 2.24 7.17 3.88 5.33 7.72 1.11 2.57 7.68 1.43 4.78 7.49 10.20 9.06 9.50 8.41 6.79 4.34 9.43 9.48 4.91 2.62 5.44 5.76 5.22 9.55 8.98 7.72 9.64 3.40 9.15 9.09 9.89 1.52 3.82 10.08 9.28 
7.02 8.68 4.05 3.25 7.61 4.61 5.95 3.77 0.98 8.33 6.65 6.87 0.83 4.88 5.19 7.21 6.21 4.35 6.53 4.71 10.42 3.00 3.49 1.31 7.25 4.06 5.09 7.76 8.41 6.72 6.96 2.73 6.01 3.69 8.41 8.51 6.12 3.77 3.57 5.46 4.04 2.55 8.15 4.17 3.62 1.50 3.65 5.16 3.78 7.13 7.09 7.57 3.20 7.25 4.22 
9.06 2.72 4.29 5.29 0.36 2.81 2.25 4.08 8.33 1.33 4.34 5.35 7.97 8.37 2.26 5.87 4.43 3.04 7.12 2.79 4.68 5.32 4.88 8.18 3.43 3.78 6.66 3.50 2.31 5.85 9.01 10.07 8.49 8.03 4.54 1.85 8.36 9.37 4.51 1.95 4.73 5.66 2.83 9.28 8.77 8.09 9.65 2.51 8.92 7.61 8.59 1.30 5.37 8.77 8.90 
9.41 2.10 5.03 6.38 1.08 3.86 3.31 5.17 9.33 0.54 4.51 5.49 8.93 8.95 3.20 5.96 4.70 4.04 7.40 3.86 3.87 6.40 5.66 9.11 4.23 4.86 7.15 4.19 1.74 6.04 9.36 11.08 8.93 8.73 4.26 1.11 8.77 10.13 5.31 2.92 5.42 6.51 2.45 9.99 9.51 9.00 10.45 3.34 9.65 7.83 8.89 1.99 6.46 9.06 9.58 
10.76 6.31 5.41 3.18 3.50 2.92 1.58 2.67 7.04 4.94 6.98 7.89 7.13 9.37 3.59 8.44 6.85 3.45 9.13 2.63 8.30 3.38 5.68 7.52 0.95 2.46 8.17 1.46 5.90 8.23 10.70 8.56 9.94 8.59 7.79 5.48 9.89 9.51 5.27 3.39 5.89 5.92 6.29 9.66 9.07 7.58 9.61 4.11 9.24 9.74 10.45 2.65 3.25 10.64 9.44 
1.98 9.76 6.32 9.34 10.76 8.75 10.40 9.05 7.08 10.51 6.60 5.82 6.16 2.20 8.49 5.59 6.28 8.22 3.81 9.03 10.40 9.07 5.92 5.68 12.24 9.17 3.75 12.66 9.77 5.24 1.98 7.68 1.99 3.19 7.92 10.27 2.18 3.33 6.34 8.81 5.83 5.71 9.07 2.75 3.21 5.39 3.74 8.05 3.07 3.75 2.61 11.34 9.32 2.56 2.58 
