7.07 4.13 5.23 3.88 6.46 0.98 3.56 6.85 2.59 2.89 4.69 4.39 2.14 4.08 3.74 1.10 0.79 6.22 6.86 5.30 7.19 6.58 1.31 5.69 2.41 5.09 3.31 4.55 5.18 3.40 
8.21 6.96 7.92 6.39 9.36 1.93 1.95 8.80 3.04 3.71 7.58 1.67 4.04 2.35 6.28 2.41 2.58 7.49 8.82 8.20 9.78 9.36 2.93 8.58 4.87 7.43 5.81 7.26 7.02 1.39 
10.12 7.40 8.06 6.40 9.94 3.15 0.41 10.48 2.42 3.02 8.28 1.38 3.97 0.37 6.33 3.92 3.23 9.36 10.50 8.92 11.08 10.44 4.48 9.34 6.23 8.91 5.88 7.47 8.72 0.62 
8.16 2.64 3.03 4.21 0.69 7.22 9.47 5.99 7.71 7.41 1.58 10.60 6.10 9.94 4.17 6.93 6.71 7.48 5.97 0.95 3.50 2.04 6.59 0.57 4.86 4.27 4.45 3.11 5.80 9.48 
7.76 2.09 3.15 1.95 4.57 3.03 5.00 6.82 3.29 3.12 2.89 6.20 1.78 5.46 1.80 3.09 2.32 6.89 6.82 3.53 6.24 5.29 3.04 3.96 2.63 4.75 1.45 2.47 5.46 5.03 
10.15 3.39 3.46 1.85 5.84 4.06 4.49 9.28 2.49 1.87 4.62 6.09 1.40 4.78 1.86 4.58 3.10 9.28 9.28 5.20 8.47 7.34 4.80 5.63 5.02 7.20 1.58 3.02 7.90 4.81 
8.00 0.62 1.79 2.27 2.15 5.33 7.40 6.33 5.61 5.30 0.66 8.61 3.99 7.86 2.19 5.18 4.72 7.20 6.31 1.23 4.70 3.43 4.95 1.66 3.57 4.25 2.40 1.43 5.52 7.45 
6.42 4.52 5.34 6.17 3.13 7.81 10.46 3.97 8.98 8.84 3.25 11.28 7.50 10.97 6.09 7.28 7.59 5.90 3.94 2.80 1.06 0.48 6.81 2.48 4.85 2.93 6.24 5.24 4.41 10.34 
9.10 4.17 4.77 3.12 6.73 2.33 2.89 8.67 0.98 0.89 5.17 4.36 0.67 3.29 3.04 2.99 1.41 8.25 8.68 5.81 8.50 7.61 3.34 6.24 4.19 6.74 2.58 4.17 7.09 3.09 
3.56 6.86 8.26 7.41 8.31 3.95 6.45 4.67 6.43 6.87 6.66 6.19 6.19 6.93 7.25 3.15 4.71 2.89 4.71 7.05 6.72 6.97 2.77 7.26 3.16 4.19 6.92 7.62 3.02 5.98 
1.36 7.11 8.52 8.14 7.77 5.96 8.71 2.33 8.31 8.61 6.46 8.66 7.64 9.22 7.99 5.12 6.49 0.50 2.37 6.64 5.01 5.73 4.60 6.70 3.78 2.89 7.78 7.99 1.34 8.30 
9.15 4.53 5.14 3.49 7.09 2.19 2.51 8.83 0.65 0.82 5.51 3.99 1.05 2.91 3.42 2.91 1.35 8.30 8.83 6.15 8.76 7.91 3.31 6.58 4.33 6.93 2.96 4.55 7.21 2.72 
7.32 5.39 6.45 5.00 7.74 0.30 2.70 7.52 2.54 3.08 5.96 3.20 2.87 3.22 4.88 0.96 1.19 6.52 7.54 6.57 8.24 7.75 1.52 6.95 3.33 5.97 4.42 5.77 5.77 2.38 
3.97 5.35 6.58 6.83 5.05 6.82 9.66 1.63 8.57 8.62 4.28 10.15 7.37 10.19 6.70 6.11 6.90 3.46 1.60 4.18 1.75 2.59 5.56 4.07 3.74 1.06 6.68 6.24 2.09 9.41 
7.51 5.56 6.58 5.12 7.93 0.50 2.48 7.74 2.46 3.03 6.16 2.98 2.92 3.01 4.99 1.18 1.27 6.71 7.76 6.77 8.47 7.97 1.74 7.15 3.56 6.20 4.53 5.92 5.98 2.16 
6.76 6.35 7.49 6.13 8.56 1.42 3.24 7.36 3.64 4.23 6.76 3.09 4.07 3.71 5.99 1.33 2.38 6.03 7.39 7.34 8.52 8.23 1.71 7.69 3.66 6.09 5.55 6.82 5.58 2.75 
2.36 7.31 8.73 8.07 8.42 5.06 7.64 3.79 7.52 7.92 6.90 7.39 7.13 8.13 7.92 4.24 5.75 1.76 3.83 7.20 6.23 6.72 3.79 7.34 3.65 3.84 7.63 8.13 2.39 7.18 
8.39 2.42 2.71 3.95 0.44 7.14 9.32 6.26 7.53 7.20 1.48 10.49 5.91 9.78 3.92 6.89 6.60 7.69 6.23 0.89 3.82 2.36 6.57 0.64 4.89 4.48 4.22 2.83 6.00 9.36 
5.19 5.62 6.93 5.85 7.50 2.10 4.76 5.63 4.57 5.01 5.72 4.82 4.38 5.27 5.70 1.29 2.84 4.41 5.66 6.23 6.91 6.76 0.94 6.53 2.26 4.43 5.32 6.26 3.85 4.35 
8.91 7.28 8.15 6.56 9.73 2.41 1.40 9.47 2.90 3.58 7.99 1.06 4.14 1.72 6.46 3.01 2.88 8.19 9.50 8.61 10.37 9.88 3.55 9.01 5.45 8.06 5.99 7.50 7.69 0.81 
11.04 2.87 1.95 1.59 4.56 6.08 6.82 9.66 4.82 4.20 4.05 8.42 3.52 7.11 1.75 6.41 5.14 10.19 9.65 4.43 8.11 6.75 6.48 4.78 6.03 7.54 2.07 2.01 8.61 7.14 
1.56 8.18 9.61 9.05 9.08 6.14 8.68 3.64 8.61 9.00 7.66 8.35 8.20 9.16 8.89 5.32 6.83 1.35 3.68 7.90 6.43 7.13 4.87 8.00 4.60 4.27 8.62 9.03 2.71 8.20 
4.90 3.52 4.89 4.81 4.17 4.85 7.63 3.40 6.42 6.44 2.76 8.29 5.18 8.15 4.67 4.25 4.80 4.11 3.39 2.97 3.14 2.85 3.75 3.09 1.79 1.28 4.59 4.42 2.43 7.43 
10.62 6.39 6.81 5.15 8.96 3.37 1.41 10.58 1.30 1.63 7.43 3.08 2.88 1.47 5.10 4.21 2.94 9.80 10.59 8.07 10.69 9.86 4.72 8.50 6.12 8.78 4.69 6.28 8.89 1.96 
0.93 7.55 8.93 8.71 7.91 6.86 9.64 1.71 9.16 9.43 6.77 9.61 8.41 10.15 8.56 6.03 7.35 0.66 1.76 6.86 4.70 5.63 5.49 6.86 4.48 3.00 8.39 8.44 1.65 9.24 
3.17 5.22 6.61 6.39 5.82 5.21 8.07 2.17 7.25 7.42 4.50 8.40 6.29 8.60 6.24 4.43 5.47 2.37 2.18 4.67 3.57 3.96 3.87 4.74 2.34 1.08 6.08 6.11 0.69 7.76 
10.75 8.81 9.49 7.84 11.34 4.27 1.84 11.40 3.85 4.44 9.65 1.00 5.40 1.54 7.77 4.93 4.54 10.06 11.42 10.28 12.26 11.71 5.47 10.70 7.35 9.98 7.31 8.90 9.62 1.75 
6.13 4.90 6.14 4.92 7.02 1.14 3.98 6.24 3.53 3.94 5.22 4.38 3.30 4.51 4.77 0.33 1.77 5.30 6.26 5.79 7.06 6.69 0.23 6.13 2.15 4.72 4.37 5.46 4.48 3.66 
8.18 3.33 4.18 2.66 5.86 2.10 3.69 7.61 2.02 1.98 4.20 4.96 0.82 4.15 2.54 2.48 1.19 7.32 7.62 4.84 7.40 6.55 2.67 5.27 3.15 5.65 2.07 3.53 6.07 3.75 
4.88 5.14 6.23 6.71 4.41 7.33 10.12 2.42 8.88 8.86 3.95 10.73 7.56 10.65 6.60 6.68 7.30 4.40 2.38 3.72 0.82 1.78 6.15 3.53 4.23 1.74 6.64 5.98 3.02 9.92 
12.76 5.22 4.53 3.61 7.15 6.57 6.15 11.73 4.45 3.78 6.48 7.84 3.99 6.25 3.72 7.16 5.63 11.89 11.73 6.93 10.53 9.24 7.42 7.31 7.62 9.62 3.75 4.48 10.46 6.63 
5.43 3.23 4.65 4.07 4.78 3.35 6.12 4.54 4.96 5.05 3.04 6.81 3.85 6.64 3.91 2.80 3.30 4.57 4.55 3.51 4.64 4.17 2.35 3.79 0.51 2.59 3.70 4.04 3.10 5.93 
13.36 5.63 4.81 4.08 7.40 7.25 6.80 12.26 5.13 4.46 6.87 8.49 4.66 6.88 4.21 7.84 6.31 12.49 12.25 7.29 10.93 9.61 8.09 7.64 8.22 10.14 4.29 4.84 11.03 7.29 
0.29 8.52 9.91 9.65 8.89 7.51 10.21 2.49 9.88 10.20 7.75 10.04 9.23 10.71 9.50 6.67 8.07 1.09 2.53 7.84 5.55 6.56 6.16 7.84 5.34 3.98 9.31 9.42 2.61 9.77 
5.58 3.97 5.05 5.57 3.35 6.67 9.37 3.34 7.99 7.91 2.78 10.13 6.59 9.89 5.46 6.10 6.51 4.97 3.31 2.55 1.43 1.08 5.62 2.39 3.66 1.82 5.53 4.80 3.37 9.22 
2.13 6.36 7.72 7.57 6.70 6.19 9.04 1.27 8.35 8.56 5.55 9.21 7.45 9.56 7.42 5.38 6.55 1.48 1.30 5.63 3.73 4.50 4.82 5.64 3.50 1.78 7.28 7.25 0.59 8.69 
9.58 1.44 1.19 0.48 3.60 5.15 6.47 8.19 4.49 3.99 2.70 7.94 2.93 6.85 0.57 5.33 4.29 8.73 8.17 3.17 6.75 5.46 5.31 3.56 4.63 6.07 1.03 0.76 7.14 6.68 
12.83 5.28 4.59 3.67 7.21 6.62 6.18 11.80 4.49 3.82 6.54 7.87 4.05 6.28 3.79 7.22 5.68 11.96 11.79 6.99 10.59 9.30 7.49 7.37 7.69 9.69 3.82 4.54 10.52 6.66 
7.78 4.82 5.30 6.45 2.73 8.81 11.32 5.29 9.69 9.47 3.61 12.28 8.14 11.81 6.39 8.35 8.47 7.29 5.25 3.01 2.24 1.46 7.92 2.59 5.99 4.30 6.63 5.38 5.80 11.25 
4.86 3.54 4.95 4.66 4.56 4.24 7.04 3.68 5.90 5.97 2.99 7.67 4.74 7.56 4.51 3.62 4.23 4.03 3.68 3.31 3.76 3.46 3.12 3.50 1.16 1.66 4.36 4.42 2.42 6.83 
7.54 2.64 3.31 4.29 1.30 6.87 9.24 5.39 7.55 7.30 1.42 10.30 5.97 9.72 4.22 6.52 6.43 6.85 5.36 0.83 3.01 1.57 6.16 0.44 4.35 3.64 4.45 3.27 5.18 9.21 
10.75 7.61 8.16 6.49 10.17 3.70 0.83 11.05 2.49 3.00 8.56 1.88 4.11 0.32 6.43 4.49 3.64 9.99 11.07 9.20 11.53 10.83 5.05 9.63 6.73 9.42 6.00 7.60 9.30 1.28 
8.33 7.52 8.49 6.96 9.89 2.45 2.21 9.07 3.55 4.23 8.12 1.42 4.60 2.52 6.85 2.85 3.14 7.65 9.10 8.72 10.20 9.82 3.34 9.10 5.29 7.80 6.38 7.83 7.29 1.62 
5.82 3.11 4.49 3.75 4.91 2.93 5.64 5.04 4.46 4.54 3.12 6.40 3.36 6.17 3.59 2.45 2.81 4.96 5.04 3.65 5.10 4.55 2.06 3.97 0.70 3.10 3.33 3.86 3.55 5.47 
10.69 3.40 3.15 1.75 5.68 4.81 5.17 9.68 3.19 2.54 4.67 6.80 2.15 5.43 1.82 5.30 3.85 9.83 9.68 5.20 8.65 7.44 5.49 5.61 5.55 7.58 1.73 2.84 8.39 5.52 
10.40 2.03 0.62 1.90 3.00 6.57 7.87 8.73 5.87 5.34 2.90 9.36 4.35 8.23 2.00 6.70 5.72 9.59 8.71 3.11 6.81 5.40 6.64 3.39 5.71 6.66 2.47 1.21 7.92 8.10 
8.53 1.79 2.54 1.14 4.36 3.65 5.23 7.47 3.35 3.01 2.88 6.58 1.72 5.66 0.99 3.82 2.81 7.67 7.46 3.50 6.60 5.52 3.83 3.94 3.42 5.37 0.62 1.88 6.19 5.36 
10.61 6.72 7.20 5.53 9.29 3.38 1.06 10.67 1.59 2.01 7.74 2.68 3.21 1.05 5.48 4.22 3.07 9.81 10.69 8.37 10.91 10.11 4.75 8.80 6.25 8.92 5.06 6.65 8.96 1.64 
0.72 7.91 9.28 9.08 8.21 7.21 9.97 1.84 9.52 9.80 7.11 9.91 8.78 10.48 8.93 6.37 7.71 0.86 1.88 7.18 4.89 5.88 5.84 7.17 4.85 3.32 8.76 8.80 2.01 9.56 
8.67 2.56 3.23 1.66 5.13 3.09 4.47 7.82 2.57 2.26 3.62 5.85 0.95 4.89 1.55 3.41 2.19 7.80 7.82 4.25 7.20 6.18 3.52 4.68 3.53 5.76 1.08 2.61 6.41 4.61 
10.04 6.62 7.21 5.55 9.18 2.84 0.53 10.18 1.54 2.12 7.56 2.22 3.13 0.82 5.48 3.67 2.66 9.25 10.20 8.20 10.56 9.83 4.22 8.62 5.81 8.49 5.04 6.63 8.45 1.05 
10.22 3.06 2.98 1.44 5.43 4.43 5.00 9.22 2.99 2.38 4.32 6.59 1.78 5.30 1.48 4.88 3.47 9.35 9.22 4.87 8.25 7.07 5.05 5.29 5.08 7.12 1.31 2.59 7.91 5.31 
3.07 5.81 7.11 7.17 5.82 6.52 9.38 1.03 8.47 8.60 4.86 9.73 7.40 9.91 7.03 5.75 6.73 2.53 1.02 4.85 2.66 3.49 5.20 4.80 3.55 1.09 6.95 6.71 1.26 9.08 
8.27 2.90 3.22 4.45 0.72 7.48 9.74 6.05 7.97 7.67 1.85 10.87 6.36 10.20 4.41 7.18 6.98 7.60 6.02 1.21 3.46 2.01 6.84 0.82 5.09 4.39 4.70 3.34 5.93 9.75 
0.27 8.36 9.76 9.42 8.89 7.07 9.73 2.74 9.47 9.81 7.66 9.52 8.88 10.23 9.27 6.23 7.66 0.80 2.78 7.80 5.75 6.67 5.73 7.82 5.05 3.96 9.05 9.25 2.49 9.28 
6.54 1.85 3.24 3.16 3.16 4.50 6.97 5.05 5.43 5.31 1.40 7.94 3.97 7.47 3.03 4.15 4.12 5.72 5.04 1.89 4.06 3.13 3.80 2.22 2.16 2.93 3.01 2.74 4.07 6.90 
8.49 4.75 5.55 3.96 7.27 1.38 2.31 8.33 1.15 1.60 5.59 3.54 1.57 2.80 3.86 2.15 0.69 7.65 8.34 6.23 8.53 7.80 2.59 6.64 3.87 6.54 3.39 4.91 6.66 2.34 
9.96 1.72 1.05 0.80 3.62 5.53 6.75 8.52 4.75 4.22 2.91 8.24 3.23 7.10 0.93 5.73 4.65 9.12 8.51 3.33 6.98 5.65 5.72 3.70 5.03 6.40 1.39 0.88 7.51 6.98 
10.75 8.95 9.66 8.01 11.48 4.36 2.02 11.44 4.03 4.62 9.78 1.00 5.57 1.73 7.93 5.00 4.66 10.06 11.46 10.42 12.34 11.81 5.54 10.83 7.43 10.05 7.48 9.06 9.65 1.88 
1.35 7.04 8.44 8.13 7.59 6.15 8.93 1.99 8.45 8.73 6.33 8.92 7.73 9.44 7.98 5.31 6.64 0.54 2.03 6.48 4.71 5.48 4.78 6.52 3.82 2.68 7.78 7.92 1.16 8.52 
3.86 4.76 6.08 6.11 4.97 5.75 8.59 2.09 7.55 7.64 3.85 9.08 6.41 9.12 5.97 5.04 5.85 3.16 2.09 3.91 2.58 2.94 4.49 3.91 2.68 0.05 5.89 5.66 1.51 8.34 
10.91 5.86 6.13 4.48 8.40 3.74 2.34 10.64 1.27 1.14 6.99 4.02 2.47 2.42 4.46 4.55 3.09 10.07 10.65 7.61 10.48 9.54 5.02 8.04 6.15 8.74 4.09 5.65 9.01 2.86 
10.61 6.16 6.55 4.89 8.72 3.37 1.66 10.50 1.13 1.38 7.22 3.33 2.66 1.75 4.85 4.21 2.87 9.79 10.51 7.85 10.54 9.68 4.71 8.28 6.02 8.67 4.44 6.03 8.83 2.18 
8.18 1.69 2.21 3.27 1.02 6.43 8.58 6.21 6.78 6.46 0.79 9.76 5.17 9.04 3.22 6.21 5.86 7.44 6.19 0.43 4.07 2.66 5.92 0.66 4.32 4.29 3.50 2.20 5.74 8.62 
9.55 7.28 8.04 6.41 9.80 2.74 0.72 9.99 2.54 3.20 8.09 1.07 3.96 0.99 6.33 3.45 2.97 8.80 10.01 8.73 10.72 10.14 4.00 9.14 5.83 8.48 5.86 7.43 8.22 0.21 
5.34 3.56 4.78 5.08 3.49 5.87 8.59 3.35 7.25 7.20 2.49 9.33 5.89 9.11 4.96 5.31 5.73 4.64 3.33 2.46 2.16 1.76 4.83 2.44 2.86 1.43 4.98 4.44 2.96 8.43 
0.30 8.68 10.08 9.77 9.12 7.48 10.15 2.78 9.88 10.22 7.95 9.93 9.28 10.64 9.62 6.65 8.08 1.16 2.83 8.06 5.84 6.83 6.15 8.07 5.43 4.20 9.42 9.57 2.78 9.70 
6.26 6.78 7.99 6.70 8.88 2.08 3.88 7.08 4.37 4.96 7.08 3.50 4.75 4.33 6.56 1.76 3.05 5.57 7.11 7.63 8.49 8.32 1.95 7.96 3.77 6.00 6.12 7.31 5.31 3.36 
12.84 4.99 4.13 3.47 6.72 6.96 6.78 11.67 4.99 4.31 6.22 8.47 4.32 6.91 3.61 7.50 6.00 11.98 11.66 6.62 10.28 8.94 7.71 6.97 7.72 9.55 3.73 4.19 10.49 7.24 
10.31 3.42 3.40 1.84 5.84 4.26 4.64 9.41 2.64 2.01 4.67 6.25 1.60 4.92 1.86 4.77 3.30 9.44 9.41 5.24 8.55 7.40 4.99 5.66 5.18 7.33 1.63 3.00 8.05 4.97 
6.44 3.58 4.49 5.23 2.54 6.97 9.56 4.17 8.04 7.89 2.32 10.44 6.55 10.06 5.14 6.48 6.69 5.82 4.14 1.94 1.77 0.52 6.04 1.68 4.10 2.64 5.28 4.34 4.20 9.46 
5.71 7.20 8.46 7.25 9.16 2.77 4.61 6.75 5.12 5.69 7.38 4.08 5.41 5.04 7.10 2.30 3.72 5.07 6.78 7.89 8.42 8.38 2.33 8.19 3.92 5.89 6.68 7.78 5.02 4.07 
6.15 2.29 3.64 3.69 3.14 4.83 7.40 4.55 5.92 5.83 1.54 8.30 4.50 7.91 3.56 4.41 4.53 5.36 4.54 1.87 3.52 2.68 4.01 2.11 2.19 2.44 3.55 3.19 3.68 7.30 
7.62 3.13 3.71 4.77 1.40 7.34 9.74 5.37 8.05 7.80 1.93 10.78 6.47 10.22 4.71 6.97 6.92 6.98 5.34 1.32 2.77 1.31 6.59 0.90 4.75 3.77 4.94 3.72 5.33 9.71 
6.81 4.24 4.98 5.90 2.70 7.81 10.39 4.39 8.86 8.68 2.97 11.28 7.34 10.90 5.82 7.32 7.53 6.26 4.35 2.47 1.51 0.35 6.86 2.12 4.92 3.21 6.00 4.93 4.73 10.30 
8.59 1.28 2.03 0.89 3.84 4.13 5.77 7.37 3.88 3.51 2.44 7.12 2.25 6.19 0.74 4.24 3.33 7.73 7.36 3.04 6.29 5.14 4.19 3.47 3.55 5.25 0.65 1.36 6.19 5.90 
8.87 1.79 2.34 0.83 4.34 3.91 5.34 7.76 3.41 3.01 2.97 6.75 1.79 5.75 0.69 4.13 3.05 8.01 7.76 3.57 6.80 5.67 4.15 4.00 3.77 5.65 0.27 1.72 6.51 5.50 
8.01 2.30 2.80 3.90 0.83 6.85 9.10 5.91 7.34 7.05 1.21 10.23 5.74 9.57 3.85 6.57 6.34 7.30 5.88 0.58 3.56 2.12 6.24 0.25 4.53 4.10 4.11 2.82 5.61 9.11 
6.40 3.32 4.59 3.54 5.45 2.10 4.75 5.85 3.58 3.71 3.65 5.57 2.62 5.27 3.38 1.78 1.91 5.54 5.86 4.23 5.99 5.38 1.55 4.60 1.36 3.97 3.04 3.92 4.28 4.60 
6.80 4.69 5.83 4.50 6.96 0.59 3.44 6.80 2.85 3.25 5.17 4.05 2.67 3.97 4.36 0.51 1.08 5.97 6.82 5.77 7.40 6.90 0.90 6.14 2.50 5.17 3.92 5.15 5.07 3.19 
5.93 3.77 5.09 4.08 5.77 2.05 4.85 5.53 3.88 4.09 3.97 5.51 3.08 5.38 3.92 1.52 2.11 5.07 5.55 4.53 5.94 5.46 1.16 4.87 1.08 3.77 3.58 4.42 3.89 4.63 
3.48 7.29 8.69 7.83 8.72 4.26 6.66 4.82 6.75 7.21 7.08 6.30 6.57 7.13 7.67 3.48 5.05 2.90 4.86 7.46 7.01 7.32 3.13 7.66 3.58 4.51 7.33 8.05 3.25 6.17 
6.06 4.69 5.94 4.76 6.79 1.27 4.13 6.09 3.57 3.94 4.99 4.58 3.23 4.66 4.61 0.53 1.77 5.23 6.11 5.56 6.85 6.46 0.22 5.90 1.93 4.53 4.21 5.26 4.35 3.83 
8.87 6.70 7.54 5.94 9.18 2.00 1.11 9.26 2.29 2.97 7.45 1.58 3.51 1.57 5.84 2.71 2.32 8.11 9.28 8.08 9.99 9.44 3.27 8.49 5.09 7.74 5.37 6.90 7.49 0.63 
8.55 0.21 1.24 1.66 2.45 5.29 7.14 6.95 5.27 4.90 1.30 8.44 3.64 7.58 1.61 5.24 4.58 7.73 6.94 1.79 5.36 4.06 5.07 2.20 3.91 4.86 1.89 0.77 6.08 7.24 
6.40 4.88 5.69 6.53 3.42 8.11 10.78 3.91 9.32 9.19 3.61 11.58 7.85 11.29 6.45 7.56 7.91 5.93 3.87 3.15 0.87 0.84 7.08 2.82 5.12 3.06 6.60 5.60 4.49 10.65 
9.72 7.30 8.03 6.39 9.82 2.85 0.55 10.13 2.47 3.11 8.13 1.16 3.94 0.79 6.30 3.58 3.03 8.97 10.16 8.77 10.82 10.22 4.14 9.18 5.94 8.60 5.84 7.41 8.36 0.25 
6.60 4.50 5.67 4.39 6.73 0.88 3.72 6.54 3.03 3.39 4.93 4.34 2.71 4.25 4.25 0.57 1.22 5.77 6.55 5.52 7.11 6.62 0.75 5.89 2.22 4.89 3.83 4.99 4.82 3.47 
3.26 6.24 7.65 6.92 7.55 3.99 6.69 3.97 6.41 6.78 5.94 6.63 5.96 7.19 6.76 3.15 4.62 2.48 4.00 6.29 5.88 6.13 2.67 6.49 2.53 3.36 6.47 7.03 2.25 6.26 
12.78 5.45 4.86 3.81 7.49 6.40 5.80 11.84 4.18 3.53 6.72 7.49 3.89 5.87 3.91 7.03 5.48 11.91 11.84 7.20 10.75 9.49 7.32 7.59 7.65 9.74 3.89 4.76 10.51 6.30 
1.85 6.85 8.20 8.11 7.04 6.77 9.61 0.89 8.94 9.15 5.99 9.75 8.05 10.13 7.97 5.95 7.14 1.43 0.93 6.03 3.77 4.71 5.40 6.00 4.09 2.18 7.84 7.75 1.18 9.25 
3.74 4.65 6.05 5.76 5.46 4.65 7.52 2.79 6.62 6.78 4.02 7.93 5.63 8.05 5.61 3.91 4.86 2.91 2.80 4.26 3.74 3.87 3.35 4.38 1.70 1.21 5.44 5.53 1.32 7.23 
7.74 1.60 2.42 3.25 1.43 6.06 8.30 5.82 6.56 6.28 0.41 9.44 4.96 8.77 3.18 5.81 5.54 6.99 5.80 0.23 3.85 2.49 5.50 0.66 3.87 3.86 3.40 2.27 5.29 8.31 
10.81 2.46 1.28 1.67 3.83 6.39 7.40 9.28 5.39 4.80 3.53 8.95 3.97 7.72 1.81 6.62 5.48 9.98 9.27 3.83 7.54 6.15 6.62 4.15 5.94 7.18 2.24 1.56 8.35 7.67 
9.88 3.93 4.23 2.57 6.47 3.35 3.58 9.24 1.58 0.98 5.08 5.18 0.87 3.89 2.53 3.96 2.41 9.01 9.24 5.70 8.73 7.71 4.26 6.13 4.82 7.22 2.15 3.72 7.75 3.90 
9.75 1.77 0.91 2.54 1.83 6.81 8.48 7.90 6.52 6.06 2.11 9.87 4.92 8.87 2.58 6.80 6.06 8.97 7.87 2.13 5.77 4.33 6.64 2.34 5.40 5.91 3.02 1.42 7.28 8.63 
12.26 4.16 3.16 2.78 5.72 6.85 7.10 10.94 5.18 4.51 5.34 8.76 4.19 7.30 2.93 7.29 5.89 11.40 10.93 5.69 9.38 8.02 7.43 6.03 7.19 8.82 3.16 3.30 9.85 7.49 
2.97 6.54 7.80 7.96 6.30 7.35 10.22 0.42 9.33 9.46 5.51 10.52 8.26 10.75 7.82 6.58 7.58 2.66 0.38 5.43 2.65 3.77 6.02 5.33 4.41 1.90 7.76 7.43 1.89 9.91 
6.35 3.18 4.48 3.48 5.27 2.30 4.94 5.72 3.73 3.84 3.47 5.77 2.70 5.46 3.32 1.96 2.09 5.48 5.73 4.05 5.81 5.19 1.70 4.41 1.25 3.82 2.99 3.81 4.18 4.79 
8.19 0.40 1.72 1.54 2.93 4.70 6.62 6.74 4.79 4.46 1.47 7.88 3.17 7.07 1.44 4.65 4.01 7.36 6.73 2.06 5.40 4.20 4.49 2.50 3.41 4.62 1.58 1.10 5.74 6.70 
10.96 2.87 2.05 1.49 4.67 5.89 6.60 9.63 4.59 3.97 4.08 8.20 3.31 6.88 1.64 6.23 4.94 10.11 9.61 4.49 8.14 6.81 6.31 4.85 5.92 7.50 1.93 2.04 8.54 6.91 
5.86 4.08 5.07 5.70 3.20 7.01 9.69 3.54 8.27 8.17 2.84 10.48 6.83 10.20 5.60 6.46 6.82 5.27 3.50 2.53 1.24 0.72 5.98 2.31 4.02 2.17 5.70 4.88 3.70 9.55 
12.28 5.38 5.01 3.72 7.60 5.69 4.97 11.49 3.39 2.76 6.65 6.65 3.30 5.04 3.80 6.37 4.80 11.42 11.49 7.18 10.61 9.41 6.69 7.58 7.18 9.41 3.67 4.79 10.09 5.47 
3.31 5.07 6.46 6.24 5.68 5.14 8.00 2.26 7.15 7.31 4.36 8.36 6.17 8.53 6.09 4.37 5.38 2.52 2.27 4.53 3.52 3.86 3.81 4.60 2.24 1.00 5.94 5.96 0.84 7.70 
9.28 1.07 1.06 0.71 3.29 5.13 6.61 7.84 4.65 4.19 2.32 8.03 3.05 7.00 0.72 5.25 4.30 8.44 7.83 2.80 6.38 5.08 5.19 3.20 4.38 5.72 1.14 0.46 6.83 6.78 
8.16 1.16 2.21 1.32 3.70 3.99 5.84 6.93 4.02 3.72 2.16 7.12 2.40 6.29 1.17 4.03 3.26 7.31 6.92 2.79 5.91 4.80 3.93 3.22 3.15 4.81 1.07 1.53 5.75 5.93 
9.86 7.01 7.69 6.04 9.56 2.81 0.11 10.16 2.07 2.70 7.89 1.60 3.59 0.59 5.96 3.60 2.85 9.09 10.18 8.53 10.71 10.06 4.16 8.95 5.88 8.56 5.51 7.09 8.40 0.48 
2.79 5.95 7.28 7.27 6.07 6.40 9.27 1.00 8.42 8.56 5.04 9.56 7.40 9.79 7.13 5.62 6.65 2.22 1.01 5.06 2.97 3.78 5.06 5.03 3.50 1.23 7.03 6.85 0.99 8.95 
8.71 1.19 1.43 2.59 1.42 6.24 8.19 6.86 6.32 5.94 1.07 9.46 4.69 8.62 2.57 6.12 5.58 7.94 6.84 1.15 4.85 3.45 5.89 1.44 4.49 4.86 2.90 1.46 6.24 8.27 
10.71 2.39 1.31 1.47 3.91 6.18 7.17 9.22 5.16 4.58 3.51 8.73 3.74 7.49 1.62 6.42 5.27 9.87 9.20 3.84 7.54 6.16 6.44 4.17 5.79 7.11 2.04 1.50 8.25 7.45 
6.55 6.27 7.44 6.11 8.45 1.45 3.43 7.15 3.76 4.33 6.65 3.31 4.11 3.91 5.97 1.23 2.41 5.82 7.18 7.22 8.34 8.06 1.56 7.56 3.49 5.90 5.53 6.76 5.37 2.95 
7.12 6.58 7.69 6.27 8.84 1.54 2.94 7.75 3.54 4.16 7.05 2.71 4.13 3.39 6.14 1.64 2.46 6.39 7.78 7.63 8.90 8.58 2.06 7.99 4.02 6.48 5.69 7.01 5.97 2.42 
11.85 4.41 3.88 2.77 6.49 5.76 5.62 10.84 3.79 3.11 5.68 7.30 3.13 5.79 2.87 6.32 4.80 10.99 10.84 6.17 9.71 8.45 6.56 6.56 6.72 8.73 2.87 3.73 9.55 6.05 
8.36 1.50 2.37 1.17 4.06 3.79 5.50 7.22 3.65 3.33 2.56 6.82 2.02 5.94 1.02 3.89 3.00 7.50 7.21 3.18 6.29 5.19 3.85 3.62 3.28 5.11 0.77 1.70 5.98 5.61 
6.99 6.52 7.64 6.24 8.76 1.51 3.05 7.62 3.58 4.19 6.96 2.84 4.12 3.51 6.11 1.54 2.44 6.26 7.64 7.54 8.77 8.47 1.95 7.90 3.90 6.35 5.66 6.96 5.83 2.54 
6.26 3.47 4.45 5.11 2.64 6.71 9.32 4.04 7.82 7.68 2.22 10.18 6.35 9.82 5.01 6.22 6.45 5.62 4.01 1.91 1.84 0.77 5.77 1.71 3.83 2.43 5.13 4.26 3.98 9.21 
6.82 4.56 5.28 6.21 2.94 8.09 10.69 4.36 9.17 9.00 3.29 11.56 7.66 11.20 6.14 7.58 7.83 6.31 4.32 2.79 1.37 0.62 7.12 2.42 5.17 3.33 6.32 5.24 4.82 10.59 
3.81 6.00 7.20 7.50 5.54 7.42 10.27 1.28 9.23 9.29 4.90 10.71 8.04 10.80 7.37 6.69 7.54 3.43 1.24 4.75 1.79 2.94 6.14 4.61 4.36 1.68 7.36 6.88 2.34 10.01 
3.40 5.08 6.44 6.35 5.47 5.56 8.43 1.95 7.50 7.63 4.26 8.82 6.45 8.95 6.20 4.81 5.75 2.66 1.95 4.36 3.05 3.48 4.26 4.40 2.58 0.59 6.09 5.98 0.98 8.14 
2.22 6.17 7.56 7.32 6.68 5.77 8.62 1.70 7.96 8.18 5.43 8.78 7.10 9.14 7.17 4.96 6.15 1.45 1.73 5.57 3.96 4.61 4.40 5.61 3.15 1.77 7.00 7.06 0.26 8.26 
8.17 3.88 4.73 3.19 6.40 1.64 3.17 7.78 1.66 1.80 4.72 4.40 1.03 3.65 3.08 2.16 0.69 7.32 7.79 5.36 7.77 6.98 2.45 5.78 3.29 5.89 2.61 4.08 6.18 3.21 
8.64 1.24 1.53 2.68 1.34 6.26 8.24 6.78 6.38 6.01 1.00 9.50 4.75 8.67 2.65 6.13 5.61 7.87 6.75 1.05 4.75 3.34 5.89 1.34 4.47 4.79 2.98 1.56 6.18 8.32 
9.12 3.34 3.86 2.21 5.91 2.90 3.79 8.43 1.83 1.46 4.42 5.26 0.26 4.17 2.13 3.40 1.94 8.25 8.44 5.05 7.96 6.98 3.63 5.48 4.04 6.42 1.69 3.28 6.95 4.00 
1.30 7.65 9.00 8.90 7.80 7.35 10.16 1.28 9.59 9.83 6.79 10.18 8.76 10.67 8.76 6.52 7.78 1.29 1.32 6.82 4.35 5.40 5.97 6.78 4.80 2.98 8.61 8.55 1.89 9.77 
1.82 6.56 7.96 7.67 7.12 5.87 8.69 1.85 8.13 8.38 5.85 8.76 7.34 9.21 7.52 5.04 6.31 1.02 1.89 6.00 4.35 5.05 4.50 6.05 3.41 2.22 7.34 7.45 0.68 8.31 
7.38 1.60 2.63 3.26 1.81 5.75 8.06 5.52 6.36 6.12 0.35 9.15 4.79 8.54 3.17 5.47 5.27 6.62 5.50 0.54 3.72 2.44 5.14 0.90 3.48 3.52 3.34 2.38 4.92 8.05 
9.43 2.32 2.56 0.89 4.80 4.05 5.12 8.38 3.13 2.63 3.55 6.61 1.60 5.48 0.84 4.38 3.12 8.56 8.38 4.13 7.42 6.27 4.48 4.55 4.30 6.28 0.51 2.03 7.10 5.34 
7.54 1.57 2.52 3.23 1.66 5.87 8.14 5.66 6.43 6.17 0.30 9.26 4.84 8.62 3.15 5.60 5.37 6.78 5.64 0.41 3.78 2.47 5.28 0.80 3.64 3.67 3.34 2.31 5.08 8.15 
7.57 3.26 3.84 4.89 1.52 7.41 9.83 5.29 8.16 7.91 2.04 10.86 6.58 10.31 4.83 7.03 7.00 6.93 5.26 1.44 2.65 1.20 6.64 1.03 4.79 3.73 5.06 3.85 5.29 9.79 
11.27 5.27 5.29 3.73 7.72 4.38 3.52 10.73 1.97 1.39 6.48 5.20 2.33 3.62 3.74 5.11 3.55 10.41 10.73 7.07 10.22 9.16 5.50 7.50 6.28 8.72 3.45 4.89 9.20 4.00 
8.32 1.95 2.79 1.42 4.51 3.38 5.05 7.32 3.21 2.92 2.96 6.37 1.60 5.49 1.28 3.54 2.56 7.46 7.32 3.59 6.57 5.53 3.54 4.02 3.20 5.23 0.89 2.13 6.00 5.15 
7.83 5.26 5.73 6.88 3.15 9.17 11.71 5.31 10.11 9.89 4.04 12.64 8.55 12.21 6.83 8.70 8.86 7.37 5.27 3.44 2.24 1.74 8.25 3.02 6.31 4.48 7.06 5.81 5.94 11.64 
6.87 1.70 2.97 3.25 2.47 5.18 7.59 5.15 5.98 5.79 0.81 8.61 4.45 8.08 3.14 4.85 4.76 6.08 5.13 1.20 3.72 2.62 4.51 1.51 2.82 3.08 3.22 2.58 4.39 7.55 
3.28 5.66 6.95 7.05 5.63 6.53 9.39 1.16 8.44 8.55 4.69 9.78 7.34 9.92 6.91 5.78 6.71 2.74 1.15 4.67 2.47 3.28 5.22 4.61 3.53 0.97 6.84 6.56 1.41 9.11 
7.84 0.65 1.94 2.28 2.31 5.15 7.26 6.20 5.49 5.20 0.69 8.45 3.88 7.72 2.19 4.99 4.55 7.03 6.19 1.31 4.67 3.43 4.75 1.74 3.37 4.11 2.35 1.52 5.36 7.30 
12.57 5.37 4.86 3.72 7.48 6.13 5.50 11.68 3.89 3.24 6.65 7.19 3.64 5.58 3.82 6.77 5.21 11.70 11.68 7.14 10.66 9.42 7.07 7.54 7.44 9.58 3.76 4.72 10.33 6.00 
9.99 7.02 7.67 6.01 9.57 2.92 0.05 10.27 2.02 2.63 7.92 1.70 3.58 0.49 5.94 3.71 2.90 9.22 10.29 8.56 10.78 10.11 4.26 8.98 5.96 8.65 5.49 7.08 8.51 0.63 
9.91 4.82 5.24 3.57 7.39 2.92 2.56 9.54 0.60 0.08 5.90 4.19 1.35 2.85 3.53 3.66 2.12 9.06 9.54 6.53 9.34 8.42 4.07 6.97 5.05 7.61 3.11 4.70 7.94 2.91 
10.76 4.56 4.62 3.04 7.03 4.08 3.72 10.12 1.89 1.21 5.77 5.40 1.76 3.92 3.05 4.75 3.18 9.90 10.12 6.37 9.54 8.46 5.09 6.79 5.71 8.09 2.75 4.21 8.64 4.14 
10.49 2.29 1.45 1.12 4.07 5.78 6.76 9.08 4.75 4.17 3.48 8.31 3.33 7.08 1.27 6.05 4.87 9.65 9.07 3.87 7.54 6.19 6.08 4.23 5.52 6.97 1.66 1.44 8.06 7.03 
12.29 4.76 4.13 3.14 6.76 6.18 5.93 11.26 4.15 3.47 6.03 7.61 3.57 6.06 3.26 6.75 5.23 11.43 11.25 6.49 10.07 8.79 7.00 6.87 7.16 9.14 3.28 4.04 9.99 6.38 
6.93 5.53 6.22 7.19 3.77 8.95 11.60 4.39 10.11 9.96 4.27 12.42 8.62 12.11 7.12 8.40 8.73 6.53 4.35 3.75 1.37 1.56 7.92 3.37 5.96 3.82 7.30 6.20 5.19 11.48 
10.16 2.83 2.71 1.19 5.17 4.54 5.24 9.10 3.22 2.63 4.09 6.81 1.93 5.55 1.25 4.96 3.59 9.29 9.10 4.64 8.05 6.85 5.10 5.05 5.03 6.99 1.14 2.33 7.83 5.53 
6.08 5.13 5.99 6.78 3.79 8.13 10.84 3.57 9.44 9.33 3.86 11.59 8.00 11.36 6.69 7.55 7.98 5.64 3.53 3.45 0.50 1.13 7.06 3.13 5.10 2.88 6.82 5.88 4.26 10.69 
6.87 2.66 3.91 2.87 4.89 2.55 4.96 6.09 3.54 3.54 3.11 5.95 2.31 5.47 2.71 2.39 2.11 6.00 6.09 3.72 5.87 5.11 2.23 4.11 1.73 4.09 2.39 3.23 4.63 4.89 
7.96 3.09 3.53 4.68 1.10 7.49 9.82 5.71 8.10 7.82 1.95 10.90 6.50 10.29 4.64 7.15 7.03 7.31 5.68 1.31 3.08 1.63 6.79 0.88 4.98 4.11 4.90 3.60 5.66 9.81 
8.35 3.56 4.37 2.81 6.10 2.03 3.44 7.84 1.75 1.73 4.46 4.74 0.70 3.90 2.69 2.49 1.08 7.49 7.84 5.10 7.67 6.81 2.74 5.53 3.36 5.89 2.23 3.72 6.28 3.52 
6.89 3.05 3.90 4.71 1.98 6.80 9.30 4.70 7.70 7.51 1.78 10.26 6.17 9.79 4.63 6.37 6.45 6.23 4.67 1.35 2.37 0.99 5.96 1.08 4.08 3.02 4.80 3.78 4.57 9.23 
7.94 3.49 4.41 2.93 5.99 1.81 3.59 7.45 2.06 2.11 4.30 4.78 1.09 4.07 2.80 2.17 0.94 7.08 7.46 4.94 7.36 6.55 2.37 5.36 2.97 5.53 2.34 3.75 5.88 3.61 
10.13 2.04 1.48 0.71 4.05 5.38 6.44 8.78 4.43 3.87 3.27 7.97 2.96 6.78 0.86 5.64 4.47 9.28 8.77 3.72 7.34 6.03 5.66 4.10 5.13 6.66 1.25 1.27 7.71 6.69 
8.39 6.32 7.22 5.66 8.77 1.50 1.55 8.75 2.26 2.93 7.03 2.01 3.27 2.05 5.55 2.20 1.92 7.63 8.77 7.65 9.49 8.96 2.75 8.05 4.58 7.23 5.08 6.57 6.98 1.14 
9.39 1.76 1.90 0.24 4.17 4.51 5.76 8.17 3.78 3.30 3.02 7.23 2.22 6.14 0.19 4.75 3.62 8.53 8.16 3.57 7.00 5.78 4.78 3.99 4.32 6.05 0.36 1.37 7.00 5.97 
8.34 6.48 7.40 5.84 8.92 1.58 1.62 8.76 2.46 3.13 7.17 1.89 3.47 2.10 5.74 2.23 2.08 7.58 8.78 7.79 9.56 9.05 2.78 8.18 4.65 7.28 5.27 6.75 6.98 1.16 
6.06 2.49 3.91 3.42 4.13 3.62 6.23 4.93 4.87 4.85 2.35 7.10 3.57 6.75 3.27 3.21 3.37 5.21 4.93 2.86 4.55 3.86 2.84 3.18 1.24 2.86 3.10 3.31 3.66 6.11 
12.58 4.63 3.73 3.15 6.32 6.86 6.86 11.35 5.01 4.33 5.85 8.54 4.20 7.02 3.29 7.37 5.90 11.72 11.34 6.24 9.91 8.56 7.55 6.58 7.47 9.23 3.45 3.81 10.20 7.29 
9.50 2.32 2.50 0.83 4.78 4.14 5.19 8.44 3.19 2.69 3.55 6.69 1.68 5.55 0.81 4.47 3.21 8.64 8.44 4.13 7.45 6.29 4.57 4.55 4.38 6.33 0.52 1.99 7.17 5.42 
10.28 5.41 5.79 4.13 7.97 3.14 2.17 10.01 0.65 0.62 6.49 3.85 1.94 2.39 4.09 3.94 2.46 9.44 10.02 7.12 9.90 8.99 4.39 7.55 5.52 8.12 3.68 5.27 8.38 2.61 
2.33 7.16 8.58 7.94 8.25 5.02 7.63 3.65 7.47 7.85 6.73 7.42 7.04 8.12 7.78 4.19 5.69 1.68 3.69 7.03 6.05 6.54 3.73 7.17 3.51 3.66 7.50 7.99 2.22 7.18 
1.78 6.61 8.00 7.75 7.11 6.02 8.84 1.69 8.26 8.51 5.87 8.92 7.46 9.36 7.60 5.19 6.45 1.02 1.73 6.01 4.26 4.99 4.65 6.04 3.52 2.19 7.42 7.50 0.70 8.46 
12.21 4.61 3.95 3.00 6.58 6.18 6.01 11.14 4.20 3.52 5.87 7.70 3.55 6.16 3.12 6.74 5.23 11.35 11.14 6.33 9.92 8.63 6.97 6.71 7.08 9.03 3.16 3.88 9.89 6.46 
6.02 4.27 5.54 4.42 6.34 1.55 4.40 5.86 3.64 3.93 4.54 4.97 3.08 4.93 4.26 0.94 1.82 5.17 5.88 5.10 6.46 6.03 0.61 5.45 1.55 4.21 3.88 4.86 4.16 4.14 
4.58 5.93 7.02 7.50 5.13 7.89 10.72 2.02 9.55 9.56 4.74 11.25 8.28 11.24 7.38 7.20 7.92 4.22 1.98 4.50 1.09 2.44 6.66 4.29 4.80 2.15 7.42 6.77 3.09 10.48 
8.30 7.32 8.29 6.76 9.71 2.27 2.09 8.99 3.36 4.04 7.93 1.47 4.40 2.43 6.65 2.70 2.95 7.60 9.02 8.55 10.06 9.67 3.20 8.93 5.15 7.68 6.18 7.63 7.21 1.50 
9.41 3.48 3.90 2.23 6.03 3.12 3.78 8.72 1.78 1.32 4.60 5.31 0.47 4.14 2.17 3.65 2.16 8.55 8.72 5.22 8.21 7.19 3.90 5.65 4.33 6.70 1.75 3.34 7.25 4.03 
1.02 7.41 8.79 8.56 7.80 6.69 9.48 1.73 8.99 9.26 6.64 9.46 8.24 9.99 8.40 5.86 7.18 0.58 1.77 6.74 4.66 5.56 5.32 6.75 4.31 2.88 8.23 8.30 1.50 9.07 
7.35 4.38 4.98 6.03 2.52 8.24 10.77 4.91 9.17 8.96 3.14 11.71 7.63 11.26 5.96 7.78 7.92 6.82 4.87 2.57 1.93 0.90 7.34 2.17 5.41 3.77 6.18 4.99 5.29 10.70 
7.21 1.72 3.04 2.28 3.96 3.48 5.72 6.09 4.10 3.96 2.20 6.82 2.63 6.21 2.12 3.34 2.93 6.35 6.09 2.83 5.40 4.46 3.15 3.24 2.18 3.99 1.93 2.38 4.83 5.71 
3.66 5.31 6.59 6.73 5.23 6.44 9.30 1.52 8.27 8.35 4.31 9.74 7.12 9.83 6.59 5.72 6.57 3.09 1.51 4.28 2.19 2.90 5.17 4.21 3.39 0.72 6.54 6.20 1.64 9.03 
7.80 1.94 2.63 3.58 1.16 6.42 8.68 5.79 6.93 6.65 0.79 9.80 5.34 9.15 3.52 6.15 5.91 7.07 5.77 0.15 3.65 2.24 5.82 0.29 4.14 3.90 3.76 2.55 5.38 8.69 
6.60 6.13 7.29 5.95 8.32 1.30 3.36 7.14 3.63 4.19 6.52 3.31 3.96 3.85 5.81 1.10 2.26 5.85 7.16 7.09 8.27 7.97 1.46 7.44 3.41 5.85 5.37 6.62 5.36 2.90 
8.24 1.70 2.18 3.26 0.98 6.47 8.60 6.26 6.80 6.48 0.83 9.79 5.18 9.06 3.22 6.25 5.89 7.49 6.24 0.48 4.11 2.69 5.96 0.69 4.38 4.34 3.50 2.18 5.79 8.64 
11.58 3.60 2.78 2.13 5.40 6.15 6.53 10.32 4.57 3.91 4.83 8.18 3.50 6.76 2.27 6.58 5.19 10.72 10.31 5.24 8.89 7.56 6.72 5.60 6.50 8.20 2.47 2.79 9.19 6.90 
6.79 1.96 3.33 2.69 3.99 3.49 5.88 5.67 4.36 4.26 2.19 6.90 2.95 6.38 2.53 3.24 3.04 5.94 5.67 2.79 5.08 4.22 2.99 3.17 1.81 3.58 2.35 2.70 4.40 5.83 
1.70 7.88 9.30 8.73 8.82 5.84 8.41 3.57 8.30 8.69 7.38 8.11 7.88 8.89 8.57 5.02 6.52 1.31 3.61 7.63 6.27 6.93 4.56 7.74 4.29 4.05 8.31 8.73 2.50 7.93 
3.55 4.99 6.34 6.30 5.28 5.70 8.56 1.93 7.59 7.70 4.13 8.98 6.49 9.09 6.16 4.96 5.86 2.85 1.92 4.21 2.82 3.25 4.41 4.22 2.68 0.37 6.06 5.89 1.19 8.28 
4.75 5.57 6.92 5.94 7.32 2.50 5.22 5.16 4.95 5.35 5.57 5.29 4.63 5.73 5.78 1.67 3.18 3.96 5.19 6.05 6.52 6.44 1.22 6.32 2.03 4.01 5.42 6.26 3.38 4.81 
12.25 4.55 3.82 2.96 6.44 6.33 6.23 11.14 4.40 3.71 5.80 7.91 3.68 6.39 3.09 6.86 5.37 11.39 11.13 6.24 9.85 8.55 7.08 6.61 7.12 9.02 3.17 3.79 9.91 6.66 
6.05 2.33 3.73 3.60 3.49 4.42 7.00 4.61 5.57 5.50 1.81 7.89 4.19 7.51 3.46 3.99 4.14 5.23 4.60 2.22 3.84 3.08 3.59 2.49 1.81 2.49 3.40 3.22 3.58 6.90 
9.49 2.15 2.31 0.64 4.60 4.27 5.37 8.38 3.38 2.88 3.40 6.86 1.85 5.73 0.62 4.57 3.35 8.62 8.37 3.97 7.33 6.14 4.65 4.39 4.37 6.26 0.40 1.80 7.13 5.59 
8.50 0.96 1.47 2.46 1.62 5.96 7.95 6.70 6.09 5.74 0.87 9.20 4.47 8.39 2.42 5.84 5.32 7.72 6.68 1.10 4.80 3.42 5.61 1.46 4.22 4.68 2.72 1.38 6.03 8.02 
5.55 6.49 7.77 6.58 8.45 2.26 4.48 6.34 4.71 5.24 6.67 4.22 4.84 4.94 6.43 1.67 3.18 4.85 6.37 7.19 7.83 7.73 1.64 7.49 3.23 5.32 6.03 7.09 4.58 3.99 
10.82 4.76 4.84 3.24 7.24 4.06 3.55 10.23 1.78 1.12 5.96 5.24 1.84 3.74 3.25 4.75 3.18 9.96 10.23 6.56 9.70 8.63 5.11 6.99 5.80 8.21 2.94 4.42 8.72 3.99 
5.59 2.84 4.26 3.92 4.13 3.98 6.68 4.37 5.39 5.40 2.44 7.46 4.13 7.20 3.77 3.48 3.82 4.75 4.37 2.86 4.07 3.50 3.04 3.12 1.18 2.29 3.63 3.70 3.15 6.52 
9.66 7.07 7.79 6.15 9.60 2.70 0.39 10.02 2.22 2.87 7.91 1.39 3.70 0.78 6.06 3.46 2.82 8.90 10.04 8.55 10.64 10.03 4.02 8.96 5.78 8.45 5.61 7.18 8.26 0.21 
8.22 5.71 6.61 5.06 8.17 1.06 1.81 8.41 1.88 2.51 6.43 2.59 2.70 2.34 4.95 1.86 1.31 7.43 8.43 7.06 9.00 8.42 2.42 7.46 4.13 6.81 4.48 5.96 6.66 1.56 
10.42 6.44 6.93 5.26 9.01 3.18 1.12 10.44 1.31 1.75 7.45 2.80 2.93 1.23 5.21 4.02 2.82 9.61 10.45 8.09 10.63 9.83 4.54 8.52 6.00 8.67 4.78 6.38 8.73 1.67 
8.48 2.05 2.32 3.55 0.57 6.88 8.99 6.44 7.18 6.84 1.24 10.20 5.55 9.45 3.52 6.66 6.30 7.76 6.41 0.77 4.12 2.67 6.37 0.74 4.76 4.58 3.83 2.43 6.06 9.04 
7.38 5.14 6.18 4.73 7.51 0.14 2.74 7.49 2.38 2.89 5.73 3.37 2.62 3.26 4.61 0.97 0.92 6.57 7.51 6.35 8.11 7.58 1.51 6.74 3.22 5.88 4.15 5.51 5.75 2.47 
5.65 2.87 4.29 3.82 4.34 3.66 6.36 4.57 5.10 5.12 2.61 7.14 3.87 6.88 3.67 3.17 3.51 4.80 4.57 3.07 4.38 3.82 2.75 3.35 0.95 2.53 3.50 3.70 3.26 6.21 
4.68 5.72 6.80 7.29 4.92 7.75 10.58 2.14 9.39 9.39 4.53 11.13 8.10 11.10 7.18 7.08 7.77 4.29 2.10 4.28 0.94 2.23 6.54 4.07 4.66 2.04 7.22 6.56 3.08 10.35 
7.23 1.90 3.18 2.29 4.19 3.26 5.49 6.19 3.88 3.76 2.44 6.59 2.43 5.98 2.14 3.14 2.69 6.37 6.19 3.07 5.59 4.68 2.97 3.47 2.15 4.11 1.90 2.51 4.88 5.47 
5.47 3.02 4.44 4.02 4.40 3.76 6.49 4.37 5.26 5.30 2.69 7.23 4.06 7.02 3.86 3.23 3.65 4.62 4.37 3.12 4.25 3.74 2.79 3.39 0.91 2.34 3.70 3.87 3.06 6.32 
6.50 2.08 3.36 3.61 2.68 5.20 7.70 4.76 6.15 6.01 1.15 8.66 4.67 8.20 3.49 4.81 4.85 5.72 4.74 1.42 3.41 2.41 4.44 1.65 2.65 2.69 3.54 2.97 4.03 7.63 
10.34 7.04 7.61 5.95 9.60 3.19 0.46 10.55 1.94 2.49 7.98 2.02 3.55 0.43 5.88 4.01 3.07 9.55 10.57 8.62 10.97 10.25 4.56 9.05 6.20 8.88 5.44 7.04 8.81 1.04 
7.23 3.87 4.52 5.52 2.17 7.74 10.25 4.86 8.65 8.44 2.62 11.21 7.10 10.75 5.46 7.30 7.41 6.65 4.82 2.07 2.05 0.68 6.88 1.68 4.96 3.52 5.66 4.51 5.07 10.19 
10.39 2.78 2.46 1.13 5.00 4.94 5.63 9.25 3.62 3.02 4.05 7.22 2.34 5.93 1.23 5.33 3.99 9.53 9.24 4.56 8.07 6.82 5.46 4.96 5.28 7.13 1.28 2.17 8.03 5.93 
4.74 4.74 5.90 6.28 4.26 6.78 9.58 2.43 8.35 8.34 3.60 10.20 7.04 10.10 6.16 6.14 6.76 4.19 2.40 3.44 1.28 1.81 5.62 3.31 3.69 1.27 6.18 5.60 2.69 9.37 
3.95 5.79 6.97 7.29 5.32 7.29 10.14 1.45 9.07 9.12 4.68 10.61 7.86 10.67 7.16 6.58 7.39 3.53 1.42 4.53 1.65 2.74 6.03 4.39 4.23 1.54 7.15 6.66 2.35 9.89 
8.36 3.73 4.01 5.29 1.40 8.20 10.53 6.01 8.79 8.49 2.64 11.62 7.18 11.00 5.25 7.86 7.74 7.76 5.98 2.00 3.16 1.83 7.49 1.58 5.66 4.58 5.54 4.16 6.14 10.52 
10.30 8.10 8.80 7.15 10.63 3.62 1.16 10.84 3.18 3.79 8.95 0.82 4.71 0.96 7.07 4.32 3.84 9.58 10.86 9.58 11.61 11.03 4.87 10.00 6.71 9.36 6.62 8.20 9.06 1.06 
