5.95 3.64 6.94 3.32 5.19 8.62 1.76 1.11 6.34 3.37 2.09 5.86 5.02 2.53 8.07 2.95 5.65 5.15 2.23 6.00 5.32 8.00 7.49 3.94 3.74 5.09 0.73 1.73 5.07 3.72 5.70 8.26 6.15 2.08 1.92 3.24 6.32 4.79 7.71 4.33 1.76 6.33 7.72 2.66 5.30 2.31 3.01 2.62 5.13 5.56 5.40 5.22 3.90 2.81 3.07 7.67 3.30 4.62 5.16 3.63 
5.70 9.76 3.85 9.79 8.10 1.74 8.54 9.40 3.38 8.73 11.03 10.32 4.99 11.65 1.65 9.17 3.95 9.96 11.48 9.64 4.60 2.24 4.53 7.48 10.25 5.35 9.63 8.38 8.56 7.59 7.11 1.09 6.11 9.39 8.63 9.93 3.07 7.60 1.71 8.86 7.66 7.71 5.25 8.56 8.46 8.00 10.74 11.85 7.20 8.56 8.21 4.38 7.60 11.16 11.06 1.77 6.83 4.91 4.52 9.26 
3.83 5.34 6.44 5.08 3.14 7.62 3.15 3.09 5.51 1.66 3.20 7.40 4.64 4.61 6.98 4.54 4.86 6.70 4.20 7.34 3.52 7.09 5.45 1.80 5.58 4.94 2.87 0.52 6.20 1.58 6.30 6.84 3.99 3.89 3.35 5.06 5.27 5.60 6.53 2.54 0.94 4.21 5.61 0.98 3.32 0.22 5.08 4.17 5.78 3.58 6.38 4.51 4.74 3.24 3.17 6.52 3.63 3.98 4.53 2.15 
5.41 3.19 4.15 3.10 5.89 6.00 1.61 2.54 3.72 4.73 4.91 4.76 2.24 4.82 5.54 2.43 3.05 4.12 4.75 4.51 4.03 5.36 6.45 4.45 3.62 2.26 2.89 3.13 3.28 4.30 3.23 6.04 5.80 2.45 1.69 3.19 3.88 2.56 5.26 5.56 2.15 6.67 6.93 4.05 6.15 3.29 3.84 5.40 2.71 6.40 3.37 2.61 1.75 5.50 5.66 5.22 0.56 2.04 2.50 5.22 
1.88 9.84 8.21 9.62 1.91 8.05 7.66 7.76 6.96 3.81 7.22 11.69 7.20 9.15 7.37 9.01 6.65 11.02 8.67 11.44 3.66 7.86 2.84 2.90 10.14 7.72 7.55 5.11 10.19 3.12 9.71 6.35 1.38 8.49 7.86 9.63 6.33 9.36 6.84 3.12 5.40 0.70 2.29 4.33 2.06 4.53 9.75 8.30 9.34 1.95 10.21 6.60 8.67 6.67 6.30 6.87 7.37 6.42 6.73 3.97 
7.12 5.24 9.15 4.89 5.60 10.73 3.87 2.93 8.49 3.67 0.26 7.46 7.23 2.19 10.15 4.75 7.80 6.79 1.61 7.77 6.97 10.14 8.82 4.78 5.16 7.32 2.40 2.94 7.02 4.56 7.85 10.20 7.17 3.82 3.97 4.75 8.40 6.89 9.75 4.45 3.60 6.84 8.88 3.25 5.56 3.45 4.05 0.83 7.28 5.77 7.41 7.38 6.03 1.16 1.63 9.73 5.53 6.78 7.34 3.58 
3.33 5.71 6.29 5.46 2.78 7.34 3.51 3.53 5.30 1.57 3.66 7.71 4.57 5.11 6.69 4.89 4.67 7.02 4.70 7.61 3.08 6.84 4.96 1.37 5.97 4.91 3.35 1.01 6.43 1.17 6.41 6.47 3.49 4.29 3.71 5.45 5.01 5.78 6.23 2.34 1.23 3.78 5.11 1.07 2.99 0.47 5.52 4.65 5.91 3.25 6.58 4.36 4.94 3.62 3.50 6.21 3.77 3.86 4.39 2.13 
5.73 4.03 7.10 3.71 4.86 8.69 2.11 1.50 6.44 3.01 1.88 6.25 5.18 2.71 8.13 3.33 5.75 5.54 2.34 6.37 5.21 8.10 7.31 3.65 4.13 5.29 1.09 1.44 5.42 3.42 6.01 8.26 5.90 2.47 2.27 3.63 6.38 5.11 7.75 3.97 1.66 6.02 7.51 2.31 4.95 2.02 3.38 2.56 5.44 5.21 5.74 5.33 4.22 2.50 2.73 7.72 3.54 4.73 5.28 3.25 
2.21 10.37 8.50 10.16 2.45 8.19 8.20 8.32 7.25 4.37 7.77 12.19 7.59 9.72 7.52 9.54 6.98 11.53 9.23 11.93 4.00 8.05 2.81 3.46 10.68 8.12 8.11 5.67 10.67 3.69 10.14 6.43 1.73 9.04 8.40 10.17 6.60 9.83 7.00 3.65 5.95 1.21 2.15 4.89 2.57 5.10 10.31 8.86 9.78 2.43 10.68 6.96 9.15 7.21 6.83 7.04 7.86 6.82 7.10 4.51 
3.12 5.52 5.58 5.30 3.14 6.63 3.35 3.58 4.58 2.26 4.20 7.41 3.88 5.41 5.98 4.69 3.95 6.73 5.05 7.23 2.53 6.12 4.61 1.70 5.83 4.25 3.50 1.51 6.02 1.57 5.86 5.81 3.38 4.21 3.55 5.32 4.29 5.30 5.52 2.93 1.17 3.98 4.86 1.79 3.40 1.12 5.53 5.13 5.39 3.66 6.12 3.64 4.50 4.27 4.19 5.51 3.26 3.15 3.68 2.82 
2.10 7.73 4.32 7.63 4.33 4.17 5.91 6.51 3.07 4.91 7.52 9.05 3.74 8.59 3.48 6.96 2.90 8.50 8.29 8.60 0.81 3.92 2.07 3.65 8.16 4.29 6.59 4.82 7.34 3.76 6.43 2.75 2.59 6.84 6.06 7.72 2.41 6.38 2.95 5.02 4.32 4.17 2.73 4.82 4.69 4.35 8.25 8.45 6.20 4.82 7.20 3.00 5.94 7.50 7.34 2.97 4.73 3.08 3.17 5.43 
4.11 5.97 2.32 5.94 5.78 3.29 4.56 5.41 1.18 5.60 7.24 6.97 1.47 7.67 2.71 5.29 0.67 6.47 7.52 6.44 2.32 2.74 4.35 4.63 6.44 2.02 5.66 4.73 5.21 4.63 4.16 3.07 4.60 5.43 4.66 6.07 0.96 4.22 2.35 6.08 3.87 6.02 5.03 5.20 6.13 4.50 6.80 7.97 3.98 6.33 5.01 0.71 3.94 7.53 7.52 2.32 2.93 1.00 0.89 6.17 
5.04 4.53 2.48 4.53 6.23 4.26 3.34 4.28 1.98 5.57 6.50 5.53 0.58 6.56 3.81 3.89 1.34 5.02 6.49 5.04 3.34 3.62 5.62 4.89 5.01 0.94 4.62 4.31 3.79 4.82 2.93 4.45 5.51 4.13 3.40 4.66 2.23 2.82 3.58 6.24 3.32 6.73 6.24 5.02 6.55 4.25 5.46 7.08 2.64 6.78 3.64 0.90 2.48 6.96 7.04 3.53 1.55 0.49 0.77 6.13 
7.06 5.47 9.28 5.13 5.47 10.82 4.06 3.13 8.58 3.56 0.30 7.69 7.36 2.42 10.23 4.97 7.90 7.02 1.85 8.00 6.97 10.24 8.78 4.71 5.39 7.46 2.60 2.96 7.23 4.49 8.04 10.24 7.10 4.04 4.17 4.99 8.48 7.09 9.83 4.31 3.67 6.72 8.82 3.18 5.42 3.44 4.29 0.99 7.47 5.63 7.62 7.49 6.22 0.93 1.41 9.80 5.69 6.89 7.45 3.44 
4.51 4.92 6.73 4.64 3.67 8.07 2.78 2.54 5.89 1.94 2.58 7.06 4.87 3.94 7.45 4.14 5.22 6.35 3.52 7.06 4.15 7.51 6.13 2.40 5.12 5.11 2.26 0.19 5.98 2.18 6.25 7.40 4.66 3.41 2.97 4.60 5.71 5.48 7.02 2.90 0.97 4.79 6.29 1.20 3.80 0.78 4.52 3.51 5.71 4.06 6.22 4.84 4.59 2.75 2.77 7.00 3.61 4.28 4.84 2.32 
7.70 2.32 4.10 2.51 8.36 6.37 2.84 3.76 4.42 7.14 6.61 2.65 2.90 5.63 6.15 2.17 3.99 2.21 5.82 2.17 6.12 5.71 8.48 6.92 2.80 2.44 4.28 5.45 0.91 6.77 1.26 7.11 8.12 2.98 2.71 2.70 4.91 0.25 6.08 8.01 4.54 9.11 9.06 6.43 8.62 5.70 3.76 6.76 0.75 8.87 0.91 3.65 0.74 7.41 7.66 6.02 1.97 3.38 3.48 7.61 
3.61 5.67 6.59 5.41 2.82 7.69 3.47 3.40 5.62 1.37 3.32 7.72 4.83 4.85 7.04 4.86 4.99 7.02 4.42 7.66 3.44 7.18 5.27 1.49 5.90 5.16 3.16 0.74 6.51 1.27 6.57 6.83 3.74 4.21 3.68 5.39 5.35 5.90 6.58 2.23 1.25 3.90 5.39 0.76 2.99 0.15 5.39 4.32 6.06 3.26 6.69 4.66 5.04 3.26 3.14 6.57 3.91 4.14 4.69 1.89 
4.48 7.32 8.77 7.01 2.39 9.69 5.25 4.81 7.75 0.98 3.14 9.51 7.05 5.38 9.02 6.58 7.14 8.80 4.82 9.56 5.10 9.24 6.24 2.23 7.45 7.38 4.39 2.40 8.49 2.11 8.72 8.60 4.36 5.77 5.44 6.94 7.40 7.98 8.53 1.18 3.35 3.62 6.08 1.47 2.26 2.24 6.65 4.20 8.19 2.45 8.73 6.84 7.10 2.41 2.01 8.52 6.06 6.34 6.87 0.44 
2.17 7.07 4.17 6.96 4.10 4.40 5.21 5.81 2.92 4.42 6.87 8.46 3.30 7.89 3.70 6.29 2.61 7.88 7.61 8.04 0.40 4.05 2.62 3.22 7.49 3.84 5.89 4.18 6.77 3.30 5.95 3.22 2.67 6.14 5.37 7.04 2.34 5.83 3.19 4.65 3.64 4.14 3.20 4.25 4.46 3.74 7.55 7.78 5.68 4.62 6.66 2.61 5.33 6.90 6.77 3.19 4.10 2.57 2.76 4.96 
6.49 9.08 2.84 9.15 8.77 0.56 8.15 9.08 2.83 9.10 11.02 9.36 4.39 11.35 1.09 8.57 3.51 9.08 11.25 8.64 5.09 1.23 5.60 7.95 9.58 4.63 9.38 8.48 7.65 8.02 6.11 1.95 6.94 8.92 8.20 9.31 2.83 6.74 1.56 9.38 7.65 8.56 6.36 8.83 9.14 8.18 10.20 11.75 6.29 9.27 7.25 3.95 6.89 11.28 11.24 1.56 6.32 4.54 4.04 9.66 
7.37 1.14 5.47 1.05 7.47 7.60 1.25 1.96 5.41 5.95 4.83 3.04 3.80 3.75 7.24 0.41 4.81 2.34 3.94 3.07 6.07 6.94 8.49 6.04 1.57 3.54 2.50 4.18 2.15 5.86 3.13 7.94 7.72 1.10 1.06 1.18 5.71 2.12 7.05 6.89 3.46 8.41 8.95 5.21 7.67 4.58 2.06 4.89 2.58 7.94 2.54 4.39 1.41 5.70 6.00 7.00 1.96 3.90 4.25 6.34 
6.43 8.40 2.13 8.49 8.62 0.26 7.55 8.50 2.27 8.80 10.54 8.65 3.76 10.78 0.87 7.91 2.96 8.37 10.69 7.92 4.91 0.61 5.73 7.70 8.90 3.97 8.82 8.06 6.94 7.75 5.40 2.18 6.91 8.30 7.59 8.65 2.41 6.04 1.40 9.15 7.19 8.51 6.50 8.48 8.98 7.80 9.56 11.23 5.58 9.13 6.54 3.39 6.21 10.86 10.84 1.37 5.70 3.99 3.47 9.37 
7.95 2.90 8.06 2.56 7.11 9.99 2.40 1.48 7.71 5.21 2.57 5.05 6.20 0.87 9.52 2.63 7.04 4.41 1.10 5.44 7.22 9.35 9.46 5.92 2.73 6.11 1.36 3.71 4.89 5.69 6.02 9.91 8.15 1.81 2.38 2.39 7.83 5.01 9.22 6.15 3.70 8.28 9.71 4.54 7.18 4.29 1.56 2.18 5.47 7.43 5.35 6.59 4.26 3.59 4.02 9.18 4.27 6.01 6.49 5.36 
5.74 6.58 0.67 6.65 7.60 1.94 5.72 6.68 0.69 7.45 8.85 6.99 1.92 8.95 1.68 6.07 1.29 6.66 8.89 6.31 3.99 1.27 5.56 6.49 7.08 2.13 7.02 6.48 5.24 6.49 3.79 2.86 6.23 6.46 5.76 6.81 1.29 4.29 1.73 7.93 5.55 7.74 6.31 7.03 7.96 6.30 7.71 9.48 3.88 8.15 4.88 1.66 4.39 9.24 9.27 1.66 3.86 2.25 1.70 8.02 
3.36 7.32 3.09 7.28 5.47 3.01 5.76 6.52 1.86 5.77 7.98 8.38 2.86 8.72 2.31 6.62 1.86 7.88 8.51 7.84 1.76 2.69 3.14 4.60 7.79 3.39 6.70 5.32 6.62 4.67 5.51 1.99 3.85 6.66 5.88 7.39 1.18 5.63 1.80 6.03 4.62 5.42 3.87 5.54 5.84 4.95 8.06 8.82 5.37 5.99 6.41 2.09 5.33 8.11 8.02 1.80 4.27 2.38 2.27 6.32 
5.49 5.43 1.25 5.48 7.04 3.13 4.52 5.49 1.00 6.63 7.74 6.03 0.72 7.76 2.78 4.89 0.75 5.63 7.71 5.41 3.70 2.46 5.68 5.80 5.92 0.99 5.85 5.48 4.26 5.77 2.97 3.69 5.98 5.25 4.56 5.64 1.55 3.27 2.66 7.21 4.52 7.36 6.38 6.13 7.38 5.38 6.52 8.33 2.92 7.59 3.96 0.78 3.25 8.19 8.25 2.60 2.66 1.23 0.69 7.19 
2.82 7.28 3.56 7.20 4.91 3.57 5.59 6.28 2.30 5.25 7.57 8.47 3.05 8.44 2.87 6.54 2.16 7.94 8.19 7.98 1.19 3.25 2.78 4.05 7.72 3.60 6.42 4.90 6.73 4.13 5.74 2.42 3.31 6.50 5.72 7.31 1.65 5.76 2.35 5.48 4.26 4.86 3.48 5.05 5.27 4.49 7.91 8.45 5.54 5.42 6.56 2.29 5.38 7.66 7.55 2.37 4.23 2.45 2.47 5.79 
4.24 5.04 6.56 4.77 3.49 7.84 2.86 2.72 5.69 1.85 2.85 7.14 4.72 4.20 7.22 4.25 5.02 6.44 3.79 7.12 3.88 7.30 5.85 2.18 5.25 4.98 2.48 0.17 6.01 1.96 6.21 7.14 4.40 3.55 3.07 4.74 5.49 5.46 6.79 2.79 0.84 4.59 6.02 1.12 3.64 0.54 4.71 3.79 5.67 3.90 6.22 4.65 4.59 2.98 2.96 6.77 3.55 4.10 4.65 2.28 
3.98 5.97 2.46 5.94 5.65 3.40 4.52 5.36 1.31 5.47 7.14 7.01 1.55 7.61 2.80 5.29 0.81 6.51 7.45 6.50 2.19 2.85 4.26 4.50 6.44 2.10 5.60 4.62 5.26 4.50 4.24 3.10 4.47 5.40 4.62 6.06 1.05 4.28 2.42 5.94 3.77 5.89 4.93 5.08 6.00 4.38 6.78 7.88 4.05 6.19 5.07 0.81 3.96 7.42 7.41 2.39 2.93 1.01 0.97 6.04 
0.95 7.54 5.72 7.37 2.51 5.96 5.45 5.79 4.49 3.19 6.15 9.23 4.59 7.60 5.26 6.72 4.10 8.59 7.21 8.93 1.21 5.64 2.43 1.88 7.90 5.11 5.72 3.54 7.66 2.03 7.11 4.59 1.34 6.36 5.64 7.41 3.93 6.80 4.74 3.20 3.39 2.60 2.64 3.24 2.88 2.98 7.71 7.16 6.75 3.03 7.65 4.01 6.15 5.96 5.74 4.75 4.86 3.80 4.13 3.67 
5.62 3.73 6.66 3.43 4.95 8.30 1.71 1.27 6.03 3.18 2.33 5.92 4.74 2.89 7.74 2.99 5.34 5.21 2.59 6.01 4.97 7.69 7.14 3.66 3.88 4.84 1.00 1.47 5.02 3.43 5.57 7.92 5.82 2.18 1.89 3.37 5.99 4.68 7.37 4.14 1.40 6.06 7.38 2.45 5.07 2.02 3.24 2.94 5.00 5.33 5.33 4.91 3.79 2.95 3.17 7.34 3.09 4.31 4.86 3.48 
5.35 3.18 4.39 3.06 5.73 6.21 1.44 2.33 3.92 4.51 4.65 4.85 2.48 4.60 5.73 2.39 3.25 4.20 4.53 4.64 4.03 5.57 6.45 4.28 3.59 2.52 2.66 2.88 3.43 4.13 3.46 6.19 5.72 2.32 1.54 3.14 4.05 2.75 5.44 5.36 1.92 6.55 6.91 3.82 5.98 3.07 3.72 5.15 2.93 6.24 3.55 2.80 1.92 5.24 5.39 5.40 0.81 2.22 2.71 5.00 
5.04 5.10 7.45 4.79 3.86 8.81 3.08 2.59 6.63 1.95 1.88 7.30 5.57 3.53 8.20 4.38 5.96 6.60 3.05 7.39 4.84 8.26 6.72 2.78 5.23 5.78 2.18 0.83 6.38 2.55 6.79 8.13 5.14 3.55 3.26 4.72 6.46 5.96 7.77 2.90 1.68 5.06 6.81 1.30 3.92 1.32 4.47 2.87 6.24 4.17 6.66 5.57 5.07 2.01 2.05 7.75 4.19 5.00 5.56 2.15 
1.35 9.17 7.64 8.96 1.55 7.60 7.00 7.12 6.39 3.31 6.71 11.01 6.57 8.58 6.91 8.34 6.05 10.35 8.10 10.77 3.07 7.38 2.67 2.29 9.48 7.08 6.93 4.50 9.52 2.52 9.05 5.98 0.88 7.84 7.20 8.97 5.79 8.69 6.38 2.74 4.75 0.73 2.28 3.77 1.81 3.92 9.11 7.79 8.67 1.78 9.54 5.98 7.99 6.22 5.88 6.41 6.70 5.78 6.11 3.55 
9.45 1.22 6.45 1.55 9.61 8.73 3.35 3.76 6.76 8.05 6.44 1.04 5.20 4.71 8.51 1.96 6.29 0.42 5.11 1.51 8.05 8.07 10.47 8.19 1.29 4.78 4.25 6.27 1.70 8.00 3.31 9.44 9.82 2.78 3.14 1.68 7.22 2.55 8.43 9.00 5.60 10.55 10.97 7.30 9.81 6.70 2.51 6.20 3.01 10.07 2.19 5.92 2.61 7.41 7.77 8.37 3.77 5.56 5.75 8.41 
8.68 0.34 6.22 0.68 8.74 8.46 2.46 2.86 6.37 7.15 5.58 1.91 4.77 3.99 8.17 1.07 5.84 1.22 4.33 2.21 7.35 7.79 9.77 7.33 0.66 4.41 3.36 5.38 1.84 7.13 3.34 9.00 9.03 1.88 2.26 0.84 6.76 2.40 8.04 8.10 4.73 9.70 10.25 6.41 8.93 5.82 1.84 5.41 2.91 9.19 2.36 5.44 2.15 6.54 6.89 7.98 3.13 5.02 5.28 7.51 
5.99 2.53 4.67 2.41 6.26 6.62 0.99 2.00 4.35 4.92 4.60 4.25 2.81 4.24 6.18 1.74 3.70 3.59 4.24 4.10 4.68 5.97 7.10 4.82 2.94 2.73 2.42 3.21 2.93 4.65 3.23 6.73 6.36 1.77 1.03 2.50 4.55 2.39 5.93 5.81 2.33 7.13 7.56 4.20 6.49 3.49 3.14 4.98 2.66 6.75 3.13 3.26 1.50 5.30 5.51 5.88 0.88 2.71 3.14 5.38 
1.72 6.78 5.50 6.60 2.61 6.05 4.67 5.00 4.33 2.74 5.46 8.52 4.16 6.82 5.36 5.96 3.84 7.87 6.45 8.25 1.39 5.65 3.19 1.54 7.13 4.64 4.93 2.80 7.00 1.61 6.55 4.89 2.05 5.57 4.86 6.63 3.85 6.16 4.85 2.98 2.59 3.03 3.44 2.65 2.95 2.27 6.92 6.45 6.15 3.16 7.02 3.66 5.47 5.35 5.18 4.86 4.18 3.36 3.77 3.28 
1.66 6.83 5.40 6.66 2.70 5.92 4.74 5.09 4.22 2.89 5.60 8.55 4.10 6.94 5.23 6.01 3.75 7.90 6.57 8.26 1.24 5.53 3.08 1.67 7.19 4.59 5.04 2.93 7.01 1.75 6.52 4.75 2.02 5.64 4.93 6.70 3.74 6.16 4.72 3.11 2.69 3.07 3.35 2.80 3.05 2.41 7.00 6.58 6.14 3.24 7.01 3.59 5.48 5.50 5.32 4.73 4.19 3.30 3.70 3.42 
2.42 7.56 7.42 7.31 0.92 7.99 5.36 5.31 6.27 1.30 4.68 9.56 5.94 6.59 7.29 6.74 5.75 8.87 6.10 9.44 3.24 7.61 4.18 0.54 7.81 6.37 5.05 2.60 8.24 0.69 8.08 6.71 2.32 6.12 5.56 7.29 5.81 7.53 6.78 1.07 3.09 2.01 4.06 1.76 1.17 2.05 7.30 5.76 7.62 1.42 8.36 5.54 6.73 4.23 3.92 6.79 5.50 5.16 5.62 1.64 
0.86 9.35 6.92 9.17 2.73 6.60 7.25 7.54 5.67 4.26 7.55 11.01 6.13 9.22 5.93 8.53 5.44 10.38 8.80 10.68 2.50 6.45 1.42 3.04 9.70 6.67 7.43 5.11 9.41 3.26 8.74 4.87 0.65 8.14 7.44 9.21 5.01 8.52 5.41 3.85 5.12 1.94 1.10 4.57 3.02 4.52 9.49 8.62 8.43 3.02 9.37 5.45 7.91 7.18 6.88 5.44 6.62 5.38 5.61 4.59 
8.56 5.28 10.07 4.95 7.05 11.81 4.49 3.47 9.53 5.13 1.73 7.36 8.16 1.65 11.27 5.00 8.85 6.75 1.30 7.81 8.31 11.20 10.25 6.24 5.06 8.17 3.04 4.31 7.27 6.01 8.35 11.43 8.62 4.13 4.54 4.77 9.53 7.35 10.91 5.89 4.82 8.30 10.33 4.70 7.00 4.85 3.84 0.66 7.79 7.21 7.73 8.41 6.55 2.42 2.88 10.87 6.32 7.81 8.34 5.02 
5.44 5.29 1.40 5.34 6.95 3.27 4.36 5.34 1.11 6.50 7.59 5.93 0.57 7.61 2.91 4.75 0.76 5.52 7.56 5.33 3.65 2.61 5.68 5.70 5.79 0.88 5.69 5.34 4.16 5.66 2.91 3.79 5.93 5.10 4.40 5.50 1.62 3.17 2.78 7.10 4.38 7.30 6.37 6.00 7.29 5.24 6.37 8.17 2.83 7.50 3.88 0.70 3.12 8.04 8.11 2.72 2.51 1.10 0.59 7.07 
2.06 10.52 7.62 10.35 3.68 6.95 8.44 8.75 6.38 5.38 8.72 12.12 7.06 10.44 6.32 9.70 6.26 11.51 10.01 11.76 3.48 6.91 1.45 4.21 10.89 7.61 8.65 6.32 10.49 4.44 9.72 5.08 1.84 9.34 8.63 10.40 5.70 9.57 5.82 4.87 6.34 2.61 0.68 5.75 3.91 5.73 10.70 9.79 9.44 3.84 10.41 6.34 9.01 8.31 7.98 5.87 7.73 6.35 6.50 5.66 
3.51 7.69 8.33 7.40 1.35 9.04 5.53 5.26 7.23 0.83 4.04 9.80 6.73 6.17 8.35 6.90 6.67 9.10 5.64 9.77 4.33 8.63 5.25 1.45 7.87 7.12 4.91 2.60 8.63 1.42 8.67 7.81 3.35 6.17 5.73 7.36 6.81 8.02 7.84 0.16 3.38 2.59 5.06 1.57 1.26 2.21 7.20 5.12 8.17 1.48 8.81 6.41 7.17 3.41 3.04 7.85 6.02 5.98 6.47 0.72 
3.76 7.43 2.80 7.40 5.89 2.58 5.96 6.76 1.62 6.18 8.31 8.37 2.82 8.98 1.89 6.75 1.76 7.90 8.79 7.81 2.18 2.27 3.41 5.02 7.90 3.33 6.96 5.68 6.60 5.08 5.42 1.69 4.24 6.84 6.07 7.52 0.93 5.61 1.37 6.45 4.95 5.82 4.16 5.94 6.26 5.33 8.23 9.13 5.32 6.41 6.36 2.07 5.38 8.47 8.40 1.38 4.39 2.46 2.24 6.73 
2.01 9.17 8.15 8.93 0.96 8.25 6.97 6.99 6.92 2.88 6.28 11.10 6.95 8.27 7.56 8.35 6.52 10.42 7.77 10.91 3.61 8.00 3.43 2.11 9.44 7.44 6.74 4.29 9.68 2.32 9.34 6.68 1.59 7.77 7.18 8.93 6.34 8.90 7.03 2.16 4.69 0.31 3.02 3.44 1.12 3.73 8.98 7.37 8.92 1.04 9.74 6.41 8.15 5.71 5.34 7.05 6.88 6.15 6.53 3.02 
6.55 2.00 4.80 1.92 6.81 6.85 1.05 2.05 4.62 5.43 4.83 3.69 3.02 4.17 6.46 1.26 4.00 3.02 4.24 3.55 5.22 6.19 7.64 5.37 2.44 2.84 2.54 3.69 2.42 5.20 2.93 7.10 6.92 1.54 0.97 2.03 4.89 2.01 6.24 6.33 2.85 7.69 8.11 4.70 7.04 4.01 2.80 5.08 2.36 7.30 2.67 3.57 1.12 5.59 5.84 6.19 1.12 3.06 3.43 5.86 
4.81 6.18 1.53 6.20 6.59 2.61 5.03 5.94 0.36 6.42 7.94 6.92 1.42 8.22 2.12 5.58 0.37 6.50 8.11 6.32 3.03 2.01 4.83 5.46 6.67 1.86 6.24 5.50 5.15 5.46 3.89 2.82 5.31 5.84 5.10 6.35 0.63 4.16 1.88 6.90 4.60 6.77 5.55 6.01 6.94 5.30 7.17 8.62 3.83 7.13 4.87 0.82 4.05 8.28 8.29 1.83 3.25 1.40 0.93 6.99 
6.86 4.33 8.32 3.99 5.64 9.99 2.93 1.98 7.72 3.70 0.91 6.56 6.40 1.74 9.43 3.81 7.03 5.88 1.22 6.85 6.48 9.38 8.50 4.62 4.28 6.46 1.45 2.54 6.07 4.39 6.91 9.57 6.98 2.88 3.03 3.85 7.69 5.95 9.06 4.59 2.97 6.87 8.64 3.13 5.67 3.11 3.23 1.25 6.34 5.91 6.47 6.60 5.09 1.89 2.30 9.03 4.64 6.00 6.54 3.75 
2.53 10.05 6.13 9.94 4.89 5.14 8.17 8.69 4.96 6.19 9.27 11.37 5.97 10.64 4.55 9.27 5.01 10.82 10.29 10.90 2.88 5.18 0.79 4.89 10.47 6.51 8.70 6.64 9.65 5.08 8.65 3.23 2.72 9.09 8.33 10.02 4.28 8.68 4.09 5.94 6.36 4.12 1.32 6.35 5.20 6.09 10.50 10.28 8.46 5.21 9.49 5.20 8.26 9.05 8.80 4.15 7.06 5.37 5.38 6.60 
5.35 5.80 1.11 5.85 7.02 2.77 4.84 5.80 0.62 6.71 7.97 6.40 1.06 8.07 2.40 5.25 0.59 6.00 8.01 5.78 3.57 2.11 5.44 5.83 6.30 1.37 6.14 5.65 4.63 5.81 3.31 3.32 5.85 5.60 4.89 6.00 1.22 3.65 2.28 7.25 4.71 7.28 6.16 6.25 7.37 5.51 6.88 8.59 3.28 7.57 4.32 0.83 3.63 8.39 8.43 2.22 3.00 1.39 0.83 7.28 
7.09 1.41 5.33 1.30 7.20 7.44 1.03 1.84 5.22 5.70 4.70 3.30 3.61 3.76 7.06 0.63 4.61 2.60 3.90 3.29 5.80 6.77 8.22 5.77 1.83 3.39 2.37 3.93 2.30 5.59 3.15 7.72 7.44 1.08 0.85 1.41 5.50 2.16 6.85 6.63 3.19 8.13 8.67 4.96 7.41 4.32 2.21 4.82 2.59 7.67 2.66 4.18 1.37 5.54 5.83 6.80 1.74 3.68 4.04 6.10 
2.44 10.93 8.22 10.74 3.65 7.56 8.82 9.07 6.98 5.46 8.85 12.59 7.61 10.66 6.93 10.10 6.84 11.96 10.21 12.25 4.00 7.52 2.06 4.38 11.28 8.15 8.93 6.55 10.98 4.62 10.26 5.69 2.12 9.70 9.01 10.78 6.30 10.07 6.44 4.86 6.66 2.47 1.29 5.90 3.83 5.96 11.03 9.93 9.96 3.72 10.92 6.90 9.48 8.37 8.02 6.48 8.20 6.88 7.06 5.69 
9.36 1.85 5.77 2.19 9.76 8.06 3.65 4.26 6.21 8.32 7.06 0.83 4.72 5.50 7.89 2.37 5.80 0.55 5.85 0.70 7.86 7.41 10.24 8.32 2.10 4.24 4.78 6.56 0.96 8.15 2.53 8.91 9.76 3.29 3.46 2.36 6.72 1.94 7.86 9.25 5.78 10.62 10.80 7.59 9.99 6.93 3.33 6.92 2.33 10.25 1.37 5.47 2.30 7.99 8.32 7.79 3.58 5.19 5.30 8.73 
6.78 5.39 1.05 5.53 8.31 3.33 5.01 6.03 1.95 7.78 8.54 5.49 1.65 8.23 3.25 5.03 2.02 5.22 8.27 4.77 5.00 2.70 6.91 7.04 5.89 1.38 6.46 6.50 3.79 6.99 2.24 4.47 7.28 5.59 5.00 5.70 2.63 2.92 3.34 8.42 5.51 8.66 7.62 7.24 8.65 6.47 6.69 9.00 2.44 8.86 3.38 2.06 3.25 9.09 9.20 3.27 3.18 2.40 1.95 8.34 
