5.80 8.80 2.38 9.19 9.00 5.09 2.57 9.66 1.99 9.22 5.86 9.25 4.51 4.13 10.77 5.08 9.14 9.59 3.85 2.85 
6.20 8.39 2.33 8.84 9.13 5.38 2.57 9.68 1.39 8.81 6.08 9.00 5.05 3.83 10.78 5.61 8.72 9.28 4.53 2.14 
0.68 7.84 4.14 7.58 3.73 0.75 3.86 4.95 6.00 8.14 0.98 6.73 2.40 4.72 6.03 2.21 8.14 7.50 4.35 7.28 
7.12 2.79 4.21 3.42 7.05 5.99 4.26 6.62 4.28 3.22 5.71 4.10 7.56 2.27 7.42 7.86 3.11 4.03 8.49 4.49 
7.40 1.65 6.45 0.92 5.33 6.50 6.35 4.27 7.23 1.71 5.73 0.77 8.59 4.62 4.70 8.68 1.79 0.87 10.08 7.72 
6.48 2.53 4.17 2.91 6.09 5.38 4.15 5.64 4.65 2.95 4.98 3.31 7.13 2.20 6.46 7.37 2.88 3.40 8.26 5.09 
2.79 10.27 4.37 10.23 7.00 3.11 4.19 8.26 5.78 10.63 4.10 9.64 0.92 6.02 9.33 1.18 10.60 10.31 1.21 7.02 
7.22 6.71 9.13 5.79 3.03 7.04 8.91 1.81 10.63 6.65 6.02 4.39 9.09 8.07 0.69 8.85 6.76 5.10 11.03 11.56 
4.56 6.58 0.20 6.87 6.92 3.54 0.45 7.39 1.72 6.99 4.02 6.85 4.09 1.85 8.48 4.55 6.92 7.23 4.54 2.99 
5.43 3.99 2.72 4.29 5.97 4.29 2.70 5.90 3.42 4.39 4.11 4.41 5.83 0.78 6.86 6.12 4.33 4.69 6.84 4.11 
5.92 3.13 5.73 2.53 3.79 5.11 5.57 2.94 6.87 3.28 4.26 1.49 7.27 4.20 3.64 7.30 3.33 2.28 8.90 7.61 
7.66 3.92 4.05 4.66 8.16 6.52 4.19 7.86 3.55 4.32 6.43 5.43 7.77 2.46 8.71 8.15 4.20 5.31 8.41 3.43 
1.99 6.52 3.53 6.28 3.42 1.10 3.26 4.29 5.35 6.83 0.45 5.50 3.29 3.63 5.42 3.28 6.82 6.24 5.08 6.57 
7.63 1.92 6.89 1.02 5.28 6.77 6.79 4.11 7.71 1.88 5.96 0.41 8.90 5.10 4.43 8.96 1.98 0.56 10.43 8.21 
6.06 4.82 7.16 3.99 2.56 5.58 6.95 1.15 8.55 4.84 4.57 2.57 7.76 5.94 1.62 7.63 4.93 3.42 9.60 9.42 
5.28 3.98 5.67 3.36 2.95 4.56 5.48 2.24 7.00 4.13 3.64 2.21 6.75 4.38 3.10 6.72 4.18 3.06 8.47 7.86 
2.32 6.42 4.33 6.06 2.57 1.78 4.06 3.48 6.12 6.68 0.76 5.12 3.94 4.18 4.60 3.83 6.70 5.92 5.81 7.30 
5.44 7.33 8.07 6.54 1.28 5.46 7.81 1.42 9.75 7.39 4.50 5.13 7.36 7.41 1.62 7.06 7.47 5.99 9.33 10.82 
3.91 5.16 2.06 5.23 5.07 2.77 1.88 5.38 3.53 5.54 2.69 4.96 4.37 1.39 6.46 4.63 5.49 5.46 5.57 4.59 
4.54 6.34 6.75 5.64 0.62 4.36 6.50 1.02 8.41 6.45 3.35 4.30 6.40 6.05 2.04 6.17 6.52 5.19 8.34 9.47 
3.77 8.36 1.78 8.54 7.21 3.13 1.72 8.04 3.00 8.76 4.00 8.30 2.56 3.71 9.17 3.11 8.70 8.80 2.59 4.26 
4.50 8.04 1.34 8.31 7.64 3.72 1.42 8.34 2.16 8.45 4.49 8.21 3.42 3.31 9.46 3.96 8.38 8.64 3.31 3.40 
2.83 10.70 4.96 10.62 7.03 3.37 4.78 8.36 6.40 11.05 4.31 9.96 1.25 6.56 9.41 1.22 11.03 10.66 1.61 7.65 
3.47 6.47 1.06 6.60 5.80 2.40 0.78 6.39 2.90 6.86 2.84 6.33 3.34 2.03 7.50 3.71 6.81 6.84 4.27 4.16 
7.32 2.37 6.84 1.49 4.83 6.50 6.72 3.64 7.77 2.35 5.66 0.10 8.65 5.12 3.97 8.69 2.45 0.97 10.24 8.34 
7.55 1.42 6.47 0.72 5.56 6.64 6.39 4.50 7.19 1.48 5.89 0.97 8.71 4.62 4.93 8.81 1.55 0.85 10.17 7.64 
8.31 0.37 6.69 0.62 6.59 7.32 6.65 5.55 7.14 0.51 6.66 1.95 9.31 4.74 5.97 9.46 0.53 1.37 10.64 7.41 
6.58 2.81 6.31 2.06 4.18 5.78 6.17 3.11 7.37 2.88 4.92 0.84 7.94 4.69 3.62 7.96 2.96 1.69 9.56 8.03 
6.02 2.51 4.92 2.29 4.73 5.05 4.81 4.09 5.85 2.80 4.38 2.00 7.08 3.19 4.86 7.20 2.80 2.44 8.52 6.49 
3.96 4.66 4.29 4.31 3.04 3.13 4.08 3.11 5.80 4.93 2.30 3.47 5.29 3.34 4.18 5.31 4.94 4.22 6.97 6.79 
3.75 11.27 5.15 11.25 7.97 4.15 5.01 9.26 6.37 11.63 5.14 10.68 1.96 6.92 10.32 2.12 11.60 11.34 1.02 7.55 
3.31 6.45 5.65 5.90 1.20 3.08 5.38 2.23 7.38 6.64 2.07 4.72 5.13 5.21 3.30 4.92 6.68 5.59 7.06 8.51 
5.80 3.82 2.90 4.20 6.29 4.66 2.91 6.16 3.39 4.24 4.49 4.45 6.16 0.92 7.10 6.47 4.16 4.65 7.11 3.97 
1.45 8.33 5.43 7.93 2.96 2.06 5.14 4.41 7.29 8.58 1.74 6.88 3.37 5.81 5.38 2.99 8.61 7.72 5.33 8.56 
9.90 1.82 8.48 1.65 7.64 8.98 8.44 6.37 8.87 1.39 8.24 2.74 11.02 6.52 6.48 11.14 1.49 1.85 12.40 9.04 
3.72 11.58 5.65 11.52 7.90 4.29 5.49 9.25 6.94 11.94 5.23 10.88 2.15 7.34 10.29 2.14 11.91 11.57 1.64 8.14 
6.35 2.68 4.02 3.04 6.05 5.25 4.00 5.64 4.53 3.09 4.87 3.40 6.99 2.06 6.47 7.23 3.02 3.52 8.11 4.99 
2.09 6.93 2.44 6.86 4.71 0.98 2.15 5.55 4.30 7.28 1.54 6.30 2.52 3.14 6.67 2.72 7.25 6.95 4.04 5.57 
7.63 3.41 7.75 2.46 4.52 6.96 7.60 3.10 8.81 3.30 6.02 1.17 9.15 6.13 3.13 9.11 3.41 1.74 10.85 9.44 
2.67 7.00 1.73 7.04 5.44 1.66 1.45 6.21 3.59 7.37 2.30 6.62 2.58 2.80 7.33 2.92 7.33 7.20 3.75 4.88 
7.01 7.31 2.65 7.89 9.29 6.03 2.93 9.58 0.79 7.73 6.51 8.28 6.22 3.24 10.62 6.75 7.62 8.42 6.03 0.56 
5.35 6.39 0.99 6.79 7.50 4.31 1.24 7.85 1.07 6.81 4.72 6.93 4.86 1.75 8.91 5.34 6.72 7.21 5.17 2.24 
1.25 9.76 5.32 9.49 5.01 2.35 5.06 6.44 7.09 10.06 2.89 8.61 1.91 6.36 7.43 1.36 10.06 9.40 3.66 8.39 
5.41 5.38 1.53 5.78 6.95 4.29 1.65 7.14 1.88 5.80 4.48 5.96 5.27 0.79 8.17 5.68 5.72 6.22 5.88 2.75 
6.20 8.21 2.23 8.67 9.06 5.36 2.48 9.58 1.20 8.63 6.03 8.84 5.11 3.67 10.67 5.66 8.54 9.12 4.66 1.97 
6.19 5.82 7.86 4.96 2.19 5.89 7.64 0.67 9.36 5.82 4.87 3.53 8.00 6.80 0.63 7.81 5.92 4.35 9.91 10.28 
7.82 1.30 5.53 2.02 6.89 6.74 5.54 6.14 5.78 1.71 6.26 3.00 8.55 3.55 6.76 8.78 1.61 2.71 9.68 5.97 
3.67 7.81 6.91 7.17 1.02 3.91 6.64 2.57 8.71 7.96 3.07 5.89 5.61 6.68 3.32 5.26 8.02 6.77 7.58 9.89 
7.97 1.91 5.29 2.72 7.40 6.87 5.33 6.74 5.32 2.31 6.48 3.71 8.55 3.34 7.41 8.82 2.19 3.42 9.55 5.40 
8.06 7.56 3.68 8.23 10.19 7.07 3.97 10.38 1.83 7.97 7.51 8.78 7.27 3.98 11.40 7.80 7.85 8.83 6.99 0.54 
6.74 6.37 8.60 5.47 2.59 6.53 8.37 1.28 10.10 6.34 5.50 4.05 8.60 7.55 0.17 8.37 6.44 4.82 10.53 11.03 
4.43 4.08 3.70 3.92 4.03 3.43 3.54 3.97 5.02 4.40 2.83 3.40 5.46 2.44 4.98 5.58 4.39 4.00 6.95 5.93 
7.22 4.70 3.32 5.37 8.19 6.09 3.49 8.06 2.65 5.11 6.14 5.99 7.15 2.06 8.98 7.56 5.00 5.97 7.64 2.57 
3.41 8.07 6.85 7.46 1.39 3.74 6.57 2.95 8.67 8.24 2.96 6.20 5.34 6.73 3.71 4.97 8.29 7.08 7.31 9.87 
4.11 8.28 1.61 8.50 7.44 3.41 1.60 8.23 2.66 8.69 4.25 8.32 2.93 3.58 9.35 3.48 8.62 8.79 2.85 3.90 
6.77 6.16 2.44 6.75 8.56 5.71 2.69 8.71 1.13 6.58 6.02 7.18 6.30 2.30 9.72 6.78 6.48 7.29 6.46 1.21 
1.51 8.92 3.61 8.83 5.62 1.63 3.37 6.82 5.31 9.27 2.63 8.18 0.56 4.94 7.90 0.77 9.25 8.88 2.46 6.61 
4.03 4.58 4.25 4.24 3.14 3.17 4.04 3.18 5.73 4.84 2.36 3.42 5.33 3.25 4.24 5.36 4.86 4.16 6.99 6.71 
6.36 7.64 2.12 8.13 8.93 5.44 2.40 9.35 0.58 8.06 6.01 8.38 5.45 3.22 10.42 5.99 7.96 8.61 5.19 1.39 
8.42 2.96 8.16 2.01 5.44 7.68 8.04 4.01 9.06 2.75 6.78 1.25 9.85 6.42 3.98 9.86 2.89 1.26 11.50 9.58 
4.32 9.33 2.66 9.53 8.04 3.88 2.65 8.96 3.46 9.73 4.83 9.30 2.74 4.64 10.08 3.30 9.67 9.80 1.99 4.59 
7.46 7.86 3.15 8.46 9.87 6.51 3.43 10.18 1.31 8.28 7.04 8.88 6.54 3.85 11.23 7.09 8.17 9.01 6.17 0.67 
4.45 7.70 1.00 7.97 7.43 3.61 1.09 8.09 1.99 8.11 4.32 7.88 3.51 2.97 9.21 4.04 8.04 8.30 3.57 3.27 
8.41 8.50 4.13 9.16 10.84 7.48 4.41 11.13 2.29 8.91 8.02 9.67 7.41 4.75 12.16 7.97 8.79 9.75 6.88 1.30 
5.84 4.31 6.60 3.54 2.76 5.25 6.41 1.60 7.95 4.38 4.28 2.17 7.45 5.32 2.25 7.37 4.46 3.05 9.24 8.80 
4.96 6.50 7.21 5.75 0.81 4.81 6.96 0.78 8.86 6.58 3.81 4.37 6.83 6.47 1.63 6.59 6.65 5.24 8.78 9.90 
5.96 7.73 1.82 8.18 8.66 5.06 2.08 9.14 0.80 8.15 5.68 8.35 5.00 3.17 10.22 5.54 8.06 8.62 4.74 1.84 
6.23 2.42 4.39 2.59 5.53 5.17 4.33 5.02 5.08 2.80 4.66 2.77 7.04 2.50 5.82 7.24 2.76 2.97 8.31 5.62 
6.69 6.72 2.29 7.28 8.76 5.66 2.57 9.00 0.63 7.14 6.07 7.66 6.05 2.63 10.04 6.55 7.04 7.81 6.05 0.91 
2.77 8.56 2.45 8.63 6.49 2.31 2.27 7.48 3.97 8.94 3.29 8.20 1.52 4.14 8.60 2.05 8.90 8.79 2.17 5.26 
9.85 2.05 8.62 1.67 7.42 8.95 8.57 6.10 9.09 1.64 8.18 2.55 11.03 6.68 6.15 11.13 1.75 1.69 12.46 9.32 
5.13 9.42 2.73 9.71 8.72 4.60 2.81 9.55 3.02 9.83 5.50 9.60 3.59 4.69 10.67 4.16 9.76 10.03 2.68 4.02 
3.64 11.68 5.89 11.59 7.75 4.30 5.72 9.14 7.24 12.03 5.20 10.90 2.23 7.53 10.16 2.12 12.01 11.62 2.03 8.46 
2.73 6.95 1.68 7.00 5.45 1.70 1.40 6.20 3.54 7.33 2.32 6.59 2.63 2.74 7.33 2.97 7.29 7.16 3.79 4.83 
2.31 8.11 2.39 8.13 5.89 1.72 2.16 6.87 4.09 8.49 2.68 7.65 1.53 3.85 7.99 1.97 8.45 8.27 2.68 5.40 
1.28 9.79 5.26 9.54 5.12 2.35 5.01 6.54 7.02 10.10 2.94 8.67 1.80 6.34 7.53 1.24 10.10 9.45 3.53 8.33 
2.56 6.51 2.12 6.49 4.82 1.43 1.84 5.54 3.96 6.87 1.78 6.00 2.94 2.66 6.66 3.18 6.84 6.61 4.33 5.21 
7.21 1.31 5.55 1.44 5.89 6.19 5.50 5.08 6.13 1.66 5.59 2.01 8.15 3.63 5.69 8.31 1.63 1.94 9.46 6.53 
5.13 6.37 0.78 6.74 7.29 4.08 1.02 7.66 1.27 6.78 4.50 6.83 4.66 1.68 8.73 5.13 6.70 7.14 5.03 2.47 
4.83 5.78 0.95 6.10 6.66 3.73 1.03 6.98 1.93 6.20 4.01 6.14 4.64 1.05 8.04 5.06 6.12 6.48 5.28 3.01 
4.92 4.69 2.03 4.95 5.95 3.78 1.99 6.06 2.95 5.09 3.74 4.97 5.18 0.37 7.08 5.50 5.03 5.31 6.14 3.82 
1.83 7.37 2.57 7.31 4.90 0.86 2.29 5.84 4.42 7.73 1.69 6.73 2.08 3.50 6.96 2.29 7.70 7.39 3.63 5.71 
8.31 0.26 6.61 0.77 6.66 7.31 6.58 5.66 7.03 0.52 6.67 2.08 9.28 4.65 6.09 9.44 0.50 1.52 10.59 7.29 
0.34 8.23 4.38 7.96 3.90 1.03 4.11 5.19 6.24 8.53 1.36 7.09 2.24 5.07 6.24 1.96 8.53 7.87 4.21 7.53 
2.20 6.36 3.88 6.07 3.02 1.47 3.61 3.87 5.68 6.65 0.54 5.22 3.66 3.80 4.99 3.60 6.65 5.98 5.48 6.87 
5.18 4.21 2.50 4.48 5.85 4.04 2.47 5.84 3.32 4.62 3.89 4.53 5.56 0.65 6.83 5.86 4.55 4.85 6.59 4.09 
6.19 2.34 5.03 2.13 4.86 5.21 4.93 4.19 5.91 2.63 4.55 1.92 7.24 3.26 4.93 7.37 2.63 2.31 8.67 6.52 
2.58 7.68 5.93 7.16 1.72 2.81 5.65 3.21 7.76 7.89 2.04 6.00 4.51 5.90 4.15 4.19 7.93 6.87 6.48 8.98 
4.77 3.95 4.78 3.53 3.30 3.94 4.59 2.96 6.12 4.18 3.11 2.66 6.09 3.51 3.92 6.12 4.21 3.41 7.73 7.00 
6.83 7.39 9.17 6.50 2.62 6.78 8.93 1.88 10.76 7.37 5.79 5.08 8.74 8.28 1.06 8.45 7.47 5.85 10.70 11.76 
4.09 10.36 3.85 10.47 8.18 4.02 3.77 9.28 4.80 10.75 5.04 10.09 2.20 5.76 10.39 2.69 10.70 10.67 0.67 5.93 
1.78 7.98 2.71 7.93 5.35 1.17 2.46 6.37 4.50 8.33 2.16 7.36 1.48 3.94 7.49 1.77 8.30 8.02 3.01 5.81 
3.63 5.53 5.10 5.02 1.91 3.10 4.86 2.30 6.74 5.73 2.09 3.93 5.27 4.41 3.42 5.17 5.77 4.78 7.12 7.80 
4.06 4.46 3.89 4.21 3.53 3.13 3.70 3.58 5.34 4.75 2.42 3.52 5.23 2.85 4.63 5.30 4.76 4.20 6.82 6.31 
3.17 5.34 3.58 5.10 3.34 2.24 3.35 3.78 5.23 5.64 1.54 4.36 4.38 3.02 4.89 4.43 5.64 5.08 6.04 6.32 
5.16 7.34 7.85 6.57 1.02 5.19 7.59 1.47 9.55 7.41 4.24 5.17 7.08 7.23 1.84 6.77 7.49 6.04 9.05 10.63 
5.11 5.83 1.04 6.20 6.96 4.02 1.19 7.25 1.66 6.25 4.31 6.30 4.85 1.14 8.31 5.28 6.17 6.61 5.40 2.71 
8.11 6.78 3.74 7.49 9.89 7.06 4.00 9.96 2.05 7.18 7.39 8.11 7.52 3.58 10.93 8.03 7.06 8.11 7.45 0.94 
8.76 0.63 6.63 1.60 7.42 7.72 6.63 6.48 6.82 0.89 7.16 2.94 9.59 4.65 6.94 9.79 0.75 2.35 10.77 6.92 
8.21 2.91 7.97 1.95 5.26 7.47 7.84 3.86 8.89 2.73 6.57 1.06 9.64 6.24 3.87 9.65 2.86 1.19 11.29 9.42 
