6.95 4.57 5.27 6.23 2.89 8.17 10.77 4.49 9.23 9.05 3.31 11.65 7.71 11.27 6.16 7.68 7.90 6.44 4.45 2.79 1.48 0.70 7.22 2.41 5.27 3.46 6.34 5.24 4.95 10.67 
3.31 5.71 6.99 7.11 5.63 6.63 9.50 1.12 8.54 8.64 4.72 9.88 7.43 10.02 6.98 5.88 6.81 2.78 1.10 4.69 2.40 3.25 5.33 4.62 3.63 1.05 6.91 6.61 1.50 9.21 
4.06 5.58 6.77 7.08 5.13 7.16 10.00 1.61 8.90 8.94 4.47 10.49 7.68 10.53 6.96 6.45 7.23 3.61 1.57 4.32 1.56 2.57 5.91 4.19 4.08 1.40 6.95 6.45 2.34 9.75 
11.55 4.40 4.04 2.75 6.62 5.28 5.08 10.64 3.25 2.57 5.67 6.76 2.70 5.25 2.83 5.87 4.34 10.68 10.63 6.20 9.65 8.44 6.14 6.60 6.42 8.54 2.73 3.81 9.29 5.51 
10.21 8.18 8.90 7.26 10.71 3.62 1.29 10.79 3.30 3.92 9.01 0.64 4.81 1.13 7.18 4.29 3.89 9.50 10.82 9.64 11.61 11.06 4.84 10.05 6.71 9.34 6.72 8.30 9.01 1.11 
2.78 7.64 9.06 8.30 8.88 4.96 7.41 4.38 7.45 7.89 7.31 7.05 7.19 7.88 8.14 4.17 5.72 2.28 4.42 7.64 6.81 7.27 3.78 7.81 3.94 4.39 7.83 8.44 2.98 6.92 
7.31 5.35 6.40 4.96 7.70 0.26 2.72 7.50 2.54 3.07 5.92 3.24 2.84 3.25 4.84 0.94 1.15 6.51 7.52 6.53 8.20 7.71 1.49 6.91 3.29 5.94 4.38 5.73 5.74 2.41 
11.68 5.49 5.41 3.90 7.90 4.80 3.83 11.10 2.38 1.81 6.72 5.51 2.71 3.90 3.94 5.53 3.97 10.82 11.10 7.30 10.52 9.43 5.92 7.72 6.67 9.08 3.68 5.06 9.59 4.34 
6.02 3.88 4.86 5.51 2.99 6.93 9.58 3.72 8.14 8.02 2.64 10.40 6.69 10.10 5.41 6.40 6.72 5.41 3.69 2.32 1.43 0.64 5.93 2.10 3.97 2.27 5.52 4.67 3.82 9.46 
8.32 4.89 5.74 4.17 7.39 1.16 2.24 8.23 1.34 1.84 5.69 3.38 1.81 2.75 4.06 1.95 0.63 7.49 8.25 6.33 8.53 7.83 2.42 6.74 3.80 6.48 3.59 5.10 6.54 2.21 
12.40 4.74 4.03 3.15 6.65 6.39 6.20 11.31 4.40 3.72 6.00 7.88 3.76 6.34 3.27 6.95 5.44 11.54 11.31 6.44 10.05 8.75 7.18 6.81 7.27 9.20 3.33 3.99 10.07 6.65 
9.91 1.55 0.14 1.67 2.73 6.22 7.66 8.25 5.68 5.18 2.44 9.11 4.11 8.04 1.74 6.31 5.40 9.10 8.23 2.69 6.40 5.00 6.22 3.00 5.24 6.18 2.20 0.76 7.44 7.86 
7.94 1.74 2.78 1.64 4.25 3.40 5.30 6.89 3.53 3.30 2.62 6.54 1.96 5.76 1.49 3.46 2.67 7.07 6.88 3.26 6.13 5.12 3.39 3.69 2.83 4.79 1.20 2.10 5.59 5.36 
11.62 5.36 5.28 3.78 7.77 4.78 3.90 11.02 2.38 1.80 6.60 5.58 2.64 3.98 3.81 5.50 3.94 10.76 11.02 7.18 10.41 9.31 5.88 7.60 6.60 8.99 3.56 4.93 9.52 4.40 
12.39 4.40 3.48 2.94 6.06 6.78 6.88 11.14 5.00 4.32 5.61 8.56 4.12 7.06 3.09 7.26 5.82 11.53 11.13 5.99 9.66 8.31 7.43 6.33 7.30 9.02 3.27 3.57 10.01 7.30 
8.38 0.59 1.67 1.26 3.16 4.59 6.41 6.98 4.55 4.21 1.76 7.71 2.93 6.85 1.15 4.59 3.86 7.54 6.97 2.35 5.70 4.49 4.47 2.78 3.51 4.86 1.29 1.01 5.93 6.51 
0.86 9.18 10.58 10.23 9.68 7.72 10.32 3.36 10.16 10.52 8.48 10.00 9.63 10.80 10.07 6.89 8.36 1.62 3.40 8.60 6.42 7.41 6.42 8.62 5.84 4.76 9.86 10.06 3.30 9.85 
9.05 1.20 1.06 2.38 1.64 6.29 8.12 7.24 6.22 5.81 1.42 9.44 4.59 8.54 2.37 6.22 5.59 8.27 7.22 1.54 5.23 3.82 6.03 1.82 4.72 5.22 2.75 1.21 6.58 8.24 
10.56 3.53 3.40 1.90 5.88 4.52 4.82 9.63 2.84 2.19 4.78 6.45 1.87 5.08 1.95 5.04 3.56 9.70 9.63 5.34 8.71 7.53 5.26 5.75 5.43 7.54 1.77 3.04 8.29 5.17 
11.47 4.58 4.33 2.94 6.88 5.03 4.69 10.65 2.91 2.23 5.85 6.38 2.53 4.85 3.00 5.66 4.11 10.60 10.65 6.39 9.78 8.60 5.96 6.80 6.36 8.57 2.84 4.05 9.25 5.14 
7.32 2.82 3.94 2.70 5.21 2.28 4.49 6.62 3.00 2.99 3.46 5.56 1.77 4.98 2.55 2.30 1.67 6.45 6.63 4.09 6.41 5.61 2.27 4.50 2.21 4.64 2.16 3.26 5.13 4.46 
0.47 7.92 9.31 9.01 8.39 6.86 9.58 2.28 9.22 9.53 7.19 9.45 8.56 10.08 8.86 6.02 7.41 0.43 2.33 7.31 5.26 6.17 5.51 7.33 4.68 3.47 8.66 8.80 2.02 9.15 
7.76 2.02 3.09 1.91 4.49 3.10 5.07 6.80 3.35 3.17 2.82 6.27 1.84 5.53 1.76 3.15 2.39 6.90 6.80 3.46 6.19 5.23 3.09 3.89 2.64 4.73 1.42 2.41 5.45 5.11 
0.97 7.87 9.24 9.09 8.09 7.36 10.15 1.61 9.65 9.91 7.03 10.12 8.86 10.66 8.94 6.53 7.83 1.10 1.65 7.08 4.67 5.71 5.99 7.06 4.92 3.23 8.78 8.77 2.03 9.74 
2.24 6.87 8.30 7.72 7.90 5.02 7.70 3.31 7.43 7.79 6.41 7.57 6.92 8.20 7.56 4.18 5.63 1.49 3.35 6.69 5.67 6.16 3.69 6.82 3.27 3.27 7.29 7.71 1.84 7.26 
11.43 3.30 2.37 1.96 4.97 6.28 6.84 10.08 4.86 4.21 4.49 8.47 3.67 7.10 2.12 6.65 5.33 10.58 10.07 4.87 8.54 7.19 6.75 5.21 6.39 7.96 2.39 2.45 9.01 7.19 
5.24 3.63 5.04 4.34 5.25 3.04 5.86 4.58 4.84 4.99 3.50 6.47 3.86 6.39 4.19 2.42 3.11 4.37 4.59 3.97 4.96 4.58 1.94 4.26 0.10 2.75 3.93 4.41 3.02 5.64 
10.63 2.59 1.90 1.16 4.52 5.60 6.41 9.32 4.40 3.80 3.82 7.99 3.06 6.71 1.31 5.92 4.66 9.78 9.31 4.25 7.88 6.57 6.00 4.63 5.59 7.19 1.60 1.80 8.22 6.71 
5.77 6.00 7.25 6.05 8.02 1.76 4.17 6.35 4.24 4.75 6.23 4.11 4.31 4.67 5.90 1.13 2.65 5.02 6.37 6.77 7.62 7.43 1.13 7.09 2.88 5.15 5.49 6.58 4.56 3.72 
1.76 6.74 8.16 7.76 7.47 5.61 8.38 2.38 7.94 8.23 6.12 8.37 7.25 8.89 7.60 4.77 6.12 0.89 2.42 6.32 4.88 5.51 4.24 6.39 3.39 2.64 7.39 7.62 1.08 7.98 
9.88 5.76 6.30 4.63 8.33 2.64 1.43 9.80 0.63 1.20 6.75 3.08 2.25 1.74 4.57 3.47 2.16 9.05 9.81 7.39 9.93 9.12 3.97 7.82 5.33 7.99 4.13 5.73 8.11 1.82 
8.05 4.64 5.04 6.24 2.44 8.79 11.25 5.59 9.59 9.34 3.46 12.25 8.01 11.74 6.20 8.37 8.42 7.53 5.55 2.84 2.55 1.61 7.95 2.41 6.04 4.49 6.46 5.15 6.01 11.20 
12.76 5.38 4.76 3.74 7.39 6.43 5.88 11.80 4.24 3.58 6.64 7.57 3.90 5.97 3.85 7.05 5.50 11.89 11.79 7.12 10.68 9.41 7.34 7.50 7.62 9.69 3.83 4.67 10.48 6.37 
7.77 4.70 5.66 4.16 7.14 0.71 2.68 7.69 1.87 2.31 5.40 3.63 1.98 3.20 4.04 1.42 0.31 6.94 7.71 6.03 8.06 7.42 1.87 6.43 3.28 5.96 3.58 5.00 5.99 2.55 
3.23 7.28 8.68 7.87 8.64 4.42 6.88 4.59 6.91 7.36 7.02 6.55 6.68 7.35 7.71 3.63 5.19 2.64 4.63 7.39 6.83 7.17 3.26 7.58 3.57 4.34 7.38 8.05 3.05 6.39 
10.93 5.11 5.23 3.62 7.61 4.02 3.26 10.43 1.62 1.04 6.30 4.95 2.04 3.41 3.63 4.76 3.20 10.08 10.43 6.90 9.99 8.95 5.15 7.33 5.97 8.44 3.30 4.80 8.89 3.72 
3.45 5.25 6.67 6.13 6.38 4.10 6.95 3.29 6.32 6.58 4.82 7.18 5.57 7.48 5.98 3.29 4.51 2.58 3.31 5.14 4.76 4.93 2.74 5.31 1.71 2.22 5.74 6.09 1.51 6.61 
5.40 3.29 4.56 4.76 3.48 5.51 8.21 3.55 6.87 6.82 2.30 8.97 5.51 8.73 4.64 4.96 5.35 4.66 3.53 2.36 2.55 2.05 4.48 2.41 2.53 1.51 4.64 4.18 2.97 8.06 
4.44 3.94 5.35 5.09 4.82 4.46 7.30 3.27 6.24 6.33 3.33 7.85 5.13 7.82 4.94 3.79 4.54 3.62 3.27 3.60 3.61 3.48 3.27 3.75 1.37 1.32 4.79 4.83 1.99 7.06 
2.09 6.89 8.22 8.20 6.94 7.05 9.91 0.53 9.18 9.37 5.97 10.07 8.24 10.43 8.06 6.25 7.39 1.77 0.57 5.97 3.51 4.53 5.69 5.92 4.30 2.18 7.95 7.79 1.44 9.55 
11.60 4.14 3.64 2.50 6.25 5.58 5.57 10.57 3.69 3.01 5.41 7.24 2.94 5.76 2.60 6.12 4.62 10.73 10.56 5.90 9.44 8.18 6.34 6.29 6.46 8.46 2.59 3.47 9.29 5.98 
2.73 6.67 8.09 7.43 7.85 4.54 7.20 3.70 6.97 7.35 6.30 7.08 6.52 7.70 7.27 3.71 5.18 1.99 3.74 6.62 5.88 6.27 3.23 6.78 3.00 3.41 6.98 7.49 2.10 6.76 
11.52 4.01 3.48 2.37 6.10 5.58 5.65 10.47 3.75 3.07 5.27 7.31 2.93 5.85 2.48 6.10 4.62 10.66 10.46 5.76 9.31 8.04 6.31 6.15 6.39 8.35 2.49 3.33 9.20 6.05 
3.83 5.28 6.69 6.00 6.64 3.54 6.37 3.90 5.83 6.13 4.99 6.55 5.20 6.89 5.84 2.72 4.02 2.97 3.93 5.37 5.32 5.39 2.17 5.58 1.58 2.79 5.56 6.08 2.12 6.01 
7.91 7.34 8.37 6.88 9.68 2.25 2.52 8.67 3.66 4.33 7.89 1.85 4.58 2.87 6.76 2.54 3.03 7.22 8.69 8.49 9.85 9.51 3.00 8.86 4.96 7.43 6.29 7.70 6.88 1.94 
2.25 6.78 8.20 7.63 7.78 5.00 7.70 3.22 7.40 7.75 6.30 7.60 6.87 8.20 7.48 4.16 5.60 1.47 3.26 6.58 5.55 6.04 3.67 6.71 3.19 3.16 7.22 7.62 1.72 7.27 
9.86 6.31 6.91 5.25 8.87 2.64 0.77 9.95 1.25 1.86 7.25 2.43 2.83 1.13 5.18 3.47 2.39 9.06 9.97 7.89 10.28 9.54 4.01 8.32 5.55 8.24 4.74 6.33 8.23 1.20 
3.98 4.60 5.93 5.94 4.86 5.62 8.46 2.26 7.40 7.48 3.71 8.97 6.25 8.99 5.80 4.92 5.71 3.27 2.25 3.78 2.63 2.90 4.38 3.80 2.54 0.15 5.73 5.50 1.59 8.21 
7.77 7.28 8.32 6.84 9.59 2.18 2.61 8.53 3.69 4.35 7.80 1.99 4.56 2.98 6.72 2.44 2.99 7.08 8.56 8.40 9.72 9.40 2.88 8.77 4.85 7.30 6.25 7.65 6.75 2.04 
10.66 7.83 8.43 6.77 10.39 3.71 0.88 11.04 2.76 3.31 8.75 1.53 4.36 0.40 6.70 4.48 3.75 9.91 11.06 9.39 11.62 10.96 5.04 9.81 6.78 9.46 6.26 7.86 9.28 1.17 
7.90 2.34 3.32 2.00 4.85 2.84 4.71 7.04 2.98 2.82 3.19 5.94 1.49 5.17 1.85 2.97 2.07 7.04 7.04 3.83 6.53 5.60 2.97 4.26 2.77 4.99 1.45 2.65 5.64 4.76 
12.34 4.93 4.35 3.29 6.97 6.11 5.74 11.36 4.01 3.33 6.20 7.43 3.53 5.86 3.40 6.71 5.17 11.47 11.35 6.68 10.23 8.97 6.97 7.06 7.20 9.25 3.39 4.24 10.05 6.21 
4.12 5.29 6.49 6.78 4.93 6.87 9.71 1.76 8.59 8.63 4.20 10.22 7.37 10.23 6.65 6.17 6.93 3.61 1.73 4.08 1.61 2.45 5.63 3.96 3.78 1.12 6.64 6.16 2.23 9.46 
8.25 3.08 3.41 4.64 0.87 7.62 9.90 6.00 8.14 7.85 2.01 11.02 6.54 10.37 4.60 7.31 7.13 7.60 5.97 1.37 3.35 1.91 6.96 0.96 5.18 4.39 4.89 3.52 5.94 9.91 
7.54 6.18 7.21 5.74 8.53 1.09 2.41 7.98 2.86 3.48 6.74 2.54 3.51 2.90 5.62 1.52 1.89 6.78 8.00 7.35 8.89 8.47 2.05 7.73 3.97 6.56 5.16 6.54 6.20 1.96 
10.44 6.04 6.47 4.80 8.61 3.21 1.60 10.33 0.98 1.28 7.09 3.29 2.54 1.74 4.75 4.04 2.70 9.62 10.34 7.72 10.39 9.53 4.54 8.16 5.86 8.50 4.34 5.93 8.66 2.10 
7.56 4.57 5.57 4.11 6.98 0.65 2.91 7.45 2.08 2.48 5.23 3.81 2.02 3.44 3.98 1.25 0.33 6.72 7.47 5.85 7.83 7.21 1.67 6.25 3.04 5.72 3.52 4.90 5.75 2.77 
4.85 5.02 6.13 6.59 4.35 7.19 9.98 2.42 8.75 8.73 3.85 10.60 7.43 10.51 6.48 6.54 7.16 4.35 2.39 3.63 0.92 1.76 6.02 3.45 4.10 1.63 6.52 5.87 2.94 9.78 
5.03 4.93 6.01 6.51 4.19 7.23 10.01 2.60 8.74 8.71 3.74 10.65 7.40 10.53 6.40 6.59 7.17 4.52 2.57 3.50 0.81 1.58 6.08 3.30 4.14 1.74 6.45 5.76 3.09 9.81 
11.50 3.24 2.16 2.08 4.71 6.57 7.23 10.06 5.24 4.60 4.38 8.85 3.99 7.50 2.24 6.91 5.63 10.65 10.05 4.71 8.41 7.03 6.98 5.03 6.51 7.95 2.57 2.36 9.06 7.56 
6.31 6.27 7.46 6.16 8.39 1.58 3.67 6.94 3.95 4.51 6.59 3.53 4.23 4.15 6.02 1.23 2.54 5.58 6.96 7.15 8.18 7.94 1.47 7.49 3.37 5.72 5.59 6.78 5.15 3.19 
10.91 2.65 1.63 1.54 4.24 6.17 7.04 9.47 5.03 4.43 3.80 8.62 3.67 7.34 1.70 6.46 5.25 10.07 9.45 4.15 7.84 6.47 6.50 4.49 5.95 7.36 2.08 1.77 8.47 7.34 
12.53 4.72 3.91 3.18 6.51 6.67 6.56 11.37 4.74 4.05 5.95 8.24 4.02 6.70 3.31 7.19 5.71 11.67 11.37 6.37 10.02 8.69 7.40 6.73 7.41 9.25 3.42 3.93 10.18 7.00 
12.64 5.22 4.61 3.59 7.23 6.35 5.88 11.66 4.20 3.53 6.49 7.57 3.80 5.97 3.70 6.97 5.42 11.77 11.65 6.96 10.53 9.25 7.24 7.34 7.50 9.55 3.69 4.51 10.35 6.36 
7.75 2.62 3.21 4.25 1.10 6.98 9.31 5.59 7.59 7.32 1.45 10.39 6.00 9.78 4.19 6.65 6.51 7.06 5.56 0.82 3.17 1.72 6.30 0.39 4.52 3.85 4.44 3.20 5.38 9.30 
1.68 6.94 8.36 7.92 7.73 5.59 8.33 2.62 7.96 8.27 6.35 8.27 7.33 8.84 7.76 4.75 6.14 0.84 2.66 6.56 5.16 5.79 4.24 6.65 3.51 2.91 7.53 7.81 1.37 7.91 
11.59 4.34 3.92 2.68 6.52 5.40 5.25 10.64 3.41 2.73 5.61 6.93 2.80 5.43 2.77 5.98 4.45 10.72 10.64 6.12 9.61 8.38 6.23 6.52 6.46 8.54 2.70 3.71 9.32 5.68 
1.44 7.16 8.58 8.15 7.90 5.82 8.55 2.58 8.19 8.51 6.55 8.46 7.57 9.05 8.00 4.98 6.38 0.62 2.63 6.75 5.23 5.91 4.47 6.83 3.75 3.05 7.77 8.03 1.50 8.12 
9.97 3.08 3.16 1.54 5.53 4.08 4.70 9.05 2.69 2.10 4.32 6.27 1.43 5.01 1.55 4.55 3.12 9.11 9.05 4.89 8.18 7.04 4.73 5.32 4.84 6.96 1.28 2.71 7.70 4.99 
3.48 5.95 7.19 7.41 5.67 7.10 9.96 1.03 8.97 9.06 4.90 10.36 7.83 10.49 7.27 6.36 7.26 3.05 0.99 4.81 2.12 3.15 5.80 4.70 4.08 1.43 7.23 6.84 1.94 9.68 
