6.63 2.74 6.85 6.33 4.76 
8.08 5.48 9.57 9.22 2.35 
9.92 6.63 10.73 9.97 1.02 
7.24 3.94 2.59 0.17 10.83 
7.11 2.16 5.68 4.58 6.37 
9.54 4.63 7.81 6.17 5.89 
7.17 2.63 3.93 2.24 8.79 
5.49 4.22 0.20 2.31 11.70 
8.62 4.15 7.99 6.85 4.31 
3.56 4.09 6.91 7.79 7.00 
1.03 4.40 5.49 7.07 9.42 
8.70 4.37 8.27 7.20 3.93 
7.03 3.87 7.98 7.59 3.69 
3.04 3.59 2.26 4.26 10.72 
7.23 4.09 8.20 7.79 3.46 
6.62 4.40 8.38 8.32 3.82 
2.46 4.49 6.57 7.81 8.20 
7.47 3.96 2.91 0.50 10.70 
4.95 3.16 6.86 7.13 5.52 
8.78 6.01 10.12 9.65 1.66 
10.29 5.32 7.29 5.14 8.22 
2.03 5.38 6.91 8.41 9.18 
4.07 1.41 2.95 3.57 8.78 
10.28 6.27 10.22 9.11 2.60 
0.07 4.97 5.31 7.16 10.37 
2.37 2.67 3.82 5.14 9.03 
10.67 7.85 11.97 11.33 0.42 
5.79 2.84 6.87 6.76 4.94 
7.64 3.05 6.91 5.90 5.07 
3.94 3.88 1.36 3.59 11.25 
12.11 7.13 9.75 7.71 7.37 
4.76 0.44 4.37 4.39 7.27 
12.70 7.70 10.13 8.01 8.00 
0.98 5.90 6.22 8.13 10.84 
4.65 3.09 1.07 2.55 10.57 
1.24 3.86 4.23 5.96 9.90 
8.82 3.87 5.97 4.03 7.90 
12.18 7.20 9.82 7.77 7.40 
6.85 5.24 1.58 2.11 12.62 
4.10 0.98 3.58 4.03 8.16 
6.62 3.47 2.12 0.57 10.57 
10.53 7.07 11.14 10.25 1.19 
8.27 5.95 10.01 9.74 2.25 
5.18 0.67 4.78 4.59 6.83 
10.04 5.06 7.92 6.10 6.55 
9.58 4.84 5.95 3.66 9.30 
7.85 2.86 5.96 4.53 6.64 
10.31 6.46 10.46 9.42 2.17 
0.33 5.34 5.54 7.45 10.68 
8.05 3.16 6.60 5.28 5.88 
9.76 6.09 10.15 9.25 1.90 
9.57 4.60 7.55 5.80 6.41 
2.14 3.65 3.18 5.05 10.36 
7.34 4.18 2.54 0.21 11.10 
1.08 5.67 6.36 8.16 10.33 
5.73 1.20 3.50 2.84 8.27 
8.09 4.07 8.12 7.28 3.66 
9.19 4.26 6.17 4.12 8.18 
10.68 7.95 12.07 11.46 0.60 
0.78 4.38 5.22 6.88 9.67 
2.96 2.63 2.79 4.25 9.65 
10.49 6.15 9.94 8.63 3.55 
10.24 6.13 10.05 8.89 2.88 
7.29 3.37 3.21 1.10 9.95 
9.37 6.29 10.41 9.78 1.20 
4.43 2.31 1.86 2.78 9.78 
1.21 6.02 6.49 8.37 10.74 
6.20 4.61 8.43 8.58 4.30 
12.16 7.15 9.47 7.33 8.04 
9.69 4.76 7.87 6.19 6.03 
5.51 3.38 0.96 1.73 10.82 
5.73 4.82 8.44 8.79 4.93 
5.32 1.31 3.00 2.69 8.66 
6.69 3.89 1.86 0.58 11.07 
5.87 4.22 0.62 1.89 11.66 
7.87 2.86 5.61 4.05 7.18 
8.18 3.17 6.13 4.57 6.76 
7.10 3.60 2.67 0.49 10.46 
5.85 1.53 5.65 5.23 5.96 
6.43 3.02 7.13 6.78 4.52 
5.41 1.59 5.68 5.49 5.97 
3.59 4.52 7.25 8.19 7.14 
5.69 2.61 6.64 6.53 5.13 
8.67 5.57 9.69 9.12 1.92 
7.74 3.02 4.58 2.72 8.55 
5.47 4.52 0.40 2.62 12.01 
9.54 6.38 10.49 9.82 1.12 
6.21 2.74 6.84 6.53 4.81 
3.06 3.42 6.07 7.00 7.38 
12.16 7.21 10.00 8.02 6.99 
0.92 4.43 4.38 6.28 10.45 
2.99 2.02 3.83 4.84 8.52 
6.86 2.92 3.02 1.28 9.66 
10.03 5.14 6.69 4.46 8.82 
9.33 4.60 8.13 6.71 4.99 
8.89 4.47 4.88 2.52 9.90 
11.53 6.53 8.56 6.35 8.43 
2.07 4.49 3.36 5.50 11.17 
5.77 1.34 5.45 5.04 6.15 
7.41 2.55 4.68 3.08 8.02 
10.22 5.23 7.33 5.23 8.00 
4.92 3.42 0.71 2.38 10.91 
11.71 6.83 9.90 8.06 6.15 
2.52 2.53 3.74 5.01 8.98 
8.51 3.59 5.60 3.68 8.04 
7.43 2.43 5.25 3.82 7.24 
9.63 6.26 10.36 9.58 1.39 
1.86 3.67 3.49 5.31 10.21 
7.85 3.55 3.99 1.82 9.59 
9.93 5.02 6.70 4.51 8.59 
6.40 4.26 8.21 8.19 4.03 
6.99 4.74 8.75 8.63 3.45 
11.21 6.23 8.96 7.00 6.92 
7.66 2.65 5.64 4.21 6.91 
6.86 4.63 8.63 8.53 3.58 
5.33 3.12 1.12 1.85 10.57 
5.89 4.49 0.60 2.16 11.95 
2.89 4.26 2.52 4.73 11.30 
2.53 2.72 3.32 4.76 9.42 
1.43 3.59 4.39 5.97 9.47 
7.69 3.35 7.31 6.41 4.54 
7.77 3.52 3.89 1.72 9.63 
8.55 3.80 7.39 6.08 5.21 
0.57 5.20 5.03 7.03 10.92 
1.12 3.92 4.81 6.41 9.48 
6.51 2.54 2.94 1.54 9.41 
8.76 3.77 6.74 5.10 6.55 
6.66 2.69 2.99 1.44 9.50 
6.63 3.94 1.74 0.70 11.15 
10.76 6.10 9.60 8.05 4.75 
7.66 2.68 5.95 4.63 6.45 
6.91 5.59 1.74 2.54 13.00 
6.02 1.88 3.05 2.14 8.91 
2.34 3.57 2.97 4.85 10.39 
7.01 2.43 3.92 2.35 8.64 
11.96 7.03 9.92 7.98 6.70 
9.76 6.32 10.41 9.61 1.41 
9.45 5.02 8.81 7.57 3.96 
10.22 5.48 8.90 7.34 5.06 
9.74 4.78 6.72 4.62 8.18 
11.64 6.66 9.30 7.29 7.19 
6.02 5.35 1.24 3.04 12.84 
9.49 4.50 7.34 5.56 6.65 
5.16 4.56 0.59 2.98 12.05 
6.25 1.49 5.43 4.75 6.25 
7.04 4.10 2.17 0.33 11.17 
7.83 3.30 7.17 6.15 4.83 
5.97 3.27 1.52 1.20 10.59 
7.43 2.95 6.89 5.99 4.95 
9.39 4.41 6.55 4.54 7.86 
8.17 5.08 9.20 8.69 2.43 
8.67 3.66 6.27 4.51 7.19 
8.14 5.18 9.29 8.82 2.39 
5.33 0.34 4.14 3.80 7.47 
11.88 6.87 9.09 6.93 8.15 
8.83 3.84 6.76 5.09 6.61 
9.85 5.54 9.38 8.15 3.52 
2.36 4.34 6.39 7.63 8.22 
1.01 4.00 4.74 6.39 9.64 
11.55 6.56 9.15 7.12 7.30 
5.58 2.17 6.23 6.07 5.47 
3.67 4.55 1.94 4.30 11.80 
8.21 5.79 9.87 9.57 2.26 
8.85 4.08 7.61 6.24 5.21 
0.23 4.81 5.25 7.06 10.21 
6.42 4.67 1.13 1.79 12.06 
6.50 1.49 4.84 3.88 7.06 
2.73 3.34 2.63 4.46 10.33 
6.91 3.21 2.79 0.90 10.04 
6.43 4.15 8.13 8.07 4.02 
7.35 3.43 3.24 1.10 9.98 
10.87 5.86 8.08 5.97 7.89 
6.08 1.07 4.57 3.81 7.19 
2.03 5.08 6.72 8.16 8.93 
2.66 2.74 3.08 4.56 9.58 
4.49 2.97 6.51 6.91 5.99 
11.58 6.58 9.07 7.01 7.52 
5.25 0.90 3.38 3.08 8.26 
8.80 3.80 6.62 4.92 6.80 
7.65 3.28 3.96 1.91 9.34 
5.47 4.12 7.81 8.10 5.00 
10.30 5.60 9.07 7.54 4.87 
4.83 0.40 3.73 3.70 7.88 
9.46 6.20 10.31 9.60 1.34 
7.94 4.57 8.69 8.10 2.92 
10.10 6.19 10.18 9.14 2.36 
7.58 3.82 3.22 0.88 10.38 
7.06 3.70 7.82 7.38 3.81 
4.93 0.09 4.05 3.95 7.56 
3.76 4.38 1.75 4.10 11.67 
6.54 1.55 5.05 4.11 6.83 
4.74 0.29 3.95 3.97 7.67 
5.64 1.75 2.80 2.23 8.99 
10.08 6.50 10.57 9.67 1.56 
6.30 4.19 1.14 1.38 11.55 
9.70 4.69 7.32 5.44 7.04 
3.81 3.35 1.54 3.46 10.71 
3.03 4.09 2.33 4.51 11.19 
7.43 4.79 2.28 0.96 11.88 
10.17 7.18 11.30 10.63 0.31 
