7.21 7.00 4.07 6.15 9.06 4.24 3.74 7.96 5.62 2.38 
6.36 0.97 6.62 0.66 9.02 3.07 4.36 1.26 1.86 6.75 
5.82 6.02 2.83 5.39 7.75 3.09 2.39 7.08 5.14 1.40 
2.66 8.13 5.30 9.08 0.50 7.07 6.30 9.19 9.98 7.07 
2.17 7.03 5.54 8.13 1.94 6.47 5.96 8.01 9.14 7.27 
1.16 4.93 4.40 5.99 3.40 4.41 4.11 5.98 6.99 5.94 
5.51 6.01 8.73 7.50 6.66 7.50 7.84 6.29 8.75 10.12 
1.95 4.52 2.28 5.01 4.40 2.61 1.85 5.75 5.68 3.61 
5.25 5.14 8.28 6.63 6.74 6.77 7.20 5.41 7.89 9.57 
6.34 6.31 9.50 7.80 7.51 8.07 8.50 6.43 9.06 10.84 
2.91 8.30 3.67 8.92 1.83 6.44 5.36 9.50 9.57 5.33 
1.75 5.02 2.02 5.50 4.02 3.05 2.15 6.25 6.15 3.53 
4.42 6.83 0.90 6.70 5.77 3.96 2.68 8.04 6.83 1.05 
5.20 2.11 4.74 1.63 7.85 1.13 2.44 3.14 2.14 4.76 
6.03 5.05 3.63 4.24 8.26 2.36 2.24 6.02 3.88 2.59 
5.46 0.17 6.25 1.64 8.10 2.96 4.11 1.34 2.89 6.66 
1.45 6.28 2.32 6.85 2.81 4.41 3.41 7.49 7.52 4.09 
1.57 6.43 5.02 7.50 2.16 5.81 5.32 7.44 8.49 6.73 
6.16 2.19 7.85 3.54 8.55 4.95 5.95 1.91 4.75 8.55 
5.04 0.70 5.62 1.59 7.70 2.33 3.47 1.93 2.77 6.03 
2.00 4.02 4.73 5.16 4.37 3.94 3.93 5.02 6.23 6.09 
10.00 4.58 9.67 3.55 12.67 6.12 7.38 3.87 3.02 9.26 
2.30 3.86 4.99 5.05 4.63 4.00 4.09 4.82 6.16 6.31 
2.12 4.97 1.76 5.35 4.34 2.80 1.81 6.21 5.94 3.18 
3.86 3.08 3.29 3.12 6.43 0.58 1.09 4.29 3.65 3.67 
5.87 0.93 7.02 2.28 8.43 3.84 4.95 0.99 3.51 7.52 
2.74 4.18 2.20 4.45 5.18 1.89 1.06 5.42 5.02 3.16 
5.14 6.36 8.49 7.84 6.05 7.58 7.79 6.76 9.08 9.95 
8.38 7.22 5.46 6.11 10.40 4.82 4.69 8.00 5.32 3.83 
1.02 6.53 4.18 7.45 1.72 5.46 4.78 7.62 8.34 5.92 
5.24 0.50 6.21 1.98 7.86 3.06 4.15 1.50 3.23 6.72 
7.05 6.92 3.90 6.09 8.89 4.13 3.60 7.89 5.60 2.22 
2.68 6.05 0.84 6.29 4.25 3.60 2.37 7.29 6.74 2.58 
7.58 2.87 6.93 1.39 10.24 3.42 4.66 2.98 0.28 6.55 
9.48 4.38 8.82 3.08 12.15 5.36 6.58 3.96 2.22 8.28 
6.30 5.85 3.49 5.07 8.35 3.06 2.66 6.84 4.67 2.11 
4.35 6.21 1.01 6.02 6.00 3.30 2.05 7.40 6.13 0.84 
8.25 7.36 5.22 6.31 10.19 4.85 4.62 8.19 5.57 3.55 
3.08 3.80 2.53 4.02 5.58 1.45 0.86 5.04 4.57 3.28 
9.51 4.21 9.07 3.06 12.19 5.54 6.79 3.65 2.41 8.63 
8.85 3.27 9.01 2.64 11.51 5.40 6.70 2.37 2.71 8.88 
0.71 4.99 3.19 5.78 3.36 3.73 3.15 6.15 6.62 4.76 
2.82 5.37 6.19 6.69 4.15 5.75 5.71 6.16 7.84 7.71 
5.30 2.33 4.67 1.73 7.93 1.07 2.37 3.32 2.10 4.61 
7.94 6.33 5.30 5.18 10.12 4.09 4.16 7.08 4.37 3.86 
2.85 7.66 2.39 8.09 2.95 5.47 4.29 8.89 8.62 4.02 
1.62 6.95 4.79 7.94 1.44 6.05 5.40 8.00 8.87 6.54 
6.52 4.28 4.67 3.22 8.95 2.23 2.79 5.09 2.66 3.84 
8.44 3.71 7.61 2.25 11.09 4.20 5.39 3.64 1.12 7.07 
4.37 1.53 4.80 2.09 7.04 1.65 2.69 2.76 3.08 5.27 
5.37 4.97 8.33 6.46 6.93 6.70 7.18 5.19 7.72 9.58 
2.12 3.86 2.94 4.46 4.75 2.33 1.95 5.08 5.24 4.11 
8.12 5.34 6.08 4.00 10.53 3.80 4.37 5.88 2.99 4.95 
4.20 1.85 4.47 2.27 6.87 1.35 2.35 3.08 3.16 4.93 
6.55 6.93 3.29 6.23 8.29 4.02 3.30 7.96 5.87 1.56 
5.65 1.88 5.26 1.13 8.31 1.65 2.95 2.77 1.67 5.22 
3.52 5.47 6.85 6.86 4.76 6.18 6.25 6.13 8.05 8.34 
1.18 6.15 2.54 6.77 2.71 4.40 3.46 7.35 7.48 4.29 
2.66 8.09 5.38 9.06 0.64 7.08 6.33 9.14 9.97 7.15 
3.24 5.03 1.30 5.08 5.34 2.34 1.06 6.25 5.44 2.18 
1.03 5.89 2.55 6.53 2.87 4.18 3.29 7.09 7.25 4.27 
3.71 3.29 6.22 4.71 5.90 4.49 4.94 3.97 5.93 7.37 
6.57 6.48 3.51 5.70 8.48 3.64 3.09 7.47 5.29 1.91 
2.34 7.90 3.95 8.63 1.13 6.30 5.33 9.06 9.38 5.69 
1.08 4.75 4.15 5.76 3.52 4.12 3.81 5.83 6.74 5.66 
1.79 4.31 4.70 5.45 4.09 4.14 4.05 5.32 6.50 6.12 
1.92 3.90 3.11 4.58 4.58 2.56 2.22 5.11 5.41 4.35 
3.51 2.85 5.74 4.22 5.88 3.89 4.36 3.67 5.41 6.83 
5.82 2.28 7.64 3.71 8.17 4.88 5.81 2.20 4.94 8.41 
1.70 4.47 4.72 5.60 3.95 4.27 4.14 5.47 6.65 6.17 
2.52 4.19 2.27 4.55 4.98 2.05 1.30 5.43 5.16 3.34 
8.68 3.59 8.12 2.27 11.35 4.61 5.85 3.28 1.47 7.68 
4.55 1.12 5.25 2.03 7.21 2.15 3.18 2.36 3.16 5.77 
5.06 4.76 2.77 4.24 7.28 1.81 1.31 5.85 4.16 2.13 
3.35 8.93 4.77 9.68 1.18 7.33 6.33 10.08 10.42 6.46 
2.46 7.87 3.48 8.51 1.69 6.08 5.03 9.06 9.19 5.19 
10.27 4.87 9.88 3.81 12.94 6.34 7.60 4.16 3.22 9.43 
6.50 1.94 7.95 3.15 8.95 4.86 5.94 1.38 4.31 8.52 
1.69 6.77 5.03 7.81 1.80 6.05 5.49 7.79 8.78 6.77 
3.44 9.05 5.22 9.86 0.92 7.61 6.66 10.17 10.65 6.93 
8.04 4.18 6.69 2.71 10.62 3.62 4.61 4.49 1.52 5.92 
5.45 2.60 7.50 4.08 7.73 4.96 5.79 2.70 5.33 8.37 
4.00 5.79 7.36 7.21 5.07 6.65 6.75 6.37 8.42 8.85 
5.85 6.75 2.52 6.21 7.52 3.77 2.84 7.85 6.00 0.79 
1.55 5.57 1.97 6.08 3.53 3.61 2.63 6.79 6.72 3.64 
1.50 6.51 2.49 7.10 2.58 4.67 3.67 7.72 7.78 4.26 
2.77 4.86 5.99 6.18 4.42 5.31 5.35 5.65 7.34 7.45 
5.70 5.48 8.76 6.97 7.11 7.22 7.67 5.66 8.23 10.04 
6.56 5.97 3.74 5.14 8.61 3.24 2.90 6.93 4.68 2.31 
4.78 2.23 4.37 2.01 7.42 0.79 2.08 3.36 2.57 4.50 
