2.75 5.87 5.60 5.66 2.88 6.53 3.71 3.95 4.55 2.22 4.47 7.73 3.99 5.75 5.87 5.04 3.96 7.06 5.38 7.53 2.25 6.05 4.26 1.46 6.19 4.39 3.86 1.77 6.31 1.37 6.08 5.62 3.02 4.57 3.90 5.68 4.21 5.56 5.40 2.80 1.53 3.65 4.50 1.87 3.16 1.30 5.90 5.42 5.63 3.41 6.39 3.68 4.79 4.46 4.35 5.39 3.53 3.23 3.73 2.79 
7.91 0.58 5.91 0.51 7.93 8.09 1.65 2.14 5.92 6.35 4.94 2.66 4.30 3.60 7.74 0.27 5.34 1.96 3.86 2.82 6.64 7.42 9.05 6.52 1.01 4.01 2.66 4.58 2.11 6.33 3.35 8.47 8.25 1.16 1.45 0.67 6.25 2.34 7.57 7.30 3.93 8.90 9.50 5.61 8.12 5.01 1.67 4.88 2.83 8.39 2.58 4.92 1.79 5.86 6.20 7.52 2.51 4.45 4.77 6.71 
3.46 5.33 3.71 5.22 4.57 4.83 3.52 4.20 2.71 4.11 5.73 6.78 2.15 6.39 4.22 4.55 2.08 6.18 6.17 6.41 1.91 4.29 4.33 3.28 5.75 2.61 4.36 3.18 5.14 3.23 4.54 4.31 3.90 4.44 3.66 5.30 2.48 4.24 3.81 4.68 2.35 5.06 4.84 3.67 4.90 2.95 5.85 6.52 4.18 5.12 5.10 1.78 3.65 5.98 5.97 3.78 2.39 1.36 1.84 4.68 
7.86 0.87 5.44 0.99 8.06 7.65 1.88 2.55 5.52 6.57 5.40 2.43 3.91 4.15 7.33 0.70 4.97 1.74 4.40 2.44 6.50 6.98 8.92 6.63 1.37 3.58 3.08 4.80 1.59 6.45 2.79 8.13 8.23 1.62 1.68 1.18 5.89 1.78 7.19 7.50 4.06 8.98 9.40 5.83 8.27 5.18 2.22 5.40 2.28 8.53 2.03 4.57 1.32 6.29 6.60 7.13 2.25 4.14 4.41 6.96 
2.35 8.49 8.04 8.24 0.11 8.39 6.29 6.23 6.85 2.02 5.41 10.49 6.67 7.43 7.69 7.68 6.38 9.80 6.92 10.35 3.63 8.06 3.99 1.44 8.74 7.13 5.96 3.51 9.14 1.62 8.93 6.95 2.07 7.05 6.50 8.23 6.32 8.41 7.16 1.31 4.02 1.17 3.70 2.61 0.45 2.98 8.22 6.50 8.48 0.61 9.24 6.21 7.63 4.84 4.48 7.18 6.38 5.88 6.31 2.15 
8.13 6.11 10.36 5.76 6.39 11.95 4.99 4.00 9.71 4.55 1.43 8.26 8.44 2.61 11.37 5.72 9.02 7.63 2.14 8.65 8.11 11.36 9.87 5.76 5.95 8.52 3.50 4.10 8.01 5.55 8.95 11.39 8.14 4.81 5.07 5.60 9.62 7.97 10.97 5.19 4.81 7.64 9.87 4.25 6.30 4.57 4.75 1.03 8.38 6.49 8.43 8.60 7.13 1.63 2.04 10.94 6.71 8.00 8.56 4.33 
3.56 5.92 2.97 5.86 5.13 3.86 4.31 5.09 1.84 4.95 6.72 7.12 1.85 7.31 3.23 5.20 1.31 6.58 7.12 6.66 1.78 3.34 4.01 3.97 6.37 2.39 5.29 4.16 5.40 3.97 4.51 3.36 4.04 5.22 4.43 5.97 1.51 4.43 2.82 5.42 3.34 5.41 4.63 4.57 5.48 3.89 6.62 7.50 4.25 5.68 5.26 1.19 4.02 6.96 6.93 2.79 2.87 1.14 1.33 5.52 
5.69 6.24 8.87 5.91 3.90 10.13 4.39 3.71 8.00 2.06 1.54 8.48 7.01 3.84 9.49 5.59 7.34 7.78 3.27 8.65 5.88 9.60 7.44 3.31 6.28 7.23 3.21 2.14 7.70 3.11 8.22 9.31 5.66 4.69 4.56 5.81 7.78 7.36 9.04 2.72 3.10 5.15 7.40 1.88 3.83 2.40 5.34 2.59 7.65 4.04 8.02 6.97 6.46 0.88 0.67 9.03 5.64 6.41 6.97 1.85 
5.72 3.84 6.90 3.53 4.95 8.52 1.89 1.32 6.26 3.13 2.09 6.05 4.97 2.74 7.96 3.13 5.57 5.34 2.41 6.16 5.13 7.92 7.27 3.70 3.96 5.07 0.97 1.49 5.20 3.47 5.78 8.12 5.91 2.28 2.05 3.46 6.21 4.88 7.59 4.10 1.56 6.09 7.49 2.41 5.06 2.06 3.25 2.72 5.21 5.32 5.52 5.14 3.99 2.73 2.96 7.56 3.32 4.54 5.09 3.40 
2.41 10.88 8.34 10.69 3.44 7.75 8.75 8.97 7.09 5.28 8.68 12.57 7.67 10.52 7.11 10.05 6.93 11.94 10.06 12.25 4.04 7.69 2.24 4.24 11.22 8.21 8.82 6.42 10.98 4.47 10.30 5.89 2.05 9.63 8.94 10.72 6.42 10.09 6.61 4.65 6.57 2.24 1.47 5.74 3.60 5.84 10.95 9.76 9.99 3.48 10.94 6.97 9.48 8.18 7.82 6.65 8.19 6.93 7.13 5.49 
2.81 10.84 9.11 10.62 2.67 8.79 8.65 8.72 7.85 4.62 8.00 12.70 8.18 10.02 8.12 10.01 7.58 12.03 9.52 12.46 4.60 8.66 3.37 3.84 11.13 8.71 8.49 6.04 11.21 4.06 10.71 7.01 2.32 9.48 8.86 10.62 7.21 10.37 7.61 3.82 6.39 1.44 2.67 5.20 2.71 5.47 10.71 9.08 10.35 2.52 11.23 7.55 9.68 7.37 6.97 7.64 8.39 7.40 7.69 4.69 
8.29 0.21 6.13 0.35 8.31 8.33 2.03 2.43 6.20 6.71 5.18 2.35 4.58 3.68 8.01 0.64 5.63 1.65 3.99 2.59 7.01 7.66 9.43 6.90 0.69 4.26 2.93 4.94 2.04 6.70 3.41 8.78 8.64 1.44 1.82 0.54 6.55 2.43 7.86 7.66 4.30 9.28 9.88 5.97 8.49 5.38 1.61 5.05 2.93 8.76 2.54 5.22 2.01 6.12 6.47 7.80 2.85 4.77 5.07 7.06 
8.63 4.58 9.65 4.25 7.32 11.48 4.00 2.99 9.19 5.37 2.02 6.62 7.75 0.91 10.96 4.36 8.51 6.03 0.76 7.09 8.23 10.85 10.28 6.38 4.34 7.72 2.63 4.32 6.61 6.15 7.75 11.21 8.74 3.53 4.02 4.07 9.23 6.74 10.62 6.20 4.68 8.56 10.41 4.86 7.31 4.89 3.11 1.01 7.20 7.53 7.07 8.06 5.98 2.90 3.38 10.59 5.87 7.47 7.98 5.34 
2.44 6.52 6.31 6.29 2.09 7.08 4.33 4.43 5.21 1.64 4.44 8.45 4.76 6.02 6.40 5.70 4.65 7.77 5.59 8.29 2.51 6.64 4.12 0.67 6.81 5.18 4.26 1.90 7.07 0.60 6.88 6.00 2.58 5.15 4.53 6.29 4.81 6.34 5.91 2.05 2.06 2.95 4.22 1.54 2.37 1.31 6.42 5.47 6.42 2.61 7.17 4.40 5.56 4.26 4.07 5.91 4.31 3.99 4.47 2.19 
1.59 9.57 7.91 9.35 1.81 7.79 7.39 7.51 6.67 3.65 7.05 11.40 6.90 8.95 7.10 8.74 6.35 10.74 8.47 11.15 3.36 7.59 2.67 2.67 9.88 7.42 7.32 4.88 9.90 2.90 9.41 6.11 1.09 8.23 7.59 9.37 6.05 9.07 6.58 3.02 5.14 0.72 2.17 4.14 2.01 4.30 9.50 8.14 9.04 1.93 9.92 6.30 8.37 6.54 6.18 6.61 7.08 6.12 6.43 3.85 
3.36 5.94 6.64 5.69 2.54 7.65 3.75 3.69 5.64 1.21 3.53 7.98 4.93 5.13 7.00 5.13 5.02 7.29 4.69 7.90 3.30 7.17 5.04 1.20 6.19 5.27 3.46 1.02 6.74 0.98 6.76 6.73 3.47 4.49 3.95 5.67 5.33 6.11 6.53 2.01 1.50 3.61 5.13 0.75 2.72 0.44 5.68 4.55 6.25 2.99 6.90 4.71 5.26 3.40 3.25 6.52 4.10 4.21 4.74 1.77 
7.30 6.21 9.92 5.86 5.50 11.39 4.79 3.88 9.18 3.68 1.02 8.42 8.01 3.02 10.78 5.71 8.50 7.76 2.46 8.74 7.38 10.82 9.04 4.92 6.12 8.14 3.35 3.42 7.98 4.72 8.77 10.73 7.28 4.78 4.91 5.72 9.04 7.83 10.36 4.30 4.23 6.74 9.02 3.44 5.40 3.83 4.99 1.42 8.20 5.59 8.37 8.10 6.96 0.75 1.14 10.34 6.39 7.51 8.07 3.44 
6.17 4.86 1.46 4.96 7.56 3.66 4.26 5.27 1.76 6.96 7.72 5.28 0.84 7.49 3.42 4.41 1.54 4.92 7.50 4.64 4.39 3.00 6.46 6.26 5.36 0.55 5.67 5.66 3.52 6.20 2.16 4.45 6.65 4.89 4.26 5.13 2.36 2.55 3.38 7.62 4.67 7.98 7.15 6.41 7.89 5.64 6.07 8.21 2.16 8.11 3.19 1.43 2.68 8.26 8.36 3.32 2.39 1.63 1.28 7.52 
2.05 6.93 4.35 6.81 3.84 4.68 5.02 5.59 3.12 4.11 6.58 8.38 3.35 7.64 3.99 6.14 2.75 7.79 7.34 7.99 0.30 4.31 2.71 2.92 7.34 3.89 5.65 3.88 6.72 3.00 5.97 3.53 2.53 5.95 5.19 6.88 2.56 5.79 3.47 4.36 3.37 3.96 3.24 3.95 4.20 3.43 7.36 7.50 5.67 4.37 6.64 2.70 5.26 6.59 6.46 3.48 4.00 2.60 2.84 4.66 
6.04 4.66 7.93 4.32 4.81 9.47 2.91 2.13 7.23 2.87 1.06 6.90 6.01 2.55 8.88 4.02 6.54 6.20 2.05 7.09 5.75 8.88 7.70 3.78 4.69 6.14 1.62 1.74 6.20 3.55 6.85 8.93 6.14 3.12 3.05 4.22 7.13 5.94 8.49 3.78 2.33 6.03 7.82 2.29 4.85 2.30 3.77 1.91 6.28 5.09 6.54 6.13 5.05 1.66 1.94 8.46 4.40 5.54 6.09 2.97 
4.74 4.68 6.72 4.39 3.93 8.12 2.55 2.27 5.92 2.19 2.46 6.82 4.84 3.69 7.51 3.91 5.24 6.12 3.29 6.85 4.32 7.55 6.35 2.67 4.86 5.04 1.99 0.46 5.78 2.44 6.11 7.51 4.91 3.16 2.74 4.35 5.77 5.31 7.10 3.15 0.96 5.06 6.52 1.45 4.06 1.04 4.25 3.34 5.56 4.32 6.03 4.85 4.42 2.73 2.79 7.08 3.48 4.27 4.83 2.54 
7.87 0.89 5.42 1.02 8.07 7.63 1.89 2.57 5.51 6.58 5.42 2.42 3.90 4.18 7.32 0.73 4.96 1.73 4.42 2.42 6.49 6.96 8.91 6.64 1.39 3.56 3.10 4.81 1.56 6.46 2.76 8.11 8.23 1.65 1.70 1.20 5.88 1.75 7.17 7.52 4.07 8.98 9.40 5.84 8.28 5.20 2.25 5.43 2.25 8.54 2.00 4.56 1.30 6.31 6.63 7.11 2.24 4.13 4.40 6.98 
7.00 2.92 7.32 2.58 6.27 9.17 1.69 0.67 6.88 4.41 2.33 5.16 5.43 1.66 8.67 2.39 6.20 4.48 1.57 5.43 6.26 8.54 8.50 5.03 2.91 5.39 0.40 2.82 4.67 4.80 5.59 9.01 7.21 1.46 1.74 2.46 6.96 4.60 8.36 5.37 2.74 7.41 8.76 3.72 6.36 3.39 2.00 2.38 5.02 6.62 5.07 5.76 3.77 3.28 3.64 8.32 3.54 5.17 5.67 4.63 
5.87 2.70 5.45 2.48 5.79 7.29 0.53 1.25 5.00 4.28 3.72 4.72 3.54 3.53 6.80 1.88 4.32 4.02 3.45 4.69 4.78 6.65 7.15 4.38 3.00 3.54 1.59 2.52 3.62 4.19 4.09 7.21 6.18 1.44 0.72 2.50 5.11 3.20 6.50 5.21 1.79 6.77 7.53 3.55 5.99 2.90 2.84 4.13 3.52 6.26 3.88 3.88 2.31 4.43 4.65 6.46 1.70 3.29 3.79 4.69 
5.99 4.25 2.14 4.32 7.18 4.27 3.55 4.56 2.18 6.44 7.03 4.88 0.68 6.79 3.96 3.75 1.74 4.45 6.79 4.31 4.26 3.60 6.48 5.83 4.75 0.20 4.97 5.06 3.11 5.75 2.02 4.86 6.46 4.19 3.55 4.48 2.66 2.12 3.85 7.15 4.06 7.69 7.12 5.85 7.50 5.07 5.40 7.51 1.83 7.73 2.87 1.45 2.07 7.60 7.72 3.79 1.68 1.37 1.28 6.98 
9.16 0.67 6.75 0.91 9.13 8.99 2.86 3.11 6.92 7.49 5.69 1.82 5.31 3.90 8.71 1.49 6.39 1.22 4.31 2.31 7.87 8.32 10.29 7.73 0.50 4.95 3.57 5.72 2.22 7.53 3.79 9.54 9.50 2.15 2.65 0.97 7.31 2.89 8.59 8.45 5.14 10.13 10.75 6.75 9.31 6.19 1.71 5.41 3.39 9.57 2.74 5.99 2.69 6.67 7.05 8.53 3.67 5.56 5.83 7.81 
7.18 1.78 6.44 1.45 6.86 8.44 0.90 0.77 6.17 5.15 3.57 4.01 4.61 2.53 8.00 1.15 5.52 3.31 2.65 4.21 6.15 7.78 8.52 5.50 1.89 4.48 1.27 3.41 3.42 5.29 4.41 8.51 7.47 0.22 0.79 1.38 6.35 3.40 7.74 6.12 2.95 7.92 8.88 4.42 7.02 3.91 1.47 3.59 3.84 7.28 3.83 5.07 2.62 4.48 4.81 7.69 2.67 4.51 4.96 5.47 
4.35 4.88 2.88 4.83 5.56 4.35 3.39 4.25 2.08 4.99 6.21 6.08 1.17 6.52 3.82 4.17 1.39 5.53 6.38 5.64 2.67 3.75 5.01 4.24 5.34 1.63 4.52 3.85 4.37 4.18 3.61 4.23 4.82 4.26 3.49 4.94 2.10 3.43 3.50 5.62 2.91 6.03 5.60 4.48 5.88 3.73 5.65 6.88 3.29 6.11 4.26 0.99 2.97 6.59 6.63 3.46 1.83 0.42 0.98 5.55 
4.59 6.61 8.33 6.30 2.78 9.40 4.55 4.09 7.37 0.93 2.57 8.80 6.56 4.73 8.74 5.88 6.74 8.10 4.19 8.87 4.95 8.91 6.35 2.22 6.73 6.85 3.67 1.76 7.82 2.04 8.11 8.43 4.54 5.06 4.74 6.23 7.07 7.34 8.26 1.63 2.75 4.03 6.28 1.00 2.74 1.73 5.94 3.65 7.57 2.96 8.07 6.40 6.45 2.00 1.70 8.25 5.45 5.88 6.43 0.76 
3.83 7.53 2.80 7.50 5.99 2.48 6.08 6.88 1.64 6.30 8.44 8.45 2.90 9.11 1.79 6.85 1.83 7.99 8.91 7.88 2.28 2.20 3.43 5.13 8.00 3.40 7.08 5.81 6.68 5.20 5.47 1.56 4.31 6.96 6.18 7.63 0.97 5.69 1.27 6.56 5.07 5.90 4.19 6.06 6.35 5.45 8.35 9.26 5.38 6.50 6.43 2.16 5.47 8.60 8.52 1.28 4.49 2.56 2.33 6.85 
2.37 6.29 4.40 6.16 3.70 5.06 4.34 4.87 3.24 3.65 5.91 7.84 3.11 6.92 4.38 5.49 2.74 7.23 6.63 7.49 0.95 4.62 3.34 2.57 6.69 3.62 4.93 3.22 6.22 2.60 5.61 4.11 2.82 5.27 4.50 6.22 2.79 5.33 3.90 4.02 2.66 4.05 3.80 3.39 4.05 2.81 6.67 6.81 5.26 4.25 6.18 2.58 4.73 5.97 5.87 3.90 3.44 2.32 2.69 4.21 
2.59 8.78 8.38 8.52 0.31 8.70 6.58 6.49 7.18 2.18 5.54 10.79 7.02 7.61 8.00 7.97 6.72 10.10 7.09 10.67 3.95 8.38 4.18 1.75 9.02 7.48 6.20 3.76 9.47 1.92 9.26 7.23 2.26 7.33 6.79 8.50 6.65 8.74 7.47 1.36 4.31 1.11 3.83 2.83 0.27 3.25 8.47 6.62 8.82 0.28 9.57 6.55 7.95 4.92 4.53 7.49 6.71 6.23 6.65 2.23 
4.94 5.47 1.71 5.49 6.49 3.27 4.34 5.27 0.98 6.11 7.38 6.27 0.73 7.55 2.81 4.87 0.37 5.82 7.46 5.70 3.15 2.63 5.20 5.26 5.96 1.23 5.59 5.04 4.50 5.23 3.34 3.52 5.43 5.13 4.40 5.63 1.29 3.51 2.59 6.68 4.10 6.80 5.88 5.64 6.83 4.90 6.46 8.02 3.21 7.04 4.25 0.23 3.34 7.78 7.82 2.54 2.54 0.79 0.24 6.68 
1.23 7.26 5.51 7.09 2.65 5.84 5.18 5.54 4.29 3.14 5.99 8.94 4.33 7.38 5.14 6.44 3.87 8.31 7.01 8.64 1.08 5.49 2.63 1.86 7.62 4.84 5.49 3.35 7.38 1.98 6.83 4.55 1.63 6.09 5.37 7.13 3.75 6.51 4.62 3.24 3.14 2.84 2.89 3.13 3.01 2.81 7.45 6.99 6.46 3.18 7.36 3.76 5.86 5.85 5.65 4.64 4.57 3.54 3.88 3.64 
5.77 3.05 3.81 3.01 6.38 5.79 1.85 2.85 3.53 5.26 5.37 4.40 1.96 5.10 5.37 2.35 2.90 3.80 5.09 4.09 4.29 5.13 6.70 4.95 3.51 1.87 3.26 3.66 2.83 4.81 2.69 5.99 6.18 2.58 1.88 3.13 3.78 2.05 5.14 6.09 2.69 7.13 7.23 4.59 6.65 3.83 3.90 5.80 2.17 6.90 2.88 2.46 1.31 6.00 6.17 5.09 0.03 1.95 2.33 5.76 
8.55 3.41 8.79 3.09 7.55 10.74 3.14 2.22 8.45 5.62 2.63 5.43 6.94 0.31 10.26 3.26 7.78 4.83 0.87 5.90 7.90 10.09 10.10 6.44 3.15 6.84 2.04 4.25 5.46 6.21 6.68 10.65 8.72 2.51 3.11 2.90 8.57 5.66 9.97 6.53 4.35 8.76 10.32 5.00 7.60 4.84 1.91 1.94 6.13 7.84 5.94 7.34 4.95 3.63 4.09 9.92 5.01 6.75 7.24 5.71 
5.02 6.34 1.30 6.38 6.85 2.36 5.26 6.18 0.07 6.70 8.22 7.00 1.57 8.46 1.90 5.76 0.62 6.59 8.36 6.37 3.26 1.74 4.97 5.73 6.83 1.95 6.49 5.79 5.22 5.74 3.91 2.73 5.52 6.05 5.32 6.52 0.67 4.24 1.71 7.18 4.89 7.01 5.70 6.30 7.20 5.58 7.36 8.89 3.88 7.39 4.92 1.06 4.18 8.57 8.58 1.65 3.45 1.65 1.15 7.27 
8.47 5.99 10.48 5.65 6.78 12.13 5.01 4.00 9.87 4.92 1.67 8.10 8.56 2.40 11.56 5.65 9.18 7.48 1.98 8.53 8.39 11.53 10.20 6.11 5.79 8.61 3.52 4.37 7.93 5.89 8.94 11.63 8.49 4.75 5.08 5.48 9.81 7.95 11.17 5.59 5.02 8.03 10.22 4.59 6.69 4.86 4.58 0.97 8.37 6.89 8.37 8.75 7.13 2.03 2.45 11.14 6.79 8.15 8.70 4.72 
8.08 3.27 8.41 2.93 7.13 10.32 2.75 1.79 8.04 5.21 2.36 5.38 6.54 0.50 9.84 3.01 7.36 4.76 0.75 5.80 7.43 9.68 9.63 5.99 3.07 6.46 1.58 3.80 5.27 5.76 6.41 10.20 8.26 2.19 2.74 2.76 8.14 5.39 9.53 6.13 3.88 8.33 9.86 4.57 7.19 4.39 1.87 1.86 5.85 7.43 5.73 6.92 4.65 3.38 3.83 9.49 4.62 6.33 6.82 5.32 
5.78 2.71 4.96 2.54 5.92 6.83 0.80 1.71 4.55 4.53 4.21 4.57 3.06 3.99 6.36 1.89 3.88 3.88 3.94 4.46 4.57 6.19 6.97 4.49 3.07 3.04 2.09 2.80 3.32 4.31 3.65 6.83 6.13 1.69 0.91 2.59 4.69 2.81 6.08 5.43 1.95 6.83 7.40 3.80 6.14 3.10 3.11 4.63 3.09 6.41 3.54 3.43 1.92 4.88 5.09 6.04 1.20 2.85 3.33 4.97 
5.27 9.60 3.86 9.62 7.68 1.92 8.31 9.14 3.25 8.33 10.69 10.25 4.84 11.38 1.66 8.99 3.77 9.87 11.19 9.59 4.21 2.31 4.10 7.08 10.09 5.24 9.36 8.03 8.48 7.19 7.07 0.73 5.68 9.17 8.41 9.76 2.87 7.51 1.59 8.45 7.34 7.28 4.83 8.19 8.04 7.64 10.54 11.53 7.13 8.13 8.15 4.19 7.47 10.80 10.69 1.65 6.63 4.70 4.34 8.86 
4.65 6.19 8.05 5.88 3.03 9.19 4.13 3.67 7.11 1.09 2.32 8.38 6.24 4.39 8.54 5.45 6.47 7.67 3.86 8.45 4.84 8.68 6.39 2.27 6.31 6.51 3.25 1.39 7.40 2.07 7.72 8.29 4.65 4.63 4.32 5.81 6.85 6.93 8.07 1.94 2.39 4.27 6.37 0.83 3.02 1.46 5.53 3.40 7.17 3.26 7.66 6.12 6.04 1.91 1.70 8.06 5.07 5.59 6.14 1.11 
4.25 6.09 2.12 6.08 5.99 3.06 4.75 5.61 0.95 5.83 7.47 7.02 1.49 7.88 2.48 5.44 0.53 6.55 7.73 6.48 2.47 2.50 4.41 4.85 6.57 2.02 5.87 4.97 5.26 4.86 4.14 2.91 4.75 5.60 4.84 6.21 0.74 4.27 2.14 6.30 4.11 6.19 5.10 5.44 6.34 4.74 6.97 8.19 4.00 6.53 5.04 0.72 4.03 7.77 7.76 2.10 3.07 1.13 0.90 6.40 
8.04 4.64 9.33 4.30 6.69 11.09 3.75 2.73 8.81 4.74 1.40 6.77 7.42 1.14 10.55 4.31 8.12 6.14 0.64 7.18 7.69 10.47 9.70 5.76 4.46 7.43 2.30 3.73 6.59 5.53 7.63 10.75 8.14 3.42 3.80 4.13 8.82 6.63 10.20 5.57 4.16 7.93 9.82 4.24 6.67 4.30 3.26 0.49 7.06 6.90 7.03 7.69 5.82 2.31 2.79 10.17 5.58 7.09 7.62 4.71 
2.14 9.94 8.46 9.71 1.82 8.33 7.75 7.81 7.21 3.76 7.16 11.82 7.42 9.14 7.65 9.12 6.89 11.15 8.65 11.59 3.91 8.14 3.14 2.93 10.23 7.94 7.59 5.14 10.35 3.16 9.91 6.64 1.65 8.57 7.95 9.72 6.60 9.53 7.12 3.01 5.48 0.57 2.57 4.31 1.93 4.57 9.81 8.24 9.52 1.78 10.38 6.83 8.82 6.57 6.19 7.16 7.53 6.63 6.96 3.88 
0.74 8.44 5.74 8.29 3.17 5.55 6.42 6.83 4.49 4.22 7.26 9.99 4.97 8.69 4.86 7.63 4.26 9.38 8.32 9.62 1.35 5.34 1.32 2.91 8.82 5.51 6.79 4.65 8.35 3.09 7.61 3.94 1.18 7.33 6.59 8.34 3.84 7.43 4.33 4.08 4.45 2.79 1.65 4.34 3.52 4.09 8.72 8.28 7.31 3.60 8.28 4.28 6.87 7.05 6.82 4.36 5.60 4.23 4.44 4.66 
5.87 2.87 5.85 2.61 5.61 7.65 0.70 0.95 5.36 4.01 3.28 4.98 3.94 3.19 7.15 2.08 4.68 4.27 3.07 5.01 4.90 7.02 7.23 4.23 3.11 3.96 1.20 2.24 3.98 4.02 4.52 7.50 6.15 1.44 0.90 2.60 5.43 3.62 6.83 4.96 1.65 6.63 7.57 3.27 5.79 2.67 2.77 3.70 3.95 6.06 4.27 4.24 2.73 3.99 4.22 6.79 2.14 3.64 4.16 4.39 
6.85 3.12 3.19 3.24 7.72 5.42 2.93 3.94 3.41 6.69 6.66 3.67 1.88 6.04 5.16 2.74 2.96 3.22 6.13 3.14 5.21 4.75 7.53 6.31 3.62 1.42 4.42 5.11 1.90 6.19 1.25 6.09 7.30 3.36 2.87 3.41 3.89 0.92 5.07 7.50 4.13 8.38 8.13 6.03 8.01 5.26 4.40 6.97 0.79 8.26 1.73 2.63 0.96 7.36 7.56 5.01 1.42 2.40 2.46 7.20 
7.17 5.36 1.33 5.52 8.67 3.56 5.14 6.16 2.32 8.09 8.73 5.30 1.97 8.33 3.53 5.05 2.40 5.08 8.39 4.56 5.38 2.95 7.29 7.38 5.85 1.63 6.61 6.77 3.65 7.32 2.05 4.80 7.66 5.67 5.11 5.70 3.01 2.83 3.66 8.75 5.77 9.03 8.01 7.53 9.00 6.76 6.71 9.16 2.34 9.22 3.21 2.44 3.27 9.32 9.44 3.59 3.34 2.74 2.32 8.65 
6.88 1.72 4.89 1.67 7.14 7.00 1.22 2.16 4.79 5.73 4.99 3.36 3.18 4.18 6.62 1.03 4.19 2.69 4.29 3.24 5.52 6.33 7.94 5.70 2.17 2.95 2.67 3.98 2.14 5.53 2.79 7.31 7.25 1.50 1.09 1.80 5.09 1.82 6.43 6.64 3.16 8.02 8.42 5.00 7.36 4.32 2.65 5.18 2.22 7.62 2.43 3.76 0.98 5.79 6.05 6.38 1.34 3.28 3.62 6.16 
5.31 3.52 5.92 3.25 4.97 7.58 1.33 1.40 5.30 3.38 3.06 5.61 4.00 3.44 7.03 2.71 4.61 4.90 3.21 5.61 4.46 6.97 6.73 3.59 3.75 4.10 1.42 1.61 4.54 3.39 4.93 7.26 5.57 2.07 1.53 3.24 5.29 4.09 6.68 4.32 1.04 6.00 7.04 2.64 5.15 2.03 3.34 3.66 4.37 5.41 4.80 4.18 3.20 3.64 3.82 6.64 2.38 3.58 4.13 3.78 
5.00 3.64 5.51 3.41 4.85 7.13 1.45 1.77 4.86 3.39 3.47 5.64 3.59 3.88 6.58 2.82 4.17 4.95 3.66 5.58 4.06 6.52 6.37 3.44 3.93 3.73 1.85 1.67 4.45 3.25 4.70 6.81 5.29 2.30 1.65 3.42 4.84 3.92 6.22 4.31 0.85 5.82 6.70 2.67 5.06 1.98 3.64 4.10 4.15 5.32 4.66 3.74 3.03 3.99 4.13 6.19 2.08 3.14 3.69 3.84 
1.79 6.78 5.72 6.58 2.40 6.30 4.64 4.92 4.56 2.49 5.26 8.56 4.33 6.69 5.61 5.95 4.05 7.91 6.30 8.32 1.64 5.90 3.34 1.29 7.11 4.80 4.83 2.63 7.07 1.36 6.67 5.14 2.06 5.52 4.83 6.61 4.09 6.26 5.11 2.73 2.50 2.91 3.54 2.42 2.74 2.08 6.86 6.27 6.26 2.95 7.10 3.87 5.54 5.13 4.95 5.11 4.25 3.54 3.96 3.02 
7.35 1.21 5.91 0.97 7.27 8.00 1.00 1.48 5.77 5.67 4.33 3.35 4.17 3.21 7.61 0.43 5.15 2.64 3.39 3.48 6.16 7.34 8.57 5.87 1.50 3.97 2.01 3.90 2.65 5.68 3.67 8.23 7.68 0.56 0.79 1.00 6.03 2.66 7.39 6.62 3.28 8.27 8.99 4.93 7.46 4.34 1.65 4.36 3.12 7.72 3.07 4.72 1.93 5.22 5.54 7.34 2.27 4.20 4.58 6.03 
5.90 6.13 0.46 6.21 7.65 2.39 5.35 6.33 0.85 7.37 8.59 6.50 1.56 8.59 2.17 5.64 1.21 6.17 8.55 5.83 4.13 1.72 5.85 6.47 6.62 1.70 6.69 6.30 4.76 6.46 3.30 3.32 6.40 6.06 5.38 6.37 1.54 3.81 2.20 7.90 5.35 7.86 6.59 6.91 8.00 6.16 7.29 9.18 3.39 8.20 4.40 1.49 3.94 9.02 9.08 2.13 3.48 2.03 1.47 7.94 
2.71 10.56 9.04 10.33 2.30 8.82 8.37 8.40 7.79 4.25 7.62 12.45 8.04 9.67 8.14 9.73 7.48 11.78 9.16 12.22 4.49 8.66 3.48 3.52 10.84 8.56 8.16 5.71 10.98 3.74 10.53 7.08 2.21 9.17 8.57 10.33 7.16 10.16 7.62 3.44 6.09 1.11 2.83 4.85 2.33 5.15 10.39 8.71 10.15 2.13 11.01 7.43 9.45 6.99 6.58 7.66 8.17 7.25 7.57 4.31 
5.40 5.27 1.45 5.32 6.90 3.30 4.33 5.30 1.12 6.45 7.54 5.93 0.53 7.57 2.93 4.72 0.74 5.52 7.51 5.34 3.61 2.64 5.65 5.65 5.77 0.87 5.65 5.29 4.16 5.61 2.93 3.80 5.88 5.07 4.37 5.47 1.61 3.17 2.79 7.05 4.32 7.25 6.34 5.95 7.24 5.19 6.34 8.13 2.84 7.45 3.88 0.65 3.11 7.99 8.05 2.73 2.47 1.04 0.54 7.01 
3.72 7.93 3.15 7.90 5.97 2.54 6.44 7.22 2.03 6.41 8.69 8.87 3.32 9.43 1.85 7.25 2.25 8.41 9.22 8.30 2.31 2.36 3.14 5.20 8.40 3.82 7.40 6.03 7.10 5.29 5.89 1.28 4.19 7.33 6.55 8.02 1.38 6.11 1.32 6.62 5.34 5.79 3.91 6.22 6.34 5.65 8.73 9.53 5.81 6.47 6.85 2.58 5.89 8.81 8.71 1.35 4.89 2.96 2.75 6.95 
2.42 9.14 5.12 9.04 4.87 4.30 7.32 7.91 3.94 5.88 8.75 10.39 4.95 9.95 3.67 8.37 3.98 9.85 9.64 9.90 2.10 4.27 1.20 4.57 9.57 5.49 7.97 6.07 8.65 4.73 7.62 2.47 2.77 8.25 7.48 9.13 3.26 7.68 3.18 5.79 5.67 4.34 1.97 5.92 5.22 5.56 9.67 9.72 7.45 5.28 8.48 4.18 7.29 8.64 8.44 3.23 6.12 4.37 4.36 6.35 
3.40 7.45 8.07 7.16 1.40 8.82 5.28 5.04 6.98 0.61 3.94 9.55 6.46 6.01 8.13 6.66 6.42 8.85 5.49 9.51 4.13 8.40 5.16 1.24 7.64 6.85 4.70 2.35 8.37 1.18 8.40 7.62 3.28 5.94 5.48 7.12 6.57 7.75 7.63 0.38 3.11 2.65 5.00 1.33 1.39 1.95 6.99 5.02 7.90 1.63 8.54 6.16 6.90 3.37 3.02 7.63 5.75 5.71 6.22 0.69 
2.74 7.56 3.71 7.49 4.92 3.55 5.86 6.55 2.47 5.37 7.78 8.75 3.31 8.70 2.86 6.82 2.38 8.22 8.44 8.25 1.26 3.28 2.55 4.15 8.01 3.86 6.67 5.10 7.01 4.24 5.99 2.27 3.23 6.78 6.00 7.59 1.80 6.03 2.33 5.56 4.49 4.81 3.27 5.21 5.29 4.68 8.19 8.67 5.81 5.43 6.83 2.55 5.66 7.84 7.72 2.35 4.52 2.73 2.72 5.91 
6.13 4.71 1.62 4.80 7.48 3.81 4.08 5.09 1.86 6.84 7.55 5.17 0.76 7.32 3.55 4.24 1.57 4.79 7.33 4.54 4.36 3.15 6.47 6.16 5.21 0.39 5.50 5.52 3.40 6.09 2.10 4.56 6.61 4.72 4.09 4.96 2.43 2.43 3.50 7.51 4.52 7.91 7.15 6.28 7.80 5.50 5.90 8.04 2.05 8.03 3.09 1.41 2.52 8.10 8.21 3.43 2.22 1.55 1.25 7.39 
7.34 1.15 5.63 1.00 7.37 7.74 1.11 1.76 5.53 5.82 4.63 3.17 3.92 3.55 7.37 0.34 4.92 2.46 3.73 3.24 6.08 7.07 8.50 5.96 1.54 3.69 2.30 4.05 2.35 5.77 3.34 8.03 7.68 0.89 0.91 1.10 5.82 2.33 7.16 6.77 3.36 8.33 8.94 5.08 7.57 4.46 1.91 4.68 2.78 7.83 2.74 4.49 1.60 5.50 5.81 7.11 2.05 3.99 4.36 6.20 
3.86 4.68 4.27 4.53 4.49 5.61 2.73 3.36 3.41 3.67 4.91 6.32 2.48 5.52 5.03 3.87 2.73 5.68 5.30 6.04 2.57 5.04 4.97 3.09 5.07 2.82 3.50 2.47 4.79 2.99 4.46 5.17 4.24 3.66 2.89 4.60 3.28 3.98 4.64 4.37 1.55 5.18 5.41 3.12 4.78 2.35 5.07 5.67 4.02 5.03 4.83 2.36 3.26 5.23 5.25 4.61 1.97 1.81 2.36 4.22 
1.44 9.74 7.73 9.53 2.28 7.47 7.58 7.77 6.48 4.06 7.45 11.50 6.83 9.29 6.80 8.91 6.21 10.86 8.82 11.22 3.23 7.31 2.22 3.00 10.06 7.36 7.60 5.19 9.96 3.23 9.39 5.74 0.97 8.45 7.78 9.56 5.84 9.10 6.27 3.48 5.37 1.22 1.68 4.50 2.50 4.60 9.74 8.53 9.05 2.43 9.95 6.19 8.44 6.97 6.63 6.31 7.15 6.06 6.33 4.30 
0.64 8.43 5.82 8.28 3.07 5.64 6.40 6.80 4.56 4.13 7.20 10.00 5.01 8.65 4.95 7.62 4.32 9.39 8.27 9.64 1.39 5.43 1.37 2.83 8.81 5.56 6.76 4.59 8.37 3.01 7.65 4.03 1.08 7.32 6.58 8.33 3.92 7.46 4.42 3.99 4.41 2.69 1.66 4.27 3.42 4.03 8.69 8.22 7.34 3.50 8.30 4.33 6.88 6.98 6.74 4.45 5.61 4.27 4.49 4.57 
7.59 1.35 4.96 1.47 7.92 7.17 1.93 2.74 5.06 6.52 5.61 2.59 3.45 4.52 6.86 1.06 4.52 1.94 4.73 2.45 6.17 6.50 8.58 6.49 1.85 3.10 3.28 4.77 1.39 6.32 2.37 7.68 7.98 1.90 1.76 1.65 5.44 1.35 6.72 7.44 3.96 8.80 9.09 5.79 8.15 5.11 2.68 5.69 1.84 8.42 1.75 4.12 0.84 6.46 6.75 6.67 1.88 3.71 3.96 6.94 
4.81 6.97 1.68 6.99 6.81 1.93 5.80 6.70 0.63 6.85 8.60 7.65 2.20 8.97 1.36 6.37 1.15 7.24 8.84 7.02 3.12 1.41 4.55 5.79 7.46 2.60 6.98 6.08 5.87 5.82 4.54 2.07 5.31 6.62 5.87 7.14 0.43 4.89 1.09 7.24 5.23 6.85 5.30 6.50 7.17 5.83 7.95 9.32 4.53 7.34 5.57 1.59 4.82 8.88 8.87 1.04 4.04 2.16 1.72 7.42 
7.35 5.01 9.15 4.66 5.89 10.78 3.76 2.78 8.52 3.96 0.56 7.21 7.22 1.85 10.22 4.55 7.83 6.55 1.28 7.55 7.13 10.19 9.04 5.03 4.90 7.29 2.27 3.12 6.84 4.81 7.73 10.31 7.42 3.63 3.85 4.51 8.47 6.75 9.83 4.76 3.69 7.14 9.12 3.50 5.87 3.64 3.77 0.55 7.15 6.09 7.24 7.41 5.91 1.50 1.97 9.80 5.48 6.81 7.36 3.89 
4.24 7.23 2.30 7.23 6.31 2.22 5.89 6.74 1.15 6.49 8.45 8.06 2.52 8.99 1.55 6.59 1.44 7.62 8.83 7.47 2.60 1.83 3.92 5.37 7.71 3.00 6.98 5.87 6.28 5.42 5.03 1.75 4.73 6.75 5.99 7.36 0.52 5.29 1.09 6.82 5.08 6.29 4.67 6.20 6.68 5.56 8.12 9.23 4.97 6.84 6.02 1.81 5.13 8.67 8.62 1.07 4.23 2.29 1.97 7.05 
2.66 10.82 8.93 10.60 2.77 8.56 8.64 8.74 7.67 4.71 8.11 12.64 8.04 10.10 7.90 9.99 7.42 11.99 9.60 12.39 4.44 8.44 3.12 3.87 11.12 8.57 8.52 6.08 11.13 4.09 10.60 6.76 2.18 9.47 8.84 10.61 7.02 10.29 7.38 3.95 6.38 1.52 2.41 5.27 2.85 5.50 10.73 9.20 10.24 2.67 11.14 7.40 9.61 7.51 7.12 7.42 8.31 7.27 7.55 4.82 
3.50 5.26 3.73 5.15 4.59 4.88 3.45 4.14 2.74 4.09 5.68 6.72 2.14 6.32 4.27 4.48 2.10 6.12 6.11 6.36 1.97 4.33 4.39 3.28 5.68 2.59 4.30 3.14 5.09 3.23 4.50 4.37 3.94 4.37 3.59 5.24 2.53 4.20 3.86 4.67 2.30 5.09 4.90 3.64 4.91 2.92 5.78 6.46 4.13 5.14 5.05 1.79 3.60 5.94 5.93 3.83 2.33 1.36 1.85 4.66 
9.99 1.59 7.03 1.88 10.06 9.31 3.78 4.08 7.36 8.45 6.64 1.06 5.80 4.75 9.10 2.40 6.89 0.82 5.19 1.77 8.62 8.66 11.04 8.65 1.47 5.37 4.55 6.68 2.24 8.46 3.86 10.04 10.35 3.12 3.58 1.95 7.81 3.13 9.03 9.41 6.06 11.04 11.53 7.71 10.25 7.13 2.58 6.31 3.58 10.51 2.71 6.52 3.20 7.63 8.02 8.96 4.34 6.15 6.35 8.79 
6.48 2.02 5.01 1.89 6.65 7.03 0.78 1.78 4.78 5.22 4.55 3.83 3.20 3.93 6.62 1.22 4.15 3.15 3.99 3.75 5.20 6.37 7.62 5.22 2.42 3.05 2.27 3.47 2.65 5.04 3.21 7.21 6.84 1.34 0.71 1.98 5.02 2.28 6.38 6.14 2.66 7.56 8.07 4.49 6.87 3.81 2.66 4.81 2.63 7.13 2.92 3.71 1.39 5.32 5.57 6.34 1.27 3.18 3.58 5.65 
5.98 2.98 3.69 2.97 6.63 5.73 1.99 3.00 3.50 5.52 5.58 4.22 1.90 5.22 5.33 2.33 2.89 3.63 5.24 3.87 4.46 5.06 6.86 5.19 3.45 1.74 3.43 3.92 2.61 5.06 2.43 6.01 6.39 2.65 1.99 3.10 3.79 1.80 5.13 6.35 2.95 7.36 7.40 4.85 6.90 4.09 3.93 5.98 1.91 7.15 2.64 2.46 1.10 6.23 6.40 5.08 0.24 1.99 2.32 6.02 
1.07 7.42 5.64 7.25 2.55 5.93 5.33 5.68 4.42 3.14 6.07 9.11 4.49 7.49 5.23 6.60 4.02 8.47 7.11 8.81 1.16 5.59 2.53 1.85 7.78 5.00 5.61 3.44 7.55 1.99 6.99 4.59 1.46 6.24 5.52 7.29 3.87 6.68 4.71 3.19 3.27 2.68 2.76 3.18 2.91 2.89 7.60 7.08 6.63 3.07 7.53 3.91 6.03 5.89 5.69 4.72 4.74 3.70 4.04 3.64 
7.12 2.25 4.06 2.36 7.71 6.27 2.27 3.24 4.19 6.49 6.05 3.10 2.60 5.23 5.98 1.87 3.68 2.56 5.37 2.73 5.58 5.60 7.97 6.27 2.75 2.22 3.75 4.80 1.47 6.13 1.71 6.84 7.53 2.56 2.17 2.53 4.61 0.79 5.86 7.36 3.89 8.49 8.53 5.78 7.97 5.05 3.53 6.27 1.14 8.23 1.56 3.30 0.11 6.82 7.06 5.80 1.35 2.95 3.14 6.96 
5.74 4.12 7.20 3.80 4.82 8.78 2.22 1.58 6.53 2.96 1.78 6.34 5.28 2.69 8.21 3.43 5.84 5.63 2.30 6.48 5.25 8.19 7.34 3.63 4.21 5.39 1.15 1.43 5.53 3.40 6.12 8.33 5.90 2.56 2.38 3.72 6.46 5.22 7.83 3.92 1.72 5.99 7.52 2.26 4.91 2.02 3.44 2.48 5.55 5.17 5.85 5.42 4.33 2.39 2.62 7.80 3.65 4.82 5.37 3.19 
7.20 3.29 7.78 2.94 6.30 9.61 2.17 1.15 7.32 4.40 1.97 5.51 5.88 1.29 9.10 2.82 6.64 4.84 1.11 5.81 6.56 8.98 8.74 5.13 3.22 5.86 0.76 2.92 5.10 4.90 6.06 9.40 7.38 1.90 2.21 2.80 7.38 5.07 8.77 5.34 3.00 7.48 8.97 3.74 6.37 3.51 2.19 1.91 5.49 6.62 5.52 6.19 4.25 2.95 3.35 8.73 4.01 5.60 6.11 4.56 
1.85 10.25 7.22 10.09 3.73 6.55 8.20 8.54 5.99 5.34 8.64 11.81 6.69 10.28 5.91 9.43 5.88 11.21 9.87 11.43 3.14 6.50 1.04 4.12 10.62 7.24 8.46 6.17 10.16 4.35 9.36 4.68 1.73 9.10 8.38 10.14 5.31 9.23 5.42 4.89 6.13 2.75 0.27 5.66 3.99 5.59 10.47 9.70 9.10 3.94 10.07 5.97 8.69 8.27 7.96 5.46 7.42 5.99 6.13 5.65 
9.23 0.81 7.06 0.92 9.10 9.29 2.87 2.99 7.19 7.41 5.46 2.13 5.58 3.59 8.99 1.57 6.64 1.58 4.02 2.67 7.99 8.62 10.41 7.72 0.38 5.23 3.42 5.66 2.60 7.52 4.15 9.79 9.56 2.07 2.67 0.90 7.55 3.24 8.85 8.37 5.13 10.13 10.85 6.67 9.26 6.15 1.40 5.12 3.74 9.53 3.12 6.23 2.97 6.45 6.85 8.79 3.86 5.78 6.08 7.71 
3.12 5.50 5.53 5.29 3.17 6.59 3.33 3.58 4.54 2.30 4.23 7.38 3.84 5.41 5.94 4.67 3.91 6.70 5.06 7.20 2.51 6.08 4.60 1.73 5.81 4.21 3.51 1.53 5.99 1.61 5.82 5.78 3.39 4.20 3.53 5.31 4.25 5.26 5.49 2.97 1.17 4.00 4.86 1.83 3.44 1.15 5.52 5.15 5.35 3.69 6.09 3.60 4.47 4.30 4.22 5.48 3.23 3.11 3.64 2.86 
8.51 5.92 10.46 5.58 6.84 12.12 4.97 3.96 9.86 4.97 1.69 8.03 8.54 2.32 11.55 5.59 9.17 7.41 1.91 8.45 8.41 11.52 10.23 6.15 5.72 8.58 3.49 4.39 7.87 5.94 8.89 11.63 8.54 4.70 5.04 5.41 9.80 7.90 11.17 5.65 5.02 8.09 10.26 4.63 6.76 4.89 4.50 0.93 8.32 6.95 8.32 8.74 7.08 2.09 2.52 11.14 6.76 8.14 8.69 4.78 
6.75 1.74 5.36 1.58 6.80 7.40 0.63 1.54 5.15 5.29 4.37 3.70 3.57 3.61 6.99 0.92 4.52 3.00 3.70 3.69 5.51 6.74 7.93 5.38 2.11 3.41 2.05 3.52 2.68 5.19 3.41 7.58 7.09 0.98 0.48 1.64 5.39 2.44 6.76 6.23 2.79 7.75 8.36 4.55 7.01 3.91 2.29 4.56 2.84 7.27 3.01 4.08 1.59 5.19 5.46 6.71 1.64 3.55 3.95 5.69 
2.78 9.12 8.68 8.85 0.66 8.95 6.92 6.81 7.48 2.46 5.77 11.13 7.34 7.88 8.25 8.30 7.03 10.44 7.35 11.01 4.22 8.65 4.28 2.10 9.35 7.81 6.51 4.08 9.81 2.26 9.60 7.44 2.41 7.65 7.12 8.83 6.94 9.09 7.72 1.57 4.65 1.03 3.88 3.13 0.48 3.58 8.78 6.85 9.16 0.25 9.92 6.87 8.30 5.11 4.70 7.74 7.05 6.55 6.97 2.44 
5.15 7.46 1.74 7.50 7.24 1.37 6.35 7.26 1.07 7.37 9.17 8.03 2.69 9.54 0.79 6.88 1.70 7.66 9.41 7.38 3.53 0.91 4.69 6.28 7.95 3.04 7.55 6.65 6.27 6.32 4.86 1.75 5.63 7.16 6.42 7.64 0.98 5.30 0.63 7.73 5.80 7.21 5.46 7.04 7.60 6.37 8.48 9.90 4.91 7.76 5.93 2.14 5.29 9.45 9.42 0.57 4.57 2.72 2.26 7.93 
2.98 9.57 5.19 9.49 5.44 4.11 7.82 8.44 4.08 6.48 9.34 10.74 5.24 10.51 3.53 8.83 4.22 10.23 10.20 10.22 2.67 4.17 1.55 5.17 10.02 5.77 8.52 6.66 8.99 5.33 7.88 2.20 3.30 8.75 7.97 9.59 3.41 8.00 3.08 6.38 6.23 4.84 2.26 6.52 5.77 6.15 10.16 10.31 7.75 5.83 8.79 4.47 7.67 9.24 9.04 3.14 6.53 4.72 4.65 6.94 
6.20 9.95 3.87 9.99 8.60 1.63 8.82 9.70 3.57 9.18 11.41 10.39 5.18 11.96 1.75 9.38 4.18 10.07 11.81 9.69 5.06 2.22 5.04 7.96 10.44 5.51 9.95 8.78 8.65 8.05 7.16 1.56 6.62 9.65 8.90 10.14 3.35 7.71 1.95 9.34 8.04 8.22 5.76 9.00 8.96 8.42 10.98 12.21 7.29 9.06 8.28 4.62 7.77 11.57 11.49 2.00 7.06 5.18 4.75 9.72 
5.97 3.51 6.83 3.20 5.27 8.53 1.63 0.99 6.25 3.46 2.22 5.73 4.91 2.55 7.98 2.81 5.56 5.02 2.28 5.86 5.30 7.91 7.49 4.00 3.63 4.97 0.66 1.79 4.93 3.77 5.57 8.20 6.17 1.96 1.78 3.13 6.25 4.65 7.63 4.43 1.74 6.39 7.73 2.74 5.38 2.36 2.92 2.72 5.00 5.64 5.26 5.13 3.76 2.95 3.21 7.60 3.18 4.53 5.06 3.74 
7.19 1.40 5.91 1.15 7.08 7.98 0.81 1.30 5.73 5.47 4.16 3.55 4.14 3.13 7.57 0.62 5.10 2.84 3.28 3.67 6.03 7.31 8.43 5.69 1.67 3.96 1.84 3.70 2.81 5.49 3.77 8.16 7.51 0.45 0.61 1.16 5.97 2.77 7.34 6.43 3.09 8.08 8.83 4.73 7.27 4.15 1.71 4.23 3.21 7.53 3.21 4.66 2.00 5.04 5.36 7.29 2.22 4.13 4.53 5.83 
9.53 1.04 7.09 1.24 9.46 9.35 3.20 3.38 7.29 7.79 5.87 1.77 5.69 3.97 9.08 1.86 6.76 1.29 4.41 2.38 8.25 8.68 10.67 8.07 0.75 5.32 3.82 6.04 2.48 7.87 4.08 9.92 9.87 2.45 3.00 1.26 7.69 3.22 8.96 8.76 5.48 10.47 11.13 7.05 9.63 6.52 1.79 5.52 3.71 9.90 3.00 6.37 3.06 6.86 7.26 8.90 4.06 5.95 6.21 8.11 
4.58 4.08 3.82 3.98 5.28 5.44 2.36 3.17 3.16 4.36 5.17 5.59 1.93 5.43 4.91 3.31 2.47 4.97 5.29 5.27 3.15 4.82 5.57 3.87 4.51 2.16 3.43 2.98 4.02 3.76 3.67 5.28 4.99 3.26 2.48 4.07 3.19 3.19 4.59 5.11 1.99 5.97 6.06 3.76 5.57 2.98 4.67 5.81 3.22 5.82 4.04 2.04 2.49 5.62 5.70 4.55 1.20 1.44 1.98 4.90 
7.18 2.98 3.36 3.13 8.02 5.63 3.03 4.02 3.67 6.95 6.79 3.37 2.18 6.05 5.39 2.68 3.26 2.96 6.18 2.82 5.54 4.96 7.86 6.60 3.47 1.69 4.52 5.34 1.60 6.47 1.01 6.36 7.62 3.38 2.95 3.31 4.17 0.61 5.33 7.78 4.38 8.70 8.46 6.28 8.30 5.52 4.33 7.05 0.48 8.55 1.40 2.94 0.92 7.52 7.73 5.26 1.67 2.72 2.76 7.45 
5.52 9.64 3.79 9.67 7.92 1.75 8.40 9.25 3.27 8.55 10.86 10.23 4.87 11.50 1.58 9.04 3.82 9.87 11.32 9.56 4.42 2.20 4.37 7.31 10.14 5.25 9.48 8.21 8.47 7.41 7.03 0.92 5.93 9.25 8.49 9.81 2.93 7.50 1.60 8.68 7.50 7.54 5.10 8.39 8.28 7.83 10.61 11.68 7.11 8.38 8.13 4.25 7.49 10.99 10.88 1.65 6.70 4.78 4.39 9.08 
6.60 1.89 5.27 1.72 6.68 7.29 0.58 1.55 5.04 5.19 4.36 3.82 3.46 3.67 6.87 1.07 4.40 3.12 3.74 3.79 5.37 6.63 7.78 5.25 2.26 3.32 2.05 3.42 2.75 5.07 3.41 7.45 6.94 1.08 0.47 1.79 5.26 2.46 6.63 6.12 2.67 7.62 8.21 4.45 6.88 3.80 2.42 4.58 2.84 7.15 3.06 3.96 1.59 5.15 5.42 6.59 1.52 3.42 3.83 5.59 
6.82 3.20 3.11 3.32 7.72 5.34 2.99 4.00 3.33 6.70 6.71 3.74 1.81 6.10 5.08 2.81 2.89 3.30 6.20 3.20 5.17 4.67 7.48 6.30 3.70 1.35 4.48 5.13 1.97 6.18 1.25 6.02 7.27 3.43 2.93 3.49 3.82 0.98 5.00 7.51 4.15 8.37 8.09 6.04 8.00 5.28 4.48 7.03 0.81 8.25 1.78 2.57 1.04 7.40 7.59 4.93 1.44 2.34 2.39 7.21 
8.10 2.34 4.28 2.58 8.76 6.57 3.15 4.03 4.69 7.53 6.89 2.33 3.22 5.80 6.38 2.34 4.30 1.96 6.03 1.79 6.50 5.92 8.85 7.32 2.80 2.73 4.56 5.83 0.56 7.18 1.19 7.39 8.52 3.20 3.01 2.78 5.21 0.43 6.34 8.40 4.93 9.52 9.44 6.82 9.02 6.09 3.85 7.00 0.84 9.28 0.51 3.98 1.13 7.72 7.98 6.28 2.38 3.74 3.80 7.99 
1.54 7.74 4.81 7.61 3.74 4.76 5.81 6.34 3.55 4.39 7.13 9.18 4.04 8.34 4.06 6.95 3.31 8.60 8.01 8.77 0.53 4.50 1.90 3.11 8.15 4.59 6.37 4.45 7.51 3.24 6.70 3.33 2.04 6.74 5.98 7.68 2.92 6.57 3.54 4.46 4.05 3.60 2.46 4.35 4.10 3.95 8.14 8.10 6.43 4.23 7.41 3.34 6.05 7.06 6.88 3.56 4.81 3.32 3.50 4.90 
2.50 6.47 6.31 6.24 2.13 7.10 4.27 4.37 5.22 1.62 4.39 8.40 4.74 5.96 6.42 5.64 4.65 7.72 5.53 8.24 2.54 6.66 4.17 0.70 6.75 5.16 4.20 1.84 7.03 0.61 6.85 6.03 2.64 5.09 4.48 6.24 4.82 6.31 5.93 2.05 2.00 3.00 4.28 1.50 2.40 1.26 6.36 5.42 6.39 2.65 7.14 4.40 5.51 4.21 4.02 5.93 4.27 3.98 4.46 2.17 
2.47 9.94 8.75 9.70 1.61 8.71 7.74 7.75 7.51 3.55 6.93 11.87 7.64 8.97 8.02 9.12 7.15 11.19 8.46 11.67 4.19 8.50 3.58 2.88 10.21 8.14 7.49 5.04 10.44 3.09 10.07 7.04 1.99 8.54 7.95 9.70 6.91 9.65 7.49 2.74 5.46 0.49 3.03 4.16 1.63 4.49 9.74 8.01 9.66 1.44 10.50 7.07 8.91 6.29 5.90 7.52 7.64 6.84 7.19 3.61 
7.57 5.86 9.86 5.51 5.87 11.42 4.58 3.62 9.18 4.00 0.89 8.06 7.94 2.56 10.82 5.41 8.49 7.40 2.01 8.40 7.54 10.83 9.30 5.20 5.74 8.04 3.10 3.54 7.69 4.99 8.56 10.83 7.58 4.48 4.68 5.36 9.08 7.59 10.42 4.68 4.26 7.12 9.31 3.69 5.79 4.00 4.59 0.93 7.98 5.99 8.10 8.08 6.74 1.13 1.58 10.40 6.25 7.48 8.04 3.82 
8.49 3.35 3.83 3.61 9.40 6.11 4.14 5.05 4.50 8.31 7.90 2.76 3.26 6.86 6.02 3.39 4.25 2.63 7.08 2.00 6.81 5.48 9.06 7.98 3.78 2.71 5.58 6.67 1.29 7.85 0.59 7.17 8.95 4.25 4.01 3.81 5.11 1.10 6.07 9.15 5.72 10.06 9.70 7.63 9.68 6.88 4.88 8.04 0.90 9.93 0.77 4.02 2.00 8.70 8.95 6.00 3.04 3.93 3.85 8.80 
8.78 5.67 10.45 5.33 7.19 12.17 4.88 3.86 9.89 5.29 1.92 7.73 8.53 2.02 11.62 5.39 9.20 7.13 1.70 8.19 8.59 11.56 10.48 6.43 5.44 8.55 3.42 4.58 7.67 6.21 8.75 11.75 8.82 4.53 4.93 5.16 9.87 7.74 11.25 6.01 5.14 8.44 10.54 4.90 7.12 5.10 4.21 0.95 8.18 7.32 8.12 8.77 6.95 2.47 2.92 11.22 6.71 8.17 8.71 5.14 
5.35 3.82 6.43 3.53 4.76 8.03 1.71 1.44 5.77 3.05 2.55 5.98 4.51 3.17 7.47 3.05 5.08 5.27 2.88 6.03 4.68 7.43 6.86 3.44 4.00 4.64 1.25 1.30 5.00 3.22 5.46 7.63 5.57 2.30 1.90 3.49 5.72 4.60 7.10 4.01 1.11 5.86 7.11 2.31 4.91 1.82 3.43 3.21 4.90 5.17 5.28 4.66 3.70 3.10 3.28 7.07 2.92 4.06 4.61 3.39 
3.71 5.62 2.99 5.55 5.15 4.05 4.01 4.80 1.93 4.85 6.49 6.84 1.68 7.03 3.45 4.89 1.33 6.29 6.85 6.39 1.97 3.50 4.26 3.94 6.07 2.21 5.01 3.97 5.13 3.92 4.29 3.64 4.19 4.91 4.13 5.66 1.70 4.18 3.05 5.37 3.12 5.50 4.86 4.44 5.50 3.73 6.31 7.25 4.01 5.71 5.00 1.11 3.73 6.77 6.75 3.02 2.57 0.92 1.22 5.42 
3.66 6.41 7.43 6.13 2.25 8.40 4.25 4.02 6.42 0.47 3.24 8.53 5.71 5.13 7.73 5.63 5.80 7.82 4.64 8.50 3.92 7.93 5.41 1.29 6.61 6.05 3.70 1.32 7.37 1.08 7.48 7.40 3.67 4.90 4.45 6.09 6.09 6.79 7.25 1.41 2.13 3.45 5.40 0.31 2.34 0.97 5.98 4.31 6.96 2.59 7.57 5.49 5.93 2.90 2.67 7.25 4.82 5.00 5.53 0.99 
1.19 9.17 7.50 8.96 1.72 7.43 7.00 7.15 6.25 3.43 6.82 10.98 6.47 8.65 6.74 8.34 5.92 10.32 8.19 10.72 2.94 7.22 2.48 2.36 9.48 6.99 6.98 4.56 9.47 2.59 8.98 5.80 0.71 7.85 7.20 8.98 5.64 8.63 6.22 2.90 4.77 0.92 2.10 3.86 1.98 3.97 9.14 7.90 8.60 1.97 9.49 5.87 7.95 6.35 6.02 6.24 6.65 5.68 6.00 3.69 
8.35 0.14 6.20 0.31 8.35 8.41 2.07 2.44 6.27 6.74 5.17 2.33 4.66 3.65 8.09 0.69 5.71 1.64 3.97 2.60 7.07 7.74 9.49 6.94 0.61 4.34 2.94 4.97 2.08 6.75 3.47 8.86 8.69 1.46 1.87 0.50 6.62 2.49 7.93 7.70 4.35 9.33 9.95 6.00 8.53 5.42 1.56 5.03 3.00 8.80 2.58 5.30 2.08 6.12 6.47 7.88 2.92 4.84 5.15 7.09 
1.70 9.49 8.00 9.27 1.59 7.93 7.31 7.40 6.75 3.46 6.87 11.35 6.94 8.80 7.24 8.67 6.42 10.68 8.31 11.12 3.44 7.72 2.87 2.54 9.79 7.45 7.19 4.75 9.87 2.76 9.42 6.28 1.21 8.14 7.51 9.28 6.14 9.05 6.72 2.81 5.05 0.49 2.40 3.97 1.78 4.17 9.39 7.96 9.04 1.70 9.90 6.35 8.34 6.34 5.98 6.74 7.05 6.15 6.48 3.65 
1.54 8.87 5.50 8.74 3.99 4.99 6.94 7.44 4.27 5.06 8.05 10.28 5.02 9.39 4.33 8.08 4.16 9.71 9.04 9.85 1.66 4.87 0.80 3.75 9.28 5.57 7.44 5.40 8.59 3.93 7.70 3.25 1.89 7.86 7.10 8.81 3.59 7.64 3.81 4.93 5.11 3.48 1.47 5.16 4.33 4.86 9.27 9.05 7.46 4.40 8.46 4.28 7.15 7.88 7.65 3.85 5.92 4.35 4.45 5.51 
6.55 3.23 7.16 2.90 5.79 8.94 1.66 0.73 6.65 3.95 2.14 5.47 5.25 2.00 8.42 2.61 5.97 4.77 1.79 5.68 5.86 8.31 8.07 4.55 3.27 5.26 0.20 2.34 4.84 4.33 5.64 8.69 6.75 1.70 1.76 2.79 6.69 4.68 8.08 4.91 2.31 6.94 8.31 3.25 5.89 2.92 2.44 2.41 5.06 6.15 5.21 5.53 3.82 3.01 3.34 8.05 3.42 4.93 5.45 4.18 
7.58 1.88 6.98 1.54 7.11 8.99 1.43 0.91 6.72 5.33 3.36 4.12 5.17 2.03 8.55 1.47 6.07 3.44 2.23 4.41 6.63 8.33 8.96 5.79 1.85 5.03 1.26 3.63 3.76 5.58 4.86 9.05 7.84 0.66 1.34 1.41 6.90 3.84 8.29 6.29 3.31 8.21 9.30 4.60 7.24 4.17 1.08 3.24 4.30 7.50 4.20 5.62 3.10 4.33 4.70 8.25 3.23 5.06 5.51 5.59 
3.95 4.63 5.30 4.42 3.97 6.64 2.47 2.79 4.45 2.80 3.91 6.53 3.47 4.77 6.04 3.81 3.78 5.85 4.48 6.38 3.08 6.08 5.34 2.53 4.95 3.76 2.79 1.43 5.19 2.37 5.15 6.08 4.24 3.35 2.67 4.44 4.29 4.51 5.63 3.61 0.54 4.86 5.65 2.17 4.21 1.39 4.70 4.73 4.65 4.47 5.32 3.40 3.69 4.19 4.21 5.60 2.50 2.84 3.40 3.32 
2.11 10.42 7.20 10.27 4.05 6.42 8.40 8.77 5.98 5.64 8.93 11.95 6.76 10.55 5.80 9.62 5.91 11.35 10.14 11.55 3.27 6.41 0.98 4.42 10.81 7.31 8.70 6.44 10.28 4.64 9.44 4.53 2.04 9.31 8.58 10.33 5.29 9.34 5.32 5.21 6.37 3.07 0.34 5.95 4.31 5.86 10.68 9.99 9.19 4.27 10.18 6.02 8.82 8.57 8.27 5.37 7.56 6.07 6.19 5.97 
5.93 7.02 0.86 7.10 7.89 1.50 6.18 7.15 1.04 7.82 9.29 7.36 2.39 9.42 1.34 6.52 1.70 7.05 9.35 6.67 4.23 0.83 5.61 6.82 7.52 2.58 7.49 6.90 5.63 6.83 4.13 2.64 6.42 6.92 6.22 7.26 1.49 4.69 1.51 8.27 5.98 7.96 6.37 7.42 8.25 6.70 8.17 9.93 4.26 8.42 5.25 2.10 4.83 9.67 9.69 1.44 4.32 2.70 2.15 8.39 
2.73 10.67 9.05 10.44 2.46 8.79 8.48 8.53 7.80 4.41 7.79 12.55 8.09 9.82 8.12 9.85 7.51 11.88 9.31 12.32 4.52 8.64 3.41 3.65 10.96 8.61 8.30 5.85 11.07 3.87 10.60 7.03 2.24 9.30 8.68 10.45 7.16 10.24 7.60 3.60 6.21 1.25 2.74 5.00 2.49 5.28 10.53 8.87 10.22 2.30 11.10 7.47 9.54 7.16 6.75 7.63 8.25 7.30 7.61 4.47 
6.45 2.27 4.36 2.25 6.87 6.44 1.46 2.47 4.22 5.58 5.20 3.72 2.61 4.62 6.05 1.61 3.61 3.08 4.68 3.49 5.03 5.77 7.45 5.43 2.74 2.40 2.95 3.89 2.28 5.27 2.57 6.74 6.84 1.98 1.40 2.38 4.51 1.71 5.85 6.47 2.99 7.70 7.95 4.87 7.12 4.15 3.21 5.50 2.00 7.38 2.45 3.19 0.82 5.94 6.16 5.80 0.78 2.71 3.05 6.05 
1.61 7.42 4.72 7.29 3.63 4.84 5.48 6.00 3.48 4.15 6.82 8.89 3.83 8.00 4.14 6.62 3.17 8.30 7.68 8.50 0.21 4.53 2.22 2.89 7.82 4.38 6.03 4.13 7.23 3.00 6.47 3.51 2.11 6.41 5.65 7.36 2.87 6.30 3.62 4.27 3.71 3.60 2.73 4.07 3.99 3.64 7.81 7.78 6.18 4.14 7.15 3.16 5.77 6.76 6.60 3.63 4.51 3.09 3.31 4.67 
7.01 5.54 9.28 5.19 5.40 10.81 4.10 3.18 8.58 3.49 0.32 7.76 7.37 2.51 10.22 5.03 7.90 7.09 1.93 8.06 6.94 10.23 8.73 4.65 5.46 7.48 2.65 2.93 7.28 4.43 8.08 10.22 7.04 4.09 4.21 5.05 8.47 7.13 9.81 4.23 3.65 6.65 8.76 3.13 5.34 3.40 4.37 1.07 7.50 5.55 7.67 7.48 6.26 0.84 1.32 9.79 5.71 6.89 7.45 3.36 
5.07 8.96 3.24 8.98 7.42 1.51 7.70 8.54 2.60 7.94 10.18 9.60 4.19 10.79 1.09 8.35 3.13 9.22 10.62 8.95 3.83 1.77 4.10 6.73 9.45 4.58 8.77 7.54 7.83 6.82 6.43 0.44 5.51 8.55 7.79 9.12 2.23 6.86 0.94 8.13 6.81 7.12 4.86 7.75 7.78 7.17 9.91 10.99 6.48 7.90 7.51 3.55 6.82 10.33 10.24 1.01 6.00 4.07 3.70 8.48 
6.34 9.06 2.85 9.12 8.62 0.56 8.09 9.01 2.77 8.98 10.93 9.38 4.35 11.29 0.99 8.54 3.44 9.09 11.18 8.66 4.95 1.22 5.44 7.82 9.55 4.61 9.31 8.37 7.66 7.88 6.13 1.78 6.79 8.87 8.15 9.28 2.73 6.74 1.43 9.25 7.55 8.40 6.20 8.71 8.99 8.07 10.16 11.66 6.30 9.12 7.27 3.88 6.87 11.18 11.13 1.44 6.27 4.47 3.98 9.53 
2.99 5.80 5.93 5.57 2.78 6.91 3.61 3.75 4.91 1.89 4.09 7.73 4.26 5.46 6.26 4.97 4.29 7.04 5.07 7.57 2.63 6.43 4.57 1.34 6.09 4.64 3.62 1.41 6.37 1.20 6.24 6.02 3.20 4.44 3.81 5.58 4.59 5.66 5.79 2.55 1.35 3.67 4.76 1.49 3.04 0.91 5.73 5.07 5.76 3.29 6.49 4.00 4.86 4.07 3.95 5.78 3.63 3.52 4.04 2.46 
2.46 7.88 4.10 7.80 4.73 3.80 6.13 6.77 2.86 5.32 7.87 9.11 3.70 8.88 3.11 7.13 2.79 8.58 8.61 8.63 1.20 3.58 2.15 4.06 8.32 4.25 6.87 5.18 7.38 4.17 6.39 2.34 2.93 7.05 6.27 7.89 2.18 6.41 2.58 5.44 4.64 4.53 2.87 5.21 5.09 4.73 8.46 8.79 6.19 5.22 7.22 2.94 6.01 7.88 7.73 2.61 4.85 3.10 3.12 5.84 
9.23 2.32 5.26 2.65 9.78 7.55 3.85 4.57 5.79 8.44 7.41 1.27 4.37 5.99 7.42 2.69 5.43 1.18 6.31 0.63 7.66 6.91 10.02 8.34 2.63 3.86 5.10 6.70 0.65 8.18 1.99 8.49 9.65 3.63 3.67 2.83 6.34 1.59 7.42 9.35 5.86 10.59 10.60 7.72 10.03 7.02 3.85 7.35 1.89 10.29 0.85 5.13 2.17 8.31 8.63 7.35 3.47 4.90 4.95 8.88 
2.08 7.16 6.73 6.92 1.48 7.32 4.96 5.03 5.58 1.63 4.79 9.09 5.27 6.51 6.63 6.33 5.06 8.41 6.06 8.92 2.60 6.93 3.82 0.32 7.44 5.71 4.83 2.41 7.71 0.51 7.47 6.10 2.12 5.77 5.16 6.92 5.12 6.96 6.12 1.71 2.69 2.31 3.82 1.81 1.79 1.82 7.02 5.85 7.02 2.03 7.80 4.85 6.18 4.48 4.23 6.13 4.93 4.48 4.94 2.10 
8.68 0.20 6.49 0.42 8.63 8.71 2.36 2.64 6.59 7.00 5.29 2.19 4.98 3.63 8.40 1.01 6.03 1.52 3.99 2.55 7.41 8.04 9.83 7.24 0.32 4.65 3.11 5.23 2.21 7.04 3.68 9.18 9.01 1.67 2.16 0.52 6.95 2.72 8.25 7.96 4.64 9.63 10.28 6.26 8.81 5.69 1.47 5.07 3.23 9.08 2.72 5.62 2.38 6.26 6.62 8.20 3.26 5.17 5.47 7.33 
6.38 5.02 8.48 4.68 4.97 10.00 3.40 2.55 7.77 3.03 0.53 7.26 6.56 2.49 9.41 4.44 7.09 6.57 1.94 7.50 6.20 9.42 8.08 4.07 5.01 6.69 2.02 2.18 6.65 3.84 7.36 9.44 6.45 3.51 3.53 4.56 7.67 6.43 9.01 3.87 2.85 6.21 8.15 2.54 4.97 2.69 4.01 1.52 6.79 5.20 7.01 6.67 5.55 1.19 1.54 8.99 4.94 6.08 6.64 3.02 
5.67 3.63 6.61 3.33 5.03 8.26 1.61 1.17 5.99 3.27 2.39 5.82 4.68 2.86 7.71 2.89 5.30 5.11 2.58 5.91 4.99 7.65 7.18 3.73 3.78 4.77 0.94 1.55 4.92 3.51 5.47 7.91 5.88 2.08 1.78 3.27 5.97 4.58 7.35 4.24 1.43 6.14 7.43 2.54 5.16 2.10 3.15 2.97 4.90 5.42 5.23 4.87 3.69 3.04 3.26 7.32 3.01 4.27 4.81 3.58 
3.66 7.42 8.25 7.13 1.62 9.03 5.26 4.98 7.17 0.56 3.74 9.55 6.61 5.86 8.35 6.64 6.59 8.84 5.33 9.52 4.36 8.61 5.42 1.47 7.59 6.98 4.62 2.33 8.40 1.39 8.48 7.86 3.54 5.89 5.47 7.08 6.78 7.81 7.85 0.46 3.15 2.87 5.26 1.30 1.57 1.99 6.90 4.82 7.97 1.79 8.59 6.32 6.95 3.13 2.77 7.85 5.82 5.87 6.38 0.44 
6.08 6.24 9.14 5.91 4.28 10.46 4.48 3.73 8.31 2.45 1.28 8.49 7.27 3.63 9.83 5.62 7.64 7.79 3.05 8.69 6.26 9.92 7.83 3.70 6.25 7.46 3.22 2.45 7.79 3.50 8.37 9.67 6.06 4.71 4.64 5.79 8.10 7.49 9.38 3.09 3.37 5.53 7.79 2.26 4.19 2.75 5.26 2.28 7.80 4.39 8.12 7.26 6.59 0.48 0.36 9.37 5.83 6.69 7.25 2.22 
7.50 2.22 7.19 1.88 6.93 9.16 1.56 0.80 6.88 5.11 3.03 4.45 5.35 1.75 8.70 1.80 6.22 3.77 1.90 4.75 6.62 8.51 8.93 5.64 2.17 5.24 1.02 3.45 4.09 5.42 5.16 9.16 7.75 0.94 1.51 1.74 7.03 4.15 8.42 6.07 3.22 8.05 9.24 4.40 7.04 4.01 1.27 2.90 4.60 7.30 4.53 5.77 3.39 4.00 4.38 8.38 3.41 5.20 5.67 5.35 
4.42 8.98 3.63 8.97 6.80 2.19 7.57 8.37 2.78 7.43 9.83 9.79 4.27 10.59 1.66 8.33 3.19 9.36 10.37 9.17 3.30 2.34 3.39 6.18 9.46 4.73 8.56 7.15 8.01 6.29 6.69 0.27 4.84 8.45 7.68 9.10 2.26 7.03 1.31 7.56 6.49 6.45 4.14 7.29 7.16 6.75 9.84 10.68 6.68 7.27 7.72 3.57 6.89 9.92 9.80 1.38 5.97 4.02 3.73 7.96 
5.15 6.06 1.21 6.10 6.89 2.58 5.02 5.96 0.33 6.66 8.06 6.70 1.29 8.24 2.16 5.49 0.48 6.30 8.15 6.08 3.37 1.94 5.17 5.73 6.55 1.66 6.28 5.68 4.93 5.72 3.62 3.02 5.64 5.80 5.08 6.25 0.92 3.94 2.00 7.17 4.75 7.10 5.90 6.23 7.24 5.50 7.10 8.71 3.59 7.44 4.63 0.87 3.90 8.44 8.46 1.94 3.20 1.47 0.93 7.23 
9.05 2.41 5.01 2.72 9.65 7.30 3.80 4.56 5.55 8.34 7.42 1.52 4.13 6.06 7.17 2.71 5.20 1.39 6.36 0.86 7.46 6.66 9.81 8.21 2.75 3.62 5.09 6.61 0.50 8.05 1.74 8.25 9.47 3.64 3.63 2.91 6.10 1.38 7.17 9.24 5.76 10.44 10.40 7.62 9.90 6.92 3.94 7.39 1.64 10.16 0.60 4.90 2.02 8.30 8.60 7.10 3.30 4.68 4.72 8.79 
7.06 2.08 6.61 1.75 6.64 8.57 0.97 0.47 6.29 4.90 3.24 4.32 4.76 2.31 8.11 1.48 5.62 3.62 2.39 4.53 6.10 7.92 8.44 5.31 2.17 4.66 0.96 3.17 3.74 5.09 4.69 8.57 7.33 0.55 0.93 1.67 6.44 3.69 7.83 5.87 2.79 7.72 8.77 4.17 6.79 3.69 1.58 3.29 4.12 7.05 4.14 5.18 2.88 4.16 4.49 7.79 2.82 4.61 5.07 5.20 
5.61 2.98 4.26 2.89 6.03 6.16 1.44 2.40 3.88 4.82 4.85 4.58 2.37 4.67 5.70 2.22 3.22 3.93 4.63 4.34 4.23 5.51 6.66 4.59 3.41 2.35 2.78 3.18 3.12 4.44 3.16 6.23 5.99 2.26 1.51 2.98 4.06 2.44 5.44 5.67 2.23 6.84 7.13 4.13 6.29 3.38 3.64 5.31 2.63 6.54 3.24 2.77 1.61 5.48 5.65 5.39 0.54 2.21 2.66 5.31 
9.44 2.18 5.61 2.51 9.92 7.90 3.88 4.54 6.11 8.53 7.36 0.92 4.66 5.83 7.76 2.65 5.74 0.87 6.18 0.44 7.90 7.26 10.27 8.48 2.44 4.17 5.06 6.77 0.89 8.31 2.33 8.81 9.85 3.57 3.69 2.68 6.65 1.88 7.75 9.45 5.97 10.76 10.84 7.80 10.15 7.12 3.67 7.24 2.21 10.42 1.19 5.43 2.37 8.27 8.60 7.68 3.66 5.17 5.25 8.94 
2.63 10.44 8.96 10.21 2.19 8.77 8.25 8.28 7.71 4.13 7.51 12.33 7.94 9.55 8.09 9.62 7.40 11.66 9.04 12.12 4.41 8.60 3.46 3.40 10.73 8.46 8.04 5.59 10.87 3.62 10.43 7.04 2.14 9.06 8.45 10.21 7.08 10.06 7.57 3.33 5.97 0.99 2.82 4.73 2.22 5.03 10.28 8.60 10.05 2.02 10.91 7.34 9.34 6.88 6.48 7.60 8.06 7.16 7.48 4.20 
4.41 5.17 2.50 5.15 5.78 3.92 3.79 4.66 1.65 5.33 6.64 6.25 0.98 6.93 3.40 4.49 0.97 5.73 6.81 5.76 2.67 3.32 4.91 4.51 5.65 1.51 4.94 4.25 4.51 4.47 3.60 3.86 4.89 4.64 3.87 5.27 1.69 3.54 3.09 5.91 3.32 6.18 5.54 4.85 6.12 4.10 6.01 7.31 3.35 6.33 4.35 0.57 3.17 7.01 7.04 3.05 2.13 0.23 0.60 5.90 
5.12 8.80 3.05 8.83 7.45 1.35 7.57 8.43 2.43 7.92 10.10 9.42 4.03 10.68 0.89 8.20 2.98 9.05 10.52 8.77 3.83 1.58 4.21 6.72 9.29 4.42 8.67 7.48 7.66 6.81 6.25 0.58 5.57 8.41 7.66 8.97 2.09 6.69 0.76 8.13 6.73 7.18 4.97 7.72 7.81 7.12 9.77 10.91 6.30 7.93 7.32 3.41 6.65 10.27 10.19 0.83 5.85 3.94 3.55 8.47 
4.67 4.51 6.42 4.23 4.02 7.84 2.34 2.18 5.63 2.36 2.70 6.62 4.54 3.78 7.24 3.72 4.95 5.92 3.42 6.62 4.14 7.27 6.23 2.70 4.72 4.74 1.97 0.59 5.54 2.48 5.83 7.27 4.86 3.01 2.55 4.20 5.50 5.04 6.84 3.31 0.68 5.11 6.44 1.62 4.18 1.07 4.17 3.55 5.28 4.44 5.77 4.56 4.15 3.02 3.09 6.81 3.19 3.98 4.54 2.76 
5.07 6.77 8.81 6.45 3.14 9.90 4.79 4.23 7.86 1.41 2.34 8.99 7.01 4.61 9.25 6.07 7.22 8.28 4.05 9.10 5.46 9.41 6.84 2.72 6.86 7.28 3.77 2.15 8.09 2.55 8.46 8.95 5.00 5.21 4.97 6.37 7.57 7.66 8.77 1.94 3.15 4.39 6.74 1.50 3.05 2.20 5.99 3.39 7.91 3.24 8.36 6.88 6.76 1.62 1.25 8.77 5.82 6.35 6.90 1.09 
9.61 1.40 6.52 1.73 9.79 8.81 3.53 3.94 6.86 8.23 6.61 0.87 5.31 4.86 8.60 2.14 6.40 0.35 5.26 1.41 8.21 8.15 10.62 8.36 1.45 4.88 4.43 6.45 1.73 8.18 3.35 9.54 9.99 2.96 3.32 1.85 7.33 2.63 8.53 9.18 5.78 10.73 11.13 7.48 9.98 6.88 2.66 6.36 3.07 10.25 2.21 6.04 2.73 7.58 7.95 8.46 3.91 5.68 5.87 8.59 
3.89 5.13 6.22 4.88 3.35 7.45 2.93 2.93 5.32 1.91 3.27 7.17 4.41 4.55 6.82 4.32 4.66 6.47 4.17 7.10 3.46 6.91 5.47 1.97 5.38 4.70 2.75 0.58 5.95 1.76 6.05 6.72 4.08 3.69 3.14 4.86 5.10 5.35 6.38 2.79 0.70 4.38 5.66 1.23 3.54 0.47 4.92 4.20 5.53 3.80 6.13 4.30 4.49 3.38 3.34 6.36 3.38 3.76 4.31 2.40 
7.21 2.42 3.89 2.55 7.87 6.13 2.52 3.49 4.09 6.69 6.30 3.08 2.52 5.48 5.86 2.09 3.61 2.58 5.63 2.65 5.64 5.46 8.01 6.44 2.91 2.11 4.00 5.02 1.38 6.30 1.46 6.76 7.63 2.81 2.42 2.73 4.54 0.57 5.76 7.55 4.09 8.62 8.58 5.99 8.14 5.25 3.75 6.52 0.88 8.39 1.39 3.25 0.36 7.07 7.30 5.70 1.48 2.94 3.08 7.17 
2.64 5.97 5.60 5.77 2.81 6.49 3.82 4.07 4.54 2.24 4.56 7.82 4.01 5.86 5.82 5.15 3.95 7.15 5.50 7.62 2.16 6.02 4.15 1.42 6.29 4.42 3.98 1.87 6.39 1.34 6.14 5.55 2.90 4.69 4.01 5.79 4.18 5.63 5.35 2.78 1.65 3.56 4.38 1.93 3.11 1.39 6.01 5.53 5.69 3.35 6.47 3.68 4.87 4.54 4.42 5.34 3.60 3.25 3.74 2.81 
2.01 8.75 5.05 8.65 4.45 4.46 6.90 7.46 3.84 5.40 8.26 10.07 4.70 9.48 3.80 7.98 3.79 9.52 9.16 9.61 1.64 4.36 1.16 4.09 9.18 5.25 7.51 5.58 8.35 4.25 7.39 2.72 2.40 7.83 7.06 8.73 3.15 7.39 3.29 5.34 5.20 4.00 1.91 5.43 4.80 5.07 9.24 9.24 7.18 4.88 8.20 3.95 6.96 8.15 7.95 3.33 5.76 4.08 4.12 5.87 
4.43 5.29 7.05 5.00 3.39 8.32 3.16 2.86 6.18 1.58 2.49 7.44 5.21 4.07 7.69 4.52 5.51 6.73 3.62 7.46 4.24 7.78 6.10 2.22 5.46 5.47 2.53 0.33 6.38 1.98 6.65 7.57 4.55 3.76 3.36 4.95 5.96 5.88 7.25 2.55 1.32 4.56 6.21 0.85 3.49 0.71 4.81 3.49 6.11 3.75 6.62 5.15 4.99 2.52 2.48 7.23 4.00 4.59 5.15 1.93 
8.36 3.83 8.98 3.50 7.25 10.86 3.32 2.33 8.57 5.30 2.18 5.90 7.10 0.19 10.36 3.60 7.89 5.29 0.41 6.35 7.82 10.22 9.96 6.19 3.60 7.04 2.04 4.04 5.85 5.96 7.00 10.68 8.51 2.79 3.32 3.32 8.65 5.99 10.04 6.19 4.25 8.47 10.14 4.72 7.27 4.62 2.37 1.44 6.45 7.51 6.32 7.45 5.24 3.17 3.64 10.01 5.19 6.86 7.36 5.35 
5.04 5.39 7.71 5.08 3.71 9.03 3.39 2.87 6.87 1.77 1.82 7.60 5.84 3.66 8.40 4.67 6.20 6.89 3.15 7.69 4.95 8.48 6.74 2.73 5.50 6.06 2.44 1.01 6.69 2.50 7.10 8.29 5.11 3.83 3.57 5.00 6.67 6.27 7.97 2.70 1.94 4.93 6.81 1.20 3.75 1.40 4.71 2.86 6.55 3.99 6.97 5.82 5.38 1.80 1.79 7.95 4.49 5.25 5.81 1.92 
8.60 2.24 4.72 2.53 9.21 7.02 3.42 4.23 5.19 7.92 7.10 1.83 3.74 5.84 6.85 2.42 4.81 1.54 6.11 1.27 7.02 6.37 9.38 7.77 2.65 3.24 4.76 6.20 0.14 7.62 1.50 7.89 9.03 3.34 3.26 2.72 5.72 0.96 6.83 8.81 5.33 9.99 9.96 7.20 9.46 6.49 3.79 7.12 1.29 9.72 0.38 4.50 1.57 7.96 8.25 6.76 2.85 4.26 4.32 8.37 
2.28 10.77 8.00 10.60 3.64 7.34 8.67 8.95 6.76 5.42 8.80 12.41 7.40 10.57 6.71 9.95 6.62 11.79 10.13 12.06 3.80 7.30 1.84 4.31 11.13 7.95 8.82 6.46 10.79 4.54 10.06 5.47 2.00 9.57 8.86 10.64 6.08 9.88 6.21 4.85 6.53 2.50 1.07 5.83 3.84 5.87 10.90 9.88 9.77 3.75 10.73 6.70 9.30 8.34 8.00 6.26 8.02 6.68 6.86 5.67 
7.94 5.48 9.84 5.14 6.35 11.48 4.40 3.40 9.22 4.45 1.09 7.64 7.92 2.03 10.91 5.10 8.53 7.00 1.52 8.03 7.79 10.88 9.65 5.59 5.33 7.97 2.90 3.77 7.38 5.37 8.34 11.00 7.98 4.19 4.47 4.98 9.17 7.36 10.53 5.18 4.38 7.60 9.70 4.06 6.29 4.28 4.14 0.41 7.77 6.50 7.81 8.11 6.53 1.68 2.15 10.50 6.15 7.51 8.05 4.31 
2.65 5.86 5.20 5.67 3.14 6.10 3.74 4.09 4.13 2.64 4.82 7.63 3.63 5.99 5.44 5.03 3.55 6.98 5.66 7.40 1.90 5.63 4.05 1.78 6.20 4.06 4.06 2.13 6.15 1.73 5.83 5.21 2.98 4.64 3.93 5.70 3.79 5.36 4.97 3.17 1.71 3.80 4.35 2.30 3.45 1.70 6.00 5.76 5.39 3.68 6.21 3.28 4.62 4.86 4.76 4.96 3.34 2.86 3.35 3.21 
2.13 10.52 8.29 10.32 2.90 7.85 8.37 8.55 7.03 4.76 8.17 12.27 7.50 10.04 7.19 9.69 6.81 11.62 9.57 11.97 3.87 7.74 2.38 3.76 10.85 8.03 8.38 5.96 10.71 3.99 10.10 6.03 1.71 9.23 8.56 10.34 6.37 9.83 6.68 4.11 6.15 1.69 1.67 5.24 3.06 5.37 10.53 9.25 9.76 2.94 10.69 6.83 9.19 7.64 7.28 6.72 7.90 6.74 6.98 4.95 
7.11 3.54 7.91 3.20 6.14 9.70 2.34 1.33 7.41 4.22 1.71 5.77 6.00 1.33 9.18 3.06 6.73 5.09 1.03 6.07 6.53 9.07 8.68 5.00 3.48 6.00 0.87 2.80 5.34 4.76 6.27 9.44 7.28 2.13 2.40 3.06 7.45 5.28 8.84 5.15 2.97 7.33 8.89 3.58 6.20 3.39 2.44 1.71 5.70 6.45 5.75 6.29 4.45 2.69 3.09 8.80 4.16 5.69 6.21 4.36 
6.54 3.67 7.54 3.33 5.61 9.26 2.13 1.20 6.98 3.72 1.67 5.91 5.62 1.90 8.72 3.08 6.29 5.22 1.56 6.14 5.98 8.65 8.12 4.44 3.68 5.66 0.67 2.24 5.31 4.21 6.11 8.94 6.71 2.15 2.23 3.22 6.99 5.15 8.37 4.66 2.42 6.79 8.32 3.05 5.69 2.83 2.77 2.00 5.53 5.94 5.69 5.86 4.28 2.55 2.89 8.34 3.84 5.26 5.79 3.89 
6.01 3.85 7.21 3.53 5.13 8.86 2.04 1.31 6.59 3.27 1.81 6.08 5.28 2.43 8.30 3.18 5.90 5.38 2.08 6.24 5.46 8.25 7.58 3.93 3.93 5.37 0.85 1.72 5.33 3.70 5.99 8.47 6.18 2.29 2.18 3.44 6.56 5.07 7.93 4.23 1.90 6.30 7.78 2.58 5.22 2.31 3.13 2.38 5.41 5.48 5.67 5.47 4.18 2.53 2.80 7.90 3.59 4.87 5.42 3.49 
5.19 8.39 2.58 8.42 7.45 1.09 7.21 8.09 2.00 7.81 9.86 8.97 3.61 10.36 0.48 7.80 2.58 8.60 10.21 8.31 3.77 1.16 4.42 6.64 8.88 3.98 8.35 7.27 7.21 6.71 5.78 0.96 5.65 8.04 7.29 8.56 1.74 6.24 0.34 8.07 6.48 7.26 5.19 7.56 7.82 6.94 9.38 10.64 5.84 7.95 6.87 3.02 6.23 10.07 10.01 0.39 5.47 3.57 3.15 8.37 
9.18 1.22 6.06 1.57 9.42 8.34 3.20 3.71 6.39 7.90 6.46 1.08 4.83 4.84 8.13 1.85 5.92 0.38 5.21 1.34 7.75 7.68 10.16 7.99 1.43 4.40 4.22 6.13 1.32 7.81 2.93 9.07 9.56 2.73 3.00 1.72 6.85 2.16 8.05 8.85 5.42 10.33 10.68 7.16 9.63 6.54 2.66 6.29 2.62 9.89 1.82 5.56 2.26 7.41 7.76 7.99 3.46 5.21 5.39 8.28 
7.65 0.85 5.73 0.75 7.69 7.88 1.43 2.00 5.70 6.13 4.84 2.86 4.08 3.62 7.53 0.15 5.11 2.15 3.85 2.96 6.37 7.21 8.79 6.28 1.26 3.81 2.53 4.36 2.15 6.09 3.27 8.24 7.99 1.06 1.23 0.88 6.01 2.26 7.34 7.08 3.68 8.65 9.24 5.39 7.89 4.78 1.81 4.84 2.74 8.15 2.58 4.69 1.63 5.74 6.06 7.29 2.27 4.20 4.54 6.51 
8.12 6.24 10.44 5.89 6.34 12.01 5.09 4.11 9.77 4.51 1.48 8.40 8.52 2.76 11.42 5.84 9.08 7.76 2.27 8.78 8.13 11.42 9.86 5.74 6.08 8.60 3.60 4.13 8.13 5.53 9.06 11.42 8.11 4.93 5.18 5.73 9.67 8.08 11.01 5.14 4.85 7.59 9.85 4.24 6.24 4.58 4.89 1.17 8.48 6.43 8.55 8.66 7.23 1.59 1.97 10.99 6.80 8.07 8.62 4.28 
9.71 1.22 7.15 1.45 9.67 9.41 3.40 3.60 7.38 8.01 6.09 1.61 5.79 4.17 9.15 2.05 6.87 1.19 4.62 2.25 8.41 8.74 10.83 8.28 0.96 5.40 4.04 6.25 2.47 8.08 4.08 10.02 10.05 2.66 3.20 1.47 7.79 3.25 9.05 8.97 5.68 10.67 11.30 7.27 9.84 6.72 2.00 5.73 3.73 10.11 2.97 6.48 3.16 7.08 7.48 8.99 4.19 6.07 6.31 8.32 
6.00 9.95 3.95 9.99 8.40 1.75 8.78 9.64 3.56 9.02 11.30 10.45 5.18 11.90 1.78 9.37 4.16 10.11 11.73 9.76 4.90 2.31 4.81 7.78 10.45 5.52 9.88 8.66 8.70 7.89 7.23 1.39 6.40 9.61 8.86 10.13 3.30 7.75 1.92 9.16 7.94 8.00 5.52 8.85 8.76 8.29 10.96 12.12 7.34 8.86 8.34 4.59 7.79 11.45 11.35 1.97 7.04 5.14 4.73 9.56 
7.96 1.44 6.96 1.09 7.57 9.04 1.65 1.38 6.79 5.82 3.84 3.64 5.21 2.29 8.63 1.21 6.16 2.98 2.58 3.98 6.93 8.38 9.29 6.24 1.36 5.02 1.76 4.10 3.42 6.02 4.63 9.21 8.24 0.72 1.50 0.94 7.02 3.62 8.40 6.78 3.71 8.66 9.66 5.09 7.71 4.63 0.70 3.64 4.10 7.97 3.89 5.72 2.96 4.81 5.20 8.35 3.28 5.18 5.60 6.09 
7.56 0.96 5.88 0.76 7.53 8.01 1.25 1.74 5.80 5.94 4.58 3.08 4.19 3.37 7.63 0.15 5.19 2.37 3.59 3.21 6.33 7.34 8.74 6.12 1.29 3.95 2.27 4.16 2.42 5.93 3.51 8.30 7.89 0.79 1.04 0.84 6.09 2.50 7.43 6.89 3.53 8.51 9.18 5.19 7.72 4.60 1.65 4.58 2.97 7.98 2.85 4.77 1.83 5.48 5.81 7.38 2.32 4.26 4.63 6.30 
1.31 9.55 7.62 9.35 2.14 7.41 7.40 7.58 6.37 3.89 7.28 11.33 6.69 9.10 6.73 8.73 6.08 10.68 8.64 11.05 3.10 7.24 2.23 2.82 9.88 7.22 7.41 5.01 9.79 3.05 9.24 5.71 0.82 8.26 7.60 9.37 5.73 8.94 6.21 3.33 5.18 1.14 1.75 4.32 2.37 4.42 9.56 8.36 8.89 2.32 9.79 6.05 8.27 6.81 6.47 6.24 6.98 5.91 6.20 4.14 
2.02 10.03 8.35 9.81 2.06 8.15 7.85 7.95 7.10 3.97 7.38 11.87 7.37 9.33 7.47 9.20 6.80 11.21 8.84 11.63 3.81 7.98 2.88 3.08 10.33 7.89 7.74 5.29 10.38 3.31 9.89 6.43 1.53 8.68 8.05 9.82 6.47 9.54 6.94 3.27 5.59 0.82 2.29 4.50 2.19 4.72 9.94 8.47 9.52 2.06 10.39 6.75 8.85 6.82 6.44 6.98 7.56 6.59 6.89 4.12 
8.07 3.98 8.91 3.65 6.91 10.75 3.27 2.25 8.45 4.97 1.82 6.10 7.01 0.53 10.23 3.69 7.77 5.48 0.05 6.52 7.58 10.11 9.69 5.88 3.79 6.98 1.90 3.74 5.96 5.65 7.06 10.51 8.21 2.83 3.29 3.48 8.51 6.05 9.90 5.85 4.01 8.14 9.86 4.39 6.93 4.33 2.59 1.15 6.49 7.17 6.42 7.33 5.27 2.82 3.29 9.86 5.13 6.73 7.25 5.00 
7.67 1.31 6.56 0.97 7.39 8.63 1.30 1.27 6.39 5.68 3.95 3.55 4.80 2.60 8.23 0.87 5.76 2.86 2.83 3.81 6.59 7.97 8.97 6.03 1.37 4.61 1.73 3.94 3.14 5.82 4.28 8.81 7.96 0.38 1.14 0.87 6.62 3.27 7.99 6.65 3.47 8.44 9.35 4.94 7.54 4.44 1.06 3.85 3.74 7.81 3.59 5.32 2.57 4.89 5.25 7.95 2.88 4.78 5.19 5.99 
3.61 5.06 5.60 4.84 3.50 6.81 2.88 3.09 4.68 2.36 3.85 6.99 3.82 4.94 6.18 4.23 4.03 6.31 4.60 6.85 2.94 6.28 5.09 2.06 5.36 4.14 3.02 1.21 5.66 1.90 5.61 6.12 3.87 3.73 3.08 4.85 4.46 4.98 5.75 3.15 0.67 4.41 5.35 1.77 3.74 1.01 5.04 4.74 5.11 4.00 5.79 3.68 4.16 4.01 3.98 5.73 2.96 3.15 3.69 2.90 
3.34 7.16 7.80 6.88 1.56 8.59 4.98 4.77 6.73 0.39 3.80 9.25 6.18 5.81 7.91 6.36 6.15 8.55 5.30 9.21 3.94 8.16 5.10 1.06 7.36 6.55 4.44 2.06 8.06 0.96 8.09 7.45 3.26 5.65 5.18 6.84 6.33 7.44 7.41 0.68 2.81 2.79 5.00 1.06 1.60 1.65 6.72 4.89 7.59 1.85 8.24 5.88 6.59 3.30 2.98 7.41 5.44 5.43 5.94 0.74 
5.48 7.92 1.97 7.97 7.64 0.86 6.87 7.78 1.56 7.85 9.69 8.41 3.16 10.06 0.28 7.37 2.21 8.06 9.94 7.73 3.93 0.59 4.87 6.73 8.42 3.48 8.07 7.16 6.66 6.78 5.20 1.58 5.95 7.67 6.93 8.12 1.50 5.70 0.50 8.18 6.32 7.55 5.64 7.54 8.01 6.88 8.98 10.42 5.29 8.16 6.30 2.66 5.75 9.96 9.93 0.45 5.07 3.24 2.76 8.41 
5.05 5.28 7.62 4.97 3.77 8.96 3.27 2.76 6.79 1.84 1.82 7.49 5.75 3.59 8.34 4.56 6.12 6.78 3.10 7.58 4.92 8.41 6.75 2.76 5.40 5.97 2.34 0.95 6.57 2.53 7.00 8.25 5.13 3.73 3.46 4.90 6.61 6.16 7.91 2.78 1.86 4.99 6.82 1.24 3.82 1.38 4.62 2.85 6.44 4.07 6.86 5.74 5.27 1.86 1.87 7.89 4.39 5.17 5.73 2.01 
6.31 3.86 7.50 3.52 5.36 9.17 2.20 1.34 6.90 3.46 1.59 6.10 5.57 2.12 8.62 3.24 6.21 5.40 1.75 6.30 5.79 8.56 7.90 4.20 3.89 5.64 0.82 2.00 5.44 3.96 6.17 8.80 6.48 2.32 2.32 3.42 6.88 5.23 8.26 4.41 2.23 6.54 8.09 2.80 5.43 2.59 3.01 2.06 5.60 5.68 5.80 5.78 4.36 2.40 2.72 8.23 3.84 5.18 5.72 3.64 
6.70 5.65 0.78 5.78 8.30 3.06 5.21 6.23 1.77 7.83 8.69 5.77 1.71 8.44 2.99 5.27 1.92 5.50 8.46 5.05 4.91 2.43 6.76 7.04 6.15 1.53 6.64 6.60 4.07 7.00 2.52 4.23 7.19 5.81 5.20 5.95 2.46 3.19 3.09 8.44 5.61 8.61 7.48 7.30 8.64 6.54 6.94 9.18 2.71 8.85 3.66 2.03 3.50 9.22 9.32 3.03 3.36 2.42 1.94 8.39 
6.74 5.73 0.74 5.86 8.35 3.00 5.30 6.31 1.78 7.90 8.78 5.83 1.79 8.53 2.94 5.36 1.97 5.57 8.55 5.11 4.95 2.37 6.77 7.11 6.23 1.61 6.73 6.68 4.14 7.07 2.58 4.20 7.23 5.90 5.29 6.04 2.47 3.26 3.06 8.51 5.69 8.65 7.50 7.38 8.70 6.62 7.02 9.27 2.79 8.91 3.72 2.09 3.59 9.30 9.40 3.00 3.45 2.49 2.00 8.46 
2.20 10.52 7.28 10.37 4.12 6.48 8.50 8.87 6.06 5.72 9.02 12.04 6.85 10.64 5.87 9.71 5.99 11.45 10.23 11.64 3.36 6.48 1.07 4.50 10.91 7.40 8.80 6.53 10.38 4.72 9.53 4.59 2.12 9.41 8.68 10.43 5.37 9.44 5.39 5.28 6.46 3.12 0.44 6.03 4.37 5.95 10.78 10.07 9.28 4.32 10.27 6.11 8.92 8.65 8.35 5.44 7.66 6.17 6.28 6.04 
7.43 4.40 2.26 4.58 8.68 4.54 4.43 5.44 3.00 7.88 8.14 4.29 2.05 7.52 4.45 4.16 2.86 4.06 7.63 3.57 5.67 3.91 7.78 7.32 4.88 1.53 5.92 6.41 2.63 7.23 1.04 5.63 7.91 4.85 4.37 4.76 3.64 1.84 4.51 8.62 5.41 9.18 8.46 7.26 8.99 6.49 5.80 8.47 1.34 9.23 2.19 2.73 2.40 8.80 8.97 4.44 2.78 2.83 2.57 8.41 
1.94 9.98 8.26 9.77 2.08 8.05 7.81 7.92 7.01 3.97 7.38 11.81 7.29 9.32 7.37 9.15 6.71 11.15 8.83 11.56 3.72 7.88 2.79 3.06 10.29 7.81 7.71 5.27 10.31 3.29 9.81 6.33 1.44 8.64 8.01 9.78 6.38 9.48 6.85 3.28 5.55 0.85 2.20 4.49 2.22 4.69 9.90 8.47 9.45 2.10 10.33 6.67 8.79 6.83 6.46 6.88 7.49 6.51 6.81 4.14 
6.45 2.48 4.02 2.49 7.00 6.13 1.81 2.82 3.94 5.79 5.54 3.72 2.32 4.97 5.77 1.88 3.36 3.12 5.04 3.42 4.96 5.46 7.37 5.56 2.96 2.08 3.30 4.12 2.17 5.41 2.27 6.50 6.86 2.33 1.76 2.64 4.27 1.47 5.59 6.65 3.19 7.78 7.90 5.09 7.25 4.35 3.52 5.85 1.71 7.51 2.27 2.94 0.64 6.25 6.47 5.53 0.67 2.50 2.79 6.26 
8.35 3.34 3.72 3.59 9.26 6.00 4.05 4.98 4.37 8.19 7.82 2.85 3.11 6.81 5.90 3.34 4.11 2.69 7.02 2.11 6.66 5.37 8.91 7.84 3.78 2.57 5.50 6.55 1.31 7.72 0.45 7.04 8.80 4.19 3.93 3.79 4.97 1.01 5.94 9.02 5.60 9.92 9.55 7.50 9.55 6.75 4.86 7.97 0.76 9.80 0.80 3.88 1.90 8.61 8.85 5.87 2.91 3.79 3.70 8.68 
0.73 9.22 6.89 9.04 2.59 6.62 7.11 7.39 5.63 4.10 7.40 10.90 6.05 9.07 5.94 8.40 5.39 10.26 8.64 10.57 2.43 6.45 1.53 2.88 9.57 6.59 7.28 4.95 9.31 3.10 8.66 4.91 0.49 8.00 7.30 9.07 4.99 8.42 5.42 3.71 4.98 1.85 1.25 4.41 2.89 4.37 9.34 8.46 8.33 2.90 9.27 5.39 7.80 7.03 6.73 5.45 6.51 5.30 5.54 4.44 
7.34 4.22 2.35 4.39 8.54 4.64 4.22 5.24 3.02 7.71 7.94 4.18 1.96 7.32 4.52 3.96 2.83 3.93 7.43 3.47 5.59 4.00 7.73 7.17 4.70 1.42 5.72 6.23 2.49 7.08 0.94 5.67 7.81 4.65 4.17 4.58 3.64 1.67 4.56 8.46 5.23 9.06 8.40 7.09 8.85 6.31 5.61 8.27 1.17 9.09 2.07 2.67 2.20 8.60 8.78 4.50 2.59 2.72 2.51 8.24 
2.19 9.47 8.40 9.24 1.18 8.45 7.28 7.28 7.17 3.13 6.52 11.41 7.23 8.54 7.76 8.65 6.78 10.73 8.03 11.22 3.85 8.21 3.50 2.41 9.75 7.73 7.03 4.58 9.99 2.62 9.63 6.84 1.74 8.07 7.48 9.23 6.58 9.20 7.23 2.36 5.00 0.14 3.03 3.72 1.27 4.03 9.27 7.61 9.22 1.13 10.05 6.68 8.46 5.92 5.54 7.25 7.18 6.44 6.80 3.23 
6.20 4.21 7.70 3.88 5.12 9.32 2.51 1.70 7.05 3.20 1.31 6.45 5.78 2.27 8.75 3.59 6.37 5.75 1.83 6.65 5.78 8.72 7.82 4.02 4.24 5.87 1.18 1.87 5.78 3.79 6.48 8.87 6.34 2.67 2.65 3.77 7.00 5.55 8.37 4.14 2.26 6.32 7.98 2.57 5.18 2.45 3.34 1.94 5.91 5.43 6.13 5.94 4.67 2.06 2.37 8.34 4.09 5.34 5.89 3.35 
3.76 5.40 6.43 5.14 3.08 7.59 3.20 3.15 5.49 1.63 3.26 7.45 4.64 4.68 6.95 4.59 4.84 6.75 4.27 7.38 3.46 7.07 5.39 1.73 5.64 4.95 2.94 0.58 6.24 1.51 6.32 6.80 3.92 3.95 3.41 5.12 5.24 5.64 6.50 2.50 0.98 4.15 5.54 0.97 3.26 0.19 5.14 4.23 5.81 3.53 6.42 4.50 4.78 3.28 3.21 6.49 3.66 3.97 4.52 2.13 
2.93 9.61 5.28 9.53 5.38 4.21 7.84 8.45 4.16 6.44 9.33 10.79 5.30 10.51 3.62 8.86 4.28 10.27 10.20 10.28 2.67 4.26 1.46 5.13 10.05 5.83 8.52 6.65 9.04 5.29 7.95 2.29 3.23 8.77 7.99 9.62 3.49 8.06 3.17 6.33 6.23 4.77 2.17 6.49 5.71 6.14 10.18 10.30 7.81 5.76 8.84 4.53 7.71 9.21 9.01 3.23 6.57 4.77 4.71 6.90 
4.99 6.16 8.29 5.84 3.32 9.48 4.17 3.63 7.39 1.40 2.02 8.38 6.46 4.17 8.84 5.45 6.73 7.67 3.62 8.47 5.18 8.97 6.74 2.61 6.26 6.72 3.18 1.58 7.46 2.41 7.85 8.62 4.98 4.60 4.35 5.76 7.14 7.04 8.38 2.18 2.58 4.57 6.71 1.17 3.29 1.74 5.42 3.11 7.30 3.51 7.74 6.38 6.14 1.57 1.36 8.37 5.22 5.83 6.39 1.32 
6.39 2.87 6.64 2.56 5.85 8.46 1.12 0.36 6.17 4.08 2.66 5.09 4.73 2.39 7.95 2.19 5.49 4.39 2.26 5.25 5.57 7.83 7.85 4.54 2.99 4.73 0.40 2.37 4.35 4.32 5.11 8.28 6.63 1.31 1.24 2.48 6.24 4.15 7.63 5.05 2.11 6.95 8.13 3.35 5.98 2.91 2.34 2.95 4.53 6.24 4.71 5.04 3.28 3.49 3.79 7.59 2.89 4.45 4.96 4.38 
5.06 4.85 7.23 4.54 4.01 8.64 2.81 2.35 6.44 2.14 1.96 7.04 5.34 3.43 8.03 4.11 5.76 6.33 2.98 7.12 4.77 8.07 6.71 2.86 4.98 5.54 1.96 0.75 6.10 2.63 6.52 8.01 5.19 3.29 2.99 4.47 6.29 5.69 7.61 3.09 1.48 5.19 6.84 1.45 4.09 1.31 4.25 2.90 5.97 4.35 6.38 5.37 4.79 2.21 2.29 7.59 3.93 4.79 5.35 2.38 
2.29 10.52 8.54 10.31 2.65 8.19 8.35 8.49 7.29 4.56 7.97 12.32 7.68 9.90 7.52 9.70 7.04 11.67 9.42 12.05 4.07 8.06 2.76 3.64 10.84 8.21 8.29 5.85 10.80 3.87 10.24 6.40 1.82 9.20 8.55 10.33 6.64 9.94 7.01 3.85 6.11 1.40 2.08 5.08 2.77 5.27 10.47 9.05 9.89 2.62 10.79 7.03 9.27 7.40 7.03 7.04 7.98 6.91 7.17 4.71 
6.29 5.39 0.91 5.50 7.84 3.17 4.81 5.82 1.52 7.35 8.24 5.69 1.24 8.05 2.99 4.96 1.53 5.37 8.06 5.01 4.51 2.51 6.43 6.58 5.89 1.10 6.23 6.12 3.95 6.53 2.48 4.13 6.79 5.45 4.82 5.67 2.19 3.01 3.02 7.97 5.14 8.18 7.15 6.83 8.18 6.06 6.62 8.75 2.58 8.39 3.58 1.58 3.22 8.76 8.85 2.95 2.95 1.95 1.48 7.91 
5.65 3.34 6.22 3.05 5.20 7.92 1.23 1.05 5.64 3.53 2.81 5.49 4.29 3.05 7.38 2.56 4.95 4.78 2.84 5.54 4.84 7.30 7.10 3.86 3.53 4.36 1.03 1.76 4.53 3.64 5.05 7.64 5.90 1.83 1.42 3.02 5.65 4.16 7.04 4.49 1.37 6.27 7.39 2.79 5.36 2.25 3.03 3.34 4.48 5.63 4.82 4.51 3.27 3.47 3.69 7.00 2.59 3.92 4.45 3.88 
3.22 9.53 4.98 9.46 5.67 3.83 7.82 8.47 3.90 6.66 9.46 10.64 5.12 10.57 3.26 8.79 4.08 10.14 10.28 10.10 2.76 3.91 1.84 5.35 9.98 5.64 8.57 6.77 8.88 5.51 7.74 1.91 3.56 8.74 7.96 9.56 3.24 7.89 2.82 6.59 6.30 5.11 2.56 6.67 6.02 6.28 10.16 10.41 7.62 6.08 8.66 4.35 7.59 9.38 9.20 2.88 6.48 4.64 4.53 7.14 
9.74 2.84 5.47 3.18 10.36 7.74 4.45 5.16 6.10 9.04 8.00 1.28 4.75 6.51 7.65 3.28 5.79 1.50 6.85 0.46 8.14 7.11 10.47 8.92 3.11 4.22 5.69 7.29 1.21 8.76 2.20 8.79 10.17 4.21 4.27 3.35 6.68 2.05 7.69 9.94 6.45 11.15 11.07 8.31 10.61 7.61 4.34 7.91 2.24 10.86 1.21 5.52 2.73 8.90 9.22 7.62 4.01 5.34 5.34 9.47 
4.45 4.10 4.19 3.97 5.00 5.75 2.22 2.95 3.48 4.01 4.82 5.73 2.30 5.18 5.20 3.30 2.79 5.09 5.02 5.46 3.12 5.14 5.54 3.57 4.50 2.54 3.16 2.60 4.22 3.45 3.99 5.49 4.83 3.15 2.37 4.04 3.47 3.44 4.85 4.78 1.61 5.73 5.99 3.39 5.27 2.61 4.56 5.49 3.51 5.53 4.28 2.37 2.69 5.25 5.33 4.82 1.41 1.77 2.33 4.54 
8.35 2.62 4.24 2.88 9.07 6.54 3.52 4.40 4.75 7.87 7.26 2.29 3.34 6.14 6.38 2.68 4.40 2.03 6.37 1.65 6.72 5.89 9.05 7.64 3.06 2.82 4.93 6.18 0.60 7.50 1.02 7.45 8.78 3.56 3.38 3.08 5.30 0.65 6.37 8.74 5.27 9.81 9.65 7.16 9.34 6.43 4.15 7.35 0.84 9.59 0.21 4.11 1.47 8.08 8.35 6.31 2.68 3.91 3.93 8.34 
5.38 6.72 1.06 6.77 7.29 1.87 5.73 6.67 0.45 7.21 8.74 7.24 1.97 8.95 1.49 6.17 1.14 6.87 8.86 6.58 3.65 1.23 5.17 6.21 7.21 2.28 6.99 6.31 5.48 6.22 4.07 2.53 5.87 6.50 5.78 6.92 0.92 4.51 1.43 7.66 5.41 7.39 5.92 6.81 7.65 6.10 7.79 9.41 4.12 7.83 5.14 1.56 4.54 9.09 9.10 1.36 3.90 2.16 1.64 7.78 
10.35 2.72 6.36 3.07 10.78 8.64 4.66 5.22 6.95 9.34 7.97 0.56 5.54 6.26 8.54 3.34 6.60 1.17 6.66 0.55 8.80 8.01 11.17 9.34 2.84 5.03 5.73 7.58 1.79 9.17 3.08 9.64 10.75 4.23 4.46 3.21 7.50 2.76 8.56 10.27 6.81 11.64 11.75 8.61 11.01 7.95 4.06 7.75 3.05 11.27 2.00 6.30 3.27 8.92 9.27 8.49 4.56 6.07 6.13 9.74 
9.78 1.82 6.35 2.17 10.07 8.64 3.85 4.35 6.77 8.56 7.07 0.43 5.27 5.35 8.46 2.50 6.35 0.28 5.75 0.93 8.32 7.99 10.72 8.64 1.93 4.80 4.85 6.79 1.54 8.46 3.10 9.47 10.17 3.36 3.65 2.30 7.27 2.50 8.43 9.50 6.07 10.97 11.26 7.82 10.28 7.19 3.15 6.84 2.91 10.54 1.95 6.01 2.78 8.02 8.38 8.36 4.02 5.70 5.84 8.94 
2.76 7.53 7.65 7.26 0.99 8.28 5.33 5.21 6.53 1.02 4.43 9.57 6.12 6.39 7.59 6.72 5.99 8.87 5.89 9.47 3.56 7.89 4.52 0.73 7.76 6.54 4.93 2.49 8.29 0.78 8.20 7.03 2.65 6.06 5.54 7.24 6.08 7.62 7.08 0.75 3.08 2.19 4.38 1.57 1.14 1.98 7.19 5.51 7.73 1.40 8.43 5.76 6.79 3.93 3.61 7.09 5.59 5.35 5.83 1.31 
10.59 2.82 6.63 3.16 10.99 8.91 4.82 5.35 7.22 9.52 8.06 0.58 5.80 6.29 8.81 3.49 6.87 1.27 6.71 0.82 9.05 8.28 11.43 9.55 2.90 5.30 5.85 7.75 2.05 9.38 3.35 9.91 10.99 4.36 4.63 3.29 7.77 3.03 8.83 10.46 7.00 11.86 12.00 8.78 11.21 8.14 4.10 7.81 3.32 11.47 2.27 6.57 3.51 9.02 9.38 8.76 4.80 6.33 6.39 9.91 
5.69 3.45 3.28 3.44 6.50 5.27 2.39 3.38 3.02 5.52 5.85 4.59 1.43 5.63 4.86 2.81 2.41 4.03 5.62 4.18 4.11 4.61 6.49 5.08 3.93 1.35 3.78 4.00 2.91 4.97 2.46 5.54 6.12 3.10 2.41 3.58 3.31 2.02 4.65 6.30 3.01 7.17 7.05 4.88 6.79 4.10 4.40 6.32 2.01 7.03 2.87 1.99 1.47 6.45 6.59 4.60 0.51 1.53 1.85 6.04 
4.81 3.81 3.96 3.71 5.41 5.65 2.09 2.93 3.36 4.40 5.02 5.36 2.04 5.19 5.14 3.04 2.68 4.73 5.07 5.07 3.40 5.02 5.82 3.98 4.24 2.22 3.20 2.93 3.82 3.86 3.57 5.54 5.20 2.99 2.21 3.79 3.43 3.03 4.82 5.18 1.93 6.14 6.31 3.77 5.69 2.99 4.39 5.62 3.10 5.94 3.87 2.24 2.29 5.51 5.61 4.79 1.00 1.64 2.17 4.93 
0.72 8.24 5.66 8.09 3.09 5.54 6.22 6.63 4.40 4.07 7.08 9.81 4.83 8.50 4.85 7.44 4.14 9.20 8.13 9.45 1.20 5.31 1.51 2.75 8.63 5.37 6.60 4.46 8.18 2.93 7.46 3.97 1.20 7.14 6.40 8.15 3.77 7.26 4.32 3.96 4.25 2.79 1.84 4.17 3.45 3.91 8.52 8.10 7.15 3.54 8.11 4.15 6.69 6.88 6.65 4.34 5.42 4.08 4.30 4.52 
7.16 2.87 3.46 3.01 7.97 5.72 2.91 3.90 3.74 6.88 6.68 3.32 2.23 5.93 5.48 2.56 3.31 2.89 6.06 2.79 5.54 5.05 7.87 6.55 3.36 1.76 4.40 5.26 1.55 6.42 1.10 6.43 7.60 3.25 2.83 3.19 4.23 0.57 5.40 7.71 4.30 8.66 8.47 6.20 8.25 5.45 4.21 6.94 0.55 8.50 1.40 2.98 0.80 7.42 7.63 5.34 1.60 2.74 2.81 7.38 
1.37 7.15 5.30 6.98 2.85 5.65 5.09 5.48 4.08 3.27 6.04 8.80 4.13 7.37 4.95 6.33 3.66 8.17 7.01 8.48 0.89 5.30 2.65 2.01 7.52 4.64 5.45 3.37 7.22 2.12 6.64 4.39 1.79 6.00 5.27 7.03 3.55 6.34 4.44 3.41 3.11 3.04 2.97 3.22 3.22 2.85 7.38 7.03 6.29 3.39 7.20 3.56 5.71 5.93 5.75 4.45 4.41 3.34 3.68 3.79 
2.41 9.17 8.44 8.92 0.73 8.62 6.97 6.92 7.22 2.67 6.05 11.15 7.17 8.10 7.92 8.35 6.80 10.46 7.59 10.99 3.93 8.34 3.86 2.10 9.43 7.65 6.65 4.20 9.77 2.29 9.50 7.08 2.01 7.74 7.17 8.91 6.66 9.02 7.39 1.87 4.69 0.62 3.45 3.30 0.77 3.67 8.91 7.13 9.07 0.64 9.86 6.66 8.25 5.43 5.04 7.42 6.99 6.38 6.77 2.74 
3.28 6.13 3.20 6.06 4.91 3.94 4.46 5.20 2.02 4.81 6.72 7.38 2.13 7.40 3.29 5.39 1.55 6.83 7.19 6.92 1.50 3.45 3.73 3.78 6.58 2.68 5.37 4.11 5.66 3.80 4.79 3.29 3.77 5.37 4.59 6.16 1.61 4.70 2.85 5.23 3.34 5.15 4.35 4.47 5.26 3.81 6.78 7.53 4.53 5.45 5.53 1.47 4.26 6.92 6.87 2.83 3.09 1.42 1.61 5.37 
4.24 5.03 2.86 4.98 5.50 4.26 3.53 4.38 2.00 4.99 6.29 6.23 1.22 6.64 3.71 4.32 1.32 5.68 6.50 5.78 2.54 3.66 4.87 4.20 5.49 1.71 4.63 3.89 4.52 4.15 3.73 4.09 4.71 4.40 3.63 5.10 1.98 3.57 3.38 5.59 2.97 5.94 5.46 4.50 5.83 3.75 5.79 6.98 3.42 6.05 4.40 0.93 3.12 6.65 6.68 3.34 1.98 0.44 0.95 5.55 
1.25 8.07 6.93 7.86 1.29 7.19 5.90 6.03 5.72 2.48 5.79 9.93 5.69 7.55 6.50 7.25 5.29 9.27 7.09 9.71 2.45 6.88 2.99 1.28 8.38 6.18 5.85 3.44 8.47 1.50 8.08 5.76 1.14 6.74 6.10 7.87 5.17 7.67 5.97 2.18 3.65 1.49 2.87 2.81 1.65 2.85 8.01 6.85 7.68 1.79 8.51 5.16 6.94 5.40 5.11 5.99 5.66 4.89 5.27 2.84 
7.56 1.95 7.02 1.60 7.07 9.02 1.45 0.88 6.75 5.29 3.30 4.18 5.20 1.97 8.58 1.54 6.10 3.50 2.16 4.48 6.62 8.37 8.96 5.76 1.92 5.07 1.21 3.59 3.82 5.54 4.92 9.07 7.82 0.71 1.37 1.47 6.93 3.90 8.32 6.25 3.29 8.17 9.28 4.56 7.20 4.14 1.11 3.17 4.36 7.46 4.27 5.65 3.16 4.26 4.64 8.27 3.26 5.09 5.54 5.54 
1.55 10.02 7.61 9.84 2.88 7.18 7.90 8.15 6.36 4.61 7.98 11.72 6.85 9.75 6.52 9.20 6.15 11.09 9.31 11.40 3.22 7.07 1.76 3.49 10.37 7.40 8.01 5.64 10.13 3.72 9.47 5.39 1.20 8.79 8.10 9.87 5.70 9.24 6.00 4.07 5.74 1.82 1.12 5.01 3.11 5.05 10.11 9.05 9.15 3.04 10.09 6.18 8.62 7.53 7.20 6.04 7.33 6.10 6.33 4.87 
2.25 6.26 5.35 6.08 2.85 6.10 4.15 4.48 4.23 2.61 5.07 8.03 3.87 6.34 5.42 5.44 3.68 7.38 5.98 7.78 1.66 5.65 3.68 1.58 6.61 4.32 4.43 2.38 6.53 1.58 6.16 5.09 2.57 5.04 4.34 6.11 3.82 5.72 4.93 3.02 2.08 3.43 3.96 2.38 3.18 1.89 6.40 6.03 5.74 3.40 6.57 3.46 5.01 5.03 4.90 4.93 3.72 3.08 3.54 3.17 
4.37 5.38 7.08 5.09 3.30 8.32 3.25 2.95 6.19 1.49 2.53 7.52 5.25 4.15 7.69 4.61 5.53 6.82 3.69 7.54 4.21 7.79 6.05 2.14 5.56 5.51 2.63 0.37 6.46 1.90 6.72 7.56 4.48 3.85 3.44 5.04 5.97 5.95 7.24 2.46 1.37 4.47 6.15 0.76 3.40 0.66 4.91 3.54 6.18 3.66 6.69 5.17 5.07 2.53 2.47 7.23 4.06 4.62 5.17 1.85 
8.53 0.34 6.09 0.66 8.61 8.32 2.34 2.79 6.22 7.04 5.54 1.99 4.62 4.00 8.02 0.96 5.69 1.28 4.33 2.23 7.20 7.65 9.62 7.20 0.76 4.26 3.29 5.27 1.77 7.01 3.23 8.84 8.89 1.80 2.14 0.84 6.61 2.28 7.89 7.99 4.61 9.57 10.10 6.30 8.81 5.70 1.88 5.39 2.79 9.07 2.28 5.29 2.00 6.48 6.83 7.83 2.97 4.86 5.13 7.40 
6.61 3.99 7.86 3.65 5.55 9.55 2.48 1.56 7.27 3.62 1.31 6.23 5.94 1.85 8.99 3.42 6.58 5.54 1.42 6.47 6.14 8.94 8.22 4.44 3.98 5.99 1.02 2.28 5.66 4.21 6.46 9.17 6.75 2.49 2.59 3.53 7.25 5.51 8.63 4.55 2.59 6.75 8.39 2.99 5.60 2.87 3.00 1.69 5.89 5.85 6.04 6.15 4.64 2.21 2.58 8.60 4.18 5.55 6.09 3.75 
8.66 1.39 7.43 1.12 8.25 9.56 2.33 2.05 7.35 6.47 4.25 3.36 5.74 2.36 9.18 1.56 6.73 2.76 2.78 3.83 7.62 8.89 9.99 6.93 1.07 5.50 2.38 4.78 3.49 6.71 4.87 9.81 8.94 1.40 2.17 0.93 7.61 3.87 8.97 7.43 4.42 9.35 10.36 5.75 8.38 5.31 0.16 3.88 4.37 8.64 3.99 6.30 3.33 5.26 5.67 8.92 3.85 5.78 6.16 6.72 
5.57 3.95 6.86 3.65 4.80 8.45 1.96 1.46 6.19 2.99 2.12 6.16 4.94 2.88 7.88 3.23 5.50 5.45 2.53 6.26 5.00 7.85 7.13 3.55 4.09 5.05 1.12 1.33 5.28 3.32 5.81 8.02 5.76 2.40 2.14 3.58 6.14 4.93 7.51 3.96 1.44 5.94 7.35 2.27 4.91 1.91 3.40 2.80 5.25 5.17 5.58 5.08 4.04 2.71 2.92 7.48 3.32 4.49 5.04 3.27 
7.63 2.26 7.33 1.91 7.03 9.31 1.71 0.94 7.03 5.20 3.02 4.47 5.50 1.62 8.85 1.89 6.37 3.80 1.81 4.80 6.77 8.66 9.07 5.75 2.17 5.38 1.11 3.56 4.17 5.53 5.27 9.31 7.87 1.05 1.66 1.76 7.19 4.26 8.58 6.16 3.35 8.16 9.37 4.49 7.14 4.12 1.20 2.83 4.71 7.40 4.62 5.92 3.51 4.00 4.39 8.53 3.56 5.35 5.82 5.43 
2.96 8.23 8.30 7.96 0.59 8.81 6.04 5.88 7.15 1.49 4.82 10.29 6.82 6.91 8.12 7.43 6.64 9.60 6.39 10.21 4.05 8.45 4.65 1.41 8.45 7.25 5.56 3.16 9.03 1.51 8.94 7.46 2.72 6.75 6.25 7.93 6.67 8.36 7.60 0.64 3.81 1.81 4.38 2.18 0.49 2.69 7.84 5.91 8.46 0.73 9.17 6.43 7.54 4.20 3.82 7.61 6.33 6.04 6.51 1.51 
10.20 2.19 6.65 2.52 10.49 8.94 4.26 4.72 7.12 8.97 7.40 0.15 5.64 5.61 8.79 2.90 6.72 0.69 6.03 0.97 8.73 8.30 11.13 9.06 2.23 5.16 5.22 7.19 1.87 8.87 3.38 9.82 10.59 3.74 4.06 2.64 7.64 2.86 8.77 9.91 6.48 11.39 11.67 8.23 10.70 7.60 3.42 7.14 3.23 10.96 2.23 6.39 3.18 8.37 8.74 8.70 4.44 6.09 6.21 9.34 
5.21 3.49 3.84 3.41 5.83 5.66 1.96 2.88 3.37 4.77 5.17 4.96 1.92 5.16 5.19 2.74 2.70 4.34 5.08 4.65 3.76 5.02 6.18 4.40 3.93 1.99 3.22 3.25 3.40 4.27 3.18 5.69 5.61 2.81 2.04 3.51 3.52 2.61 4.91 5.58 2.25 6.56 6.69 4.12 6.10 3.35 4.19 5.70 2.69 6.36 3.45 2.26 1.87 5.72 5.86 4.87 0.58 1.68 2.16 5.29 
9.32 1.41 6.08 1.76 9.59 8.37 3.38 3.90 6.44 8.09 6.65 0.90 4.90 5.02 8.16 2.04 5.99 0.21 5.39 1.16 7.87 7.71 10.28 8.16 1.60 4.45 4.41 6.31 1.29 7.98 2.90 9.12 9.70 2.92 3.18 1.91 6.91 2.19 8.10 9.03 5.59 10.50 10.81 7.34 9.80 6.71 2.84 6.47 2.63 10.06 1.77 5.63 2.35 7.60 7.95 8.04 3.58 5.30 5.46 8.47 
5.37 3.13 4.61 2.98 5.65 6.42 1.27 2.12 4.13 4.38 4.43 4.88 2.69 4.40 5.93 2.32 3.45 4.21 4.31 4.70 4.11 5.78 6.52 4.21 3.52 2.74 2.44 2.72 3.51 4.05 3.63 6.36 5.73 2.17 1.39 3.05 4.24 2.88 5.63 5.25 1.78 6.50 6.96 3.68 5.89 2.94 3.59 4.93 3.09 6.15 3.67 3.01 2.02 5.03 5.19 5.59 1.00 2.42 2.92 4.86 
1.33 8.51 5.35 8.38 3.76 5.01 6.56 7.05 4.11 4.73 7.68 9.95 4.75 9.00 4.33 7.71 3.95 9.37 8.65 9.54 1.30 4.84 1.13 3.42 8.91 5.30 7.06 5.02 8.27 3.59 7.43 3.35 1.74 7.49 6.73 8.45 3.44 7.33 3.80 4.65 4.72 3.36 1.71 4.80 4.11 4.49 8.89 8.68 7.17 4.19 8.16 4.03 6.83 7.52 7.31 3.84 5.58 4.06 4.19 5.20 
4.34 6.38 1.99 6.38 6.17 2.73 5.08 5.95 0.75 6.10 7.80 7.25 1.70 8.22 2.15 5.74 0.63 6.79 8.07 6.68 2.57 2.19 4.36 5.09 6.87 2.20 6.21 5.29 5.48 5.10 4.30 2.60 4.84 5.93 5.17 6.51 0.40 4.49 1.80 6.54 4.43 6.32 5.07 5.73 6.53 5.04 7.29 8.53 4.19 6.71 5.23 0.97 4.29 8.09 8.07 1.76 3.38 1.45 1.13 6.67 
4.81 8.29 2.71 8.31 7.08 1.46 7.04 7.89 1.95 7.47 9.58 8.97 3.53 10.15 0.81 7.68 2.46 8.58 9.98 8.33 3.41 1.45 4.06 6.29 8.78 3.94 8.13 6.97 7.20 6.36 5.83 0.78 5.27 7.88 7.12 8.45 1.57 6.22 0.38 7.71 6.21 6.88 4.83 7.23 7.44 6.63 9.24 10.38 5.85 7.58 6.88 2.89 6.16 9.77 9.70 0.44 5.33 3.41 3.03 8.02 
1.78 9.39 8.04 9.16 1.39 8.03 7.20 7.27 6.80 3.28 6.69 11.27 6.93 8.63 7.34 8.56 6.44 10.60 8.14 11.05 3.48 7.80 3.04 2.39 9.68 7.44 7.05 4.60 9.81 2.62 9.39 6.40 1.31 8.02 7.40 9.17 6.20 9.00 6.81 2.60 4.93 0.32 2.59 3.80 1.57 4.03 9.26 7.77 9.00 1.49 9.85 6.36 8.28 6.14 5.78 6.84 6.99 6.14 6.49 3.45 
5.56 8.32 2.33 8.37 7.79 0.70 7.24 8.15 1.95 8.07 10.01 8.80 3.56 10.42 0.12 7.76 2.59 8.46 10.30 8.12 4.09 0.79 4.83 6.93 8.81 3.88 8.43 7.45 7.05 6.99 5.59 1.34 6.02 8.05 7.31 8.52 1.83 6.10 0.54 8.37 6.64 7.63 5.59 7.80 8.15 7.15 9.37 10.76 5.68 8.29 6.69 3.03 6.14 10.26 10.22 0.53 5.46 3.61 3.15 8.63 
1.56 6.97 5.70 6.78 2.40 6.20 4.85 5.14 4.52 2.66 5.49 8.73 4.38 6.92 5.51 6.15 4.05 8.08 6.54 8.47 1.49 5.82 3.10 1.41 7.32 4.87 5.06 2.86 7.22 1.51 6.78 4.99 1.86 5.74 5.04 6.82 4.03 6.39 5.00 2.83 2.73 2.80 3.30 2.63 2.75 2.31 7.08 6.50 6.38 2.94 7.24 3.88 5.69 5.34 5.15 5.00 4.40 3.59 3.99 3.18 
4.60 4.06 3.81 3.96 5.30 5.44 2.35 3.17 3.16 4.38 5.18 5.57 1.92 5.43 4.91 3.29 2.47 4.95 5.29 5.25 3.16 4.82 5.58 3.89 4.49 2.15 3.42 2.99 4.00 3.78 3.65 5.28 5.01 3.25 2.47 4.05 3.19 3.17 4.59 5.13 2.00 5.99 6.08 3.77 5.59 3.00 4.66 5.81 3.20 5.84 4.02 2.03 2.48 5.63 5.71 4.55 1.18 1.43 1.98 4.92 
5.63 6.10 0.72 6.17 7.38 2.42 5.23 6.20 0.61 7.12 8.40 6.57 1.44 8.47 2.13 5.58 0.95 6.22 8.42 5.92 3.86 1.76 5.61 6.21 6.60 1.65 6.55 6.08 4.81 6.20 3.41 3.19 6.13 5.97 5.27 6.33 1.30 3.85 2.09 7.65 5.14 7.59 6.34 6.67 7.73 5.93 7.22 9.02 3.45 7.93 4.47 1.26 3.92 8.82 8.86 2.03 3.37 1.82 1.26 7.69 
4.09 5.78 7.22 5.50 2.90 8.36 3.64 3.37 6.28 1.08 2.76 7.92 5.43 4.52 7.71 5.01 5.63 7.21 4.04 7.92 4.09 7.85 5.80 1.79 5.97 5.72 3.04 0.71 6.82 1.56 7.02 7.50 4.16 4.26 3.84 5.45 6.01 6.28 7.25 2.04 1.64 4.08 5.86 0.34 2.99 0.62 5.32 3.81 6.49 3.25 7.04 5.29 5.40 2.61 2.47 7.24 4.35 4.76 5.31 1.47 
5.28 9.85 4.13 9.86 7.70 2.17 8.52 9.34 3.51 8.42 10.84 10.51 5.09 11.57 1.94 9.22 4.02 10.13 11.37 9.86 4.30 2.58 4.03 7.16 10.33 5.49 9.55 8.17 8.75 7.27 7.34 0.90 5.67 9.39 8.62 9.99 3.10 7.77 1.85 8.51 7.50 7.26 4.74 8.30 8.06 7.77 10.76 11.70 7.39 8.15 8.42 4.43 7.72 10.93 10.81 1.92 6.86 4.93 4.58 8.94 
9.29 2.25 5.38 2.58 9.81 7.67 3.84 4.54 5.89 8.46 7.38 1.15 4.46 5.92 7.53 2.66 5.53 1.06 6.25 0.56 7.73 7.02 10.09 8.37 2.55 3.96 5.07 6.70 0.71 8.21 2.10 8.59 9.70 3.59 3.66 2.76 6.43 1.68 7.52 9.37 5.88 10.63 10.67 7.73 10.05 7.04 3.77 7.30 1.99 10.32 0.96 5.22 2.22 8.28 8.60 7.46 3.52 4.98 5.04 8.88 
5.08 3.42 4.84 3.24 5.25 6.55 1.38 2.07 4.26 3.96 4.14 5.25 2.92 4.32 6.03 2.59 3.58 4.58 4.17 5.10 3.91 5.93 6.30 3.81 3.77 3.03 2.31 2.31 3.92 3.65 4.04 6.37 5.42 2.31 1.54 3.29 4.31 3.30 5.70 4.83 1.36 6.13 6.70 3.26 5.49 2.52 3.72 4.72 3.50 5.75 4.08 3.14 2.44 4.69 4.83 5.67 1.39 2.54 3.07 4.44 
1.90 6.97 4.51 6.84 3.67 4.84 5.04 5.57 3.29 3.97 6.49 8.46 3.49 7.60 4.15 6.18 2.91 7.86 7.29 8.08 0.25 4.48 2.66 2.77 7.38 4.02 5.61 3.79 6.81 2.85 6.09 3.66 2.39 5.96 5.20 6.91 2.73 5.89 3.64 4.19 3.32 3.79 3.16 3.82 4.03 3.33 7.37 7.42 5.78 4.20 6.74 2.85 5.34 6.48 6.34 3.64 4.07 2.72 2.99 4.51 
0.73 9.21 6.76 9.04 2.76 6.46 7.12 7.43 5.51 4.23 7.50 10.87 5.97 9.14 5.78 8.40 5.28 10.24 8.72 10.53 2.34 6.30 1.35 2.99 9.58 6.51 7.33 5.03 9.26 3.21 8.59 4.74 0.62 8.02 7.31 9.08 4.85 8.37 5.26 3.86 5.01 2.03 1.12 4.52 3.06 4.44 9.37 8.56 8.27 3.07 9.22 5.29 7.76 7.15 6.86 5.29 6.48 5.22 5.44 4.57 
1.40 7.31 5.00 7.17 3.25 5.22 5.32 5.78 3.77 3.74 6.47 8.87 3.98 7.73 4.53 6.51 3.41 8.26 7.39 8.52 0.47 4.90 2.36 2.48 7.70 4.51 5.78 3.79 7.25 2.59 6.57 3.92 1.89 6.24 5.49 7.23 3.19 6.34 4.01 3.87 3.44 3.30 2.77 3.69 3.61 3.28 7.63 7.45 6.25 3.77 7.19 3.35 5.76 6.39 6.21 4.02 4.48 3.21 3.49 4.26 
8.22 3.88 8.93 3.54 7.09 10.79 3.27 2.27 8.50 5.15 2.02 5.97 7.04 0.33 10.28 3.62 7.82 5.36 0.25 6.41 7.69 10.15 9.82 6.04 3.67 6.99 1.95 3.89 5.88 5.81 7.01 10.59 8.37 2.79 3.28 3.37 8.57 6.00 9.96 6.03 4.13 8.31 10.00 4.56 7.11 4.48 2.45 1.31 6.45 7.35 6.34 7.37 5.23 3.02 3.48 9.92 5.14 6.78 7.29 5.19 
4.95 6.62 1.42 6.65 6.85 2.14 5.50 6.42 0.25 6.79 8.40 7.27 1.84 8.69 1.64 6.03 0.84 6.87 8.58 6.65 3.21 1.55 4.80 5.78 7.11 2.23 6.71 5.93 5.50 5.79 4.17 2.45 5.45 6.30 5.57 6.79 0.50 4.52 1.44 7.23 5.05 6.96 5.54 6.40 7.21 5.70 7.63 9.09 4.16 7.39 5.20 1.29 4.46 8.72 8.72 1.38 3.71 1.88 1.40 7.35 
6.95 6.33 9.78 5.99 5.11 11.19 4.80 3.93 9.00 3.31 1.09 8.56 7.88 3.29 10.57 5.80 8.32 7.88 2.72 8.84 7.09 10.63 8.70 4.57 6.27 8.03 3.39 3.19 8.04 4.37 8.76 10.47 6.92 4.86 4.93 5.85 8.84 7.84 10.14 3.91 4.04 6.36 8.66 3.12 5.01 3.56 5.18 1.74 8.19 5.19 8.41 7.93 6.95 0.40 0.74 10.12 6.32 7.35 7.91 3.05 
2.57 9.97 6.00 9.87 4.94 5.00 8.11 8.64 4.84 6.21 9.26 11.28 5.86 10.61 4.41 9.20 4.89 10.73 10.26 10.80 2.82 5.05 0.85 4.90 10.40 6.40 8.66 6.63 9.55 5.09 8.54 3.09 2.77 9.03 8.27 9.95 4.16 8.58 3.96 5.98 6.33 4.20 1.43 6.35 5.26 6.08 10.44 10.27 8.36 5.28 9.38 5.09 8.17 9.06 8.82 4.01 6.98 5.27 5.27 6.63 
3.36 5.94 6.64 5.68 2.54 7.65 3.74 3.68 5.63 1.22 3.53 7.98 4.92 5.12 6.99 5.13 5.01 7.28 4.69 7.90 3.30 7.16 5.04 1.21 6.18 5.27 3.45 1.02 6.73 0.98 6.75 6.73 3.48 4.49 3.95 5.66 5.32 6.10 6.52 2.02 1.49 3.61 5.14 0.75 2.73 0.43 5.67 4.55 6.25 2.99 6.90 4.70 5.26 3.40 3.25 6.51 4.10 4.21 4.74 1.77 
9.36 2.93 4.97 3.25 10.06 7.24 4.31 5.09 5.62 8.81 7.95 1.71 4.29 6.59 7.16 3.24 5.32 1.78 6.90 0.90 7.73 6.62 10.05 8.62 3.26 3.76 5.63 7.09 0.99 8.48 1.70 8.30 9.80 4.17 4.14 3.44 6.20 1.67 7.20 9.69 6.21 10.82 10.66 8.09 10.32 7.38 4.47 7.93 1.79 10.58 0.81 5.06 2.43 8.83 9.13 7.13 3.68 4.90 4.89 9.26 
0.49 8.57 6.74 8.38 1.99 6.74 6.44 6.67 5.49 3.34 6.62 10.32 5.71 8.30 6.04 7.75 5.16 9.68 7.87 10.04 2.18 6.49 2.15 2.10 8.91 6.23 6.54 4.19 8.78 2.33 8.24 5.16 0.29 7.31 6.63 8.41 4.89 7.92 5.51 3.01 4.26 1.60 2.01 3.63 2.32 3.60 8.63 7.68 7.88 2.38 8.78 5.10 7.26 6.26 5.97 5.54 5.97 4.93 5.23 3.70 
4.04 5.09 3.06 5.03 5.27 4.39 3.51 4.32 2.16 4.77 6.14 6.36 1.45 6.57 3.82 4.36 1.49 5.80 6.41 5.93 2.37 3.80 4.72 3.97 5.55 1.93 4.55 3.71 4.67 3.92 3.93 4.12 4.50 4.40 3.62 5.14 2.08 3.73 3.46 5.36 2.80 5.72 5.30 4.29 5.60 3.54 5.79 6.86 3.60 5.82 4.57 1.13 3.24 6.48 6.50 3.43 2.05 0.67 1.17 5.33 
8.40 1.71 7.49 1.39 7.89 9.58 2.16 1.72 7.34 6.08 3.81 3.77 5.75 1.97 9.17 1.68 6.70 3.15 2.36 4.21 7.42 8.92 9.77 6.60 1.46 5.55 1.99 4.42 3.78 6.38 5.08 9.75 8.66 1.25 2.03 1.20 7.57 4.07 8.94 7.05 4.12 9.01 10.11 5.37 8.01 4.97 0.31 3.46 4.56 8.27 4.27 6.26 3.46 4.82 5.23 8.89 3.82 5.72 6.14 6.32 
7.91 1.46 4.90 1.66 8.31 7.15 2.35 3.15 5.11 6.93 6.02 2.26 3.53 4.85 6.88 1.39 4.61 1.66 5.09 2.05 6.43 6.48 8.84 6.87 1.94 3.13 3.69 5.18 0.96 6.70 2.09 7.77 8.30 2.28 2.19 1.85 5.54 1.10 6.78 7.84 4.36 9.16 9.37 6.20 8.54 5.52 2.91 6.07 1.61 8.81 1.35 4.24 0.92 6.88 7.17 6.72 2.14 3.87 4.07 7.36 
7.18 4.61 1.93 4.78 8.49 4.21 4.50 5.52 2.67 7.76 8.16 4.61 1.81 7.64 4.12 4.32 2.56 4.36 7.73 3.89 5.41 3.58 7.49 7.15 5.10 1.32 5.98 6.34 2.92 7.07 1.36 5.29 7.66 4.97 4.45 4.96 3.32 2.08 4.18 8.48 5.34 8.96 8.17 7.16 8.81 6.38 5.98 8.54 1.59 9.04 2.50 2.46 2.55 8.79 8.95 4.11 2.77 2.60 2.30 8.30 
7.61 1.67 4.65 1.82 8.05 6.88 2.22 3.08 4.81 6.72 5.95 2.56 3.22 4.90 6.60 1.44 4.31 1.97 5.10 2.30 6.12 6.21 8.52 6.61 2.16 2.84 3.61 4.98 1.13 6.45 1.99 7.46 8.01 2.27 2.07 2.01 5.23 0.97 6.48 7.62 4.13 8.88 9.06 5.99 8.29 5.29 3.05 6.05 1.46 8.55 1.42 3.93 0.61 6.78 7.05 6.42 1.83 3.56 3.76 7.16 
6.12 2.46 4.50 2.38 6.46 6.49 1.18 2.20 4.24 5.16 4.85 4.08 2.66 4.42 6.07 1.71 3.60 3.43 4.44 3.89 4.76 5.83 7.18 5.02 2.90 2.54 2.65 3.46 2.70 4.86 2.97 6.67 6.49 1.88 1.18 2.48 4.47 2.13 5.84 6.04 2.56 7.31 7.66 4.45 6.70 3.72 3.20 5.20 2.40 6.96 2.88 3.16 1.25 5.56 5.77 5.79 0.73 2.63 3.03 5.62 
1.98 8.47 4.84 8.37 4.40 4.36 6.62 7.20 3.61 5.25 8.05 9.79 4.43 9.23 3.68 7.70 3.54 9.23 8.92 9.33 1.38 4.21 1.40 3.95 8.89 4.98 7.25 5.36 8.07 4.09 7.12 2.69 2.41 7.55 6.78 8.45 2.92 7.11 3.16 5.23 4.95 4.02 2.12 5.25 4.75 4.86 8.96 9.01 6.91 4.84 7.92 3.68 6.67 7.96 7.77 3.20 5.47 3.80 3.85 5.74 
4.05 9.41 4.31 9.38 6.49 2.90 7.88 8.62 3.38 7.29 9.88 10.33 4.79 10.79 2.38 8.72 3.70 9.88 10.55 9.74 3.21 3.06 2.82 6.01 9.88 5.27 8.77 7.19 8.56 6.14 7.29 0.96 4.43 8.78 8.00 9.50 2.79 7.57 2.02 7.33 6.61 6.02 3.55 7.22 6.84 6.75 10.18 10.78 7.24 6.92 8.29 4.05 7.37 9.90 9.75 2.09 6.37 4.44 4.22 7.80 
7.32 1.69 4.62 1.79 7.73 6.82 1.92 2.82 4.70 6.39 5.67 2.85 3.10 4.72 6.51 1.30 4.17 2.23 4.88 2.62 5.86 6.15 8.27 6.29 2.19 2.76 3.34 4.65 1.46 6.12 2.17 7.32 7.71 2.05 1.78 1.96 5.09 1.17 6.37 7.29 3.80 8.57 8.79 5.66 7.97 4.96 2.96 5.81 1.62 8.23 1.72 3.77 0.50 6.48 6.75 6.31 1.56 3.36 3.61 6.83 
8.63 4.53 9.62 4.20 7.33 11.45 3.97 2.96 9.16 5.39 2.04 6.57 7.72 0.87 10.94 4.31 8.48 5.98 0.73 7.04 8.22 10.82 10.28 6.38 4.29 7.68 2.60 4.31 6.56 6.15 7.71 11.19 8.75 3.49 3.98 4.02 9.21 6.70 10.60 6.22 4.66 8.57 10.41 4.87 7.32 4.88 3.06 1.05 7.15 7.55 7.03 8.04 5.94 2.93 3.41 10.56 5.83 7.44 7.96 5.36 
0.94 7.62 5.51 7.46 2.80 5.67 5.56 5.95 4.27 3.50 6.42 9.25 4.47 7.81 4.97 6.80 3.91 8.63 7.44 8.92 0.96 5.37 2.20 2.19 7.99 4.99 5.91 3.78 7.65 2.34 7.03 4.28 1.40 6.48 5.75 7.51 3.69 6.77 4.45 3.51 3.56 2.79 2.49 3.53 3.17 3.23 7.85 7.42 6.69 3.31 7.62 3.85 6.15 6.25 6.04 4.47 4.86 3.69 3.99 3.98 
3.01 8.72 8.64 8.45 0.58 9.04 6.53 6.37 7.46 1.96 5.24 10.78 7.21 7.37 8.35 7.92 6.97 10.08 6.84 10.68 4.28 8.71 4.62 1.84 8.94 7.65 6.05 3.65 9.50 1.96 9.38 7.62 2.70 7.24 6.74 8.42 6.96 8.82 7.82 1.05 4.29 1.52 4.28 2.66 0.22 3.18 8.33 6.32 8.91 0.29 9.64 6.78 8.00 4.57 4.16 7.84 6.79 6.43 6.87 1.91 
2.00 6.77 4.51 6.63 3.62 4.95 4.82 5.34 3.30 3.82 6.27 8.28 3.39 7.37 4.26 5.97 2.88 7.68 7.06 7.92 0.48 4.56 2.87 2.64 7.17 3.92 5.39 3.58 6.65 2.71 5.97 3.83 2.47 5.74 4.98 6.70 2.78 5.74 3.75 4.08 3.09 3.81 3.34 3.64 3.98 3.13 7.15 7.20 5.64 4.16 6.59 2.79 5.16 6.28 6.15 3.76 3.89 2.62 2.92 4.36 
3.30 5.73 3.47 5.64 4.67 4.41 3.98 4.69 2.38 4.40 6.19 7.08 2.12 6.88 3.78 4.97 1.80 6.51 6.66 6.67 1.62 3.90 3.99 3.46 6.16 2.63 4.85 3.61 5.41 3.45 4.67 3.82 3.77 4.90 4.12 5.73 2.07 4.47 3.35 4.89 2.82 5.04 4.55 4.02 5.02 3.33 6.31 7.00 4.36 5.22 5.32 1.59 3.96 6.41 6.38 3.33 2.73 1.33 1.70 4.97 
5.35 6.14 8.55 5.81 3.64 9.78 4.22 3.60 7.67 1.75 1.72 8.37 6.70 3.94 9.14 5.46 7.01 7.66 3.39 8.50 5.52 9.26 7.10 2.97 6.21 6.93 3.12 1.82 7.53 2.77 7.98 8.95 5.34 4.58 4.39 5.72 7.44 7.14 8.69 2.48 2.80 4.89 7.07 1.52 3.59 2.05 5.32 2.80 7.42 3.80 7.82 6.64 6.25 1.21 1.02 8.68 5.38 6.09 6.64 1.61 
4.78 4.16 6.09 3.90 4.33 7.59 1.97 1.95 5.35 2.74 2.94 6.25 4.19 3.76 7.00 3.36 4.66 5.54 3.44 6.23 4.10 7.00 6.28 2.96 4.39 4.37 1.83 0.98 5.13 2.75 5.41 7.11 5.02 2.70 2.18 3.88 5.26 4.62 6.61 3.68 0.53 5.38 6.54 2.01 4.50 1.39 3.93 3.70 4.87 4.77 5.36 4.26 3.74 3.35 3.46 6.59 2.78 3.67 4.23 3.16 
5.72 3.05 3.88 3.00 6.30 5.84 1.79 2.78 3.57 5.17 5.28 4.45 2.01 5.03 5.41 2.34 2.94 3.83 5.02 4.14 4.26 5.18 6.67 4.87 3.50 1.95 3.18 3.57 2.89 4.73 2.78 6.01 6.13 2.54 1.82 3.11 3.81 2.13 5.17 6.01 2.60 7.06 7.19 4.50 6.57 3.74 3.87 5.72 2.26 6.83 2.96 2.50 1.36 5.91 6.08 5.12 0.12 1.97 2.37 5.67 
4.35 8.49 3.18 8.49 6.68 1.99 7.11 7.92 2.28 7.18 9.46 9.29 3.77 10.15 1.37 7.84 2.69 8.86 9.96 8.67 3.07 2.01 3.52 5.96 8.97 4.23 8.13 6.81 7.51 6.06 6.20 0.52 4.80 7.98 7.21 8.62 1.76 6.53 0.92 7.37 6.10 6.42 4.28 7.00 7.04 6.43 9.36 10.29 6.18 7.16 7.22 3.07 6.39 9.59 9.49 0.98 5.48 3.54 3.23 7.72 
6.62 2.72 6.75 2.39 6.07 8.60 1.15 0.18 6.31 4.29 2.69 4.95 4.85 2.22 8.11 2.07 5.63 4.25 2.14 5.14 5.79 7.97 8.07 4.76 2.81 4.83 0.36 2.59 4.29 4.54 5.11 8.46 6.86 1.17 1.23 2.31 6.40 4.14 7.80 5.25 2.34 7.17 8.36 3.56 6.20 3.13 2.12 2.89 4.53 6.46 4.66 5.19 3.28 3.56 3.88 7.76 2.98 4.60 5.10 4.57 
6.18 3.05 3.43 3.08 6.93 5.53 2.30 3.32 3.34 5.87 5.94 4.09 1.73 5.52 5.17 2.48 2.78 3.54 5.56 3.68 4.61 4.86 6.98 5.50 3.54 1.48 3.77 4.29 2.41 5.38 2.08 5.93 6.61 2.91 2.29 3.23 3.70 1.53 5.00 6.68 3.31 7.63 7.55 5.20 7.21 4.44 4.12 6.33 1.58 7.46 2.39 2.37 0.98 6.60 6.78 4.95 0.60 1.97 2.22 6.37 
6.70 2.71 3.62 2.79 7.41 5.80 2.38 3.39 3.69 6.28 6.12 3.59 2.09 5.49 5.49 2.25 3.17 3.06 5.58 3.16 5.12 5.13 7.50 5.98 3.21 1.73 3.87 4.65 1.89 5.84 1.70 6.33 7.12 2.82 2.31 2.96 4.10 1.03 5.36 7.12 3.70 8.13 8.07 5.60 7.68 4.85 3.92 6.42 1.16 7.93 1.87 2.79 0.54 6.83 7.04 5.30 1.01 2.45 2.63 6.77 
3.11 5.76 3.73 5.66 4.42 4.64 3.94 4.61 2.64 4.14 6.01 7.19 2.35 6.77 4.00 4.99 2.07 6.60 6.53 6.80 1.49 4.14 3.90 3.20 6.19 2.85 4.74 3.39 5.53 3.18 4.86 3.97 3.57 4.87 4.09 5.74 2.30 4.62 3.56 4.63 2.64 4.80 4.43 3.77 4.76 3.10 6.28 6.83 4.52 4.97 5.47 1.85 4.06 6.20 6.15 3.54 2.81 1.56 1.95 4.71 
9.64 1.47 6.50 1.80 9.83 8.78 3.58 4.01 6.85 8.28 6.68 0.80 5.31 4.93 8.58 2.20 6.40 0.29 5.34 1.34 8.23 8.13 10.64 8.41 1.52 4.87 4.50 6.51 1.70 8.22 3.31 9.54 10.02 3.02 3.38 1.92 7.32 2.61 8.52 9.23 5.82 10.77 11.15 7.54 10.03 6.93 2.74 6.44 3.05 10.30 2.17 6.04 2.74 7.65 8.02 8.45 3.93 5.69 5.87 8.64 
1.58 6.93 5.62 6.74 2.48 6.12 4.81 5.12 4.44 2.72 5.52 8.68 4.30 6.93 5.43 6.11 3.96 8.03 6.55 8.41 1.41 5.73 3.09 1.48 7.28 4.79 5.05 2.88 7.15 1.58 6.70 4.92 1.90 5.71 5.00 6.78 3.95 6.32 4.92 2.91 2.71 2.88 3.32 2.67 2.84 2.33 7.06 6.52 6.31 3.03 7.17 3.80 5.63 5.39 5.20 4.92 4.34 3.50 3.90 3.25 
7.33 3.33 3.10 3.50 8.28 5.38 3.45 4.44 3.53 7.28 7.20 3.49 2.15 6.47 5.19 3.08 3.19 3.15 6.60 2.87 5.65 4.73 7.92 6.87 3.82 1.62 4.94 5.70 1.73 6.76 0.67 6.23 7.79 3.79 3.37 3.68 4.08 0.81 5.17 8.09 4.72 8.92 8.55 6.62 8.57 5.85 4.72 7.48 0.37 8.82 1.42 2.92 1.34 7.92 8.13 5.10 2.01 2.78 2.74 7.79 
10.59 2.48 6.99 2.81 10.85 9.28 4.60 5.02 7.49 9.31 7.65 0.47 6.02 5.79 9.15 3.23 7.10 1.06 6.23 1.22 9.12 8.64 11.52 9.42 2.47 5.53 5.51 7.53 2.25 9.24 3.71 10.19 10.97 4.04 4.40 2.91 8.01 3.23 9.13 10.26 6.84 11.76 12.06 8.57 11.05 7.95 3.62 7.34 3.59 11.32 2.58 6.77 3.57 8.63 9.01 9.07 4.83 6.48 6.60 9.67 
3.82 6.97 2.56 6.95 5.83 2.73 5.53 6.34 1.32 5.98 7.98 7.93 2.39 8.58 2.06 6.30 1.34 7.46 8.40 7.38 2.13 2.32 3.68 4.87 7.45 2.91 6.56 5.37 6.16 4.92 5.01 2.10 4.32 6.41 5.63 7.07 0.65 5.17 1.59 6.32 4.60 5.86 4.41 5.69 6.20 5.05 7.79 8.77 4.89 6.36 5.93 1.63 4.93 8.18 8.12 1.58 3.94 2.00 1.80 6.54 
9.84 2.12 6.16 2.47 10.21 8.45 4.05 4.61 6.65 8.75 7.36 0.38 5.17 5.70 8.30 2.73 6.25 0.58 6.08 0.56 8.33 7.80 10.72 8.77 2.27 4.69 5.12 6.98 1.40 8.60 2.88 9.34 10.24 3.63 3.86 2.61 7.17 2.39 8.28 9.68 6.22 11.09 11.27 8.01 10.43 7.36 3.50 7.17 2.75 10.69 1.74 5.93 2.78 8.31 8.66 8.22 4.06 5.65 5.76 9.14 
8.58 2.63 4.42 2.91 9.29 6.71 3.67 4.52 4.96 8.07 7.39 2.11 3.56 6.20 6.57 2.76 4.62 1.90 6.45 1.44 6.96 6.07 9.28 7.85 3.04 3.05 5.05 6.37 0.54 7.71 1.15 7.65 9.01 3.66 3.52 3.10 5.51 0.88 6.57 8.94 5.47 10.03 9.89 7.36 9.55 6.63 4.17 7.45 1.06 9.81 0.03 4.33 1.67 8.23 8.50 6.51 2.90 4.14 4.16 8.53 
7.19 3.58 8.00 3.23 6.19 9.79 2.42 1.40 7.50 4.27 1.68 5.80 6.09 1.25 9.27 3.11 6.82 5.13 0.94 6.11 6.62 9.17 8.76 5.06 3.51 6.09 0.96 2.87 5.40 4.83 6.34 9.53 7.35 2.19 2.48 3.09 7.54 5.35 8.93 5.20 3.05 7.39 8.96 3.63 6.25 3.46 2.45 1.63 5.77 6.50 5.81 6.38 4.52 2.68 3.09 8.90 4.24 5.78 6.30 4.40 
2.10 8.66 4.91 8.56 4.53 4.33 6.82 7.40 3.69 5.43 8.25 9.96 4.57 9.44 3.66 7.89 3.65 9.41 9.12 9.49 1.59 4.22 1.31 4.12 9.09 5.12 7.46 5.57 8.23 4.28 7.26 2.60 2.50 7.75 6.98 8.64 3.00 7.27 3.15 5.39 5.16 4.11 2.06 5.44 4.88 5.06 9.16 9.22 7.06 4.96 8.08 3.82 6.85 8.15 7.96 3.19 5.65 3.96 3.99 5.91 
7.72 0.79 5.92 0.61 7.70 8.07 1.42 1.89 5.87 6.10 4.71 2.92 4.26 3.43 7.71 0.06 5.28 2.21 3.67 3.07 6.47 7.40 8.89 6.29 1.15 4.00 2.41 4.33 2.31 6.09 3.47 8.40 8.05 0.92 1.21 0.72 6.18 2.46 7.52 7.06 3.69 8.68 9.33 5.36 7.88 4.77 1.61 4.67 2.94 8.15 2.76 4.85 1.83 5.62 5.95 7.47 2.42 4.36 4.71 6.46 
7.38 4.59 2.07 4.76 8.68 4.35 4.57 5.58 2.86 7.92 8.25 4.49 2.00 7.68 4.27 4.33 2.76 4.26 7.78 3.76 5.61 3.72 7.69 7.33 5.07 1.50 6.05 6.48 2.83 7.25 1.24 5.47 7.86 5.01 4.51 4.95 3.51 2.04 4.35 8.64 5.48 9.15 8.38 7.31 8.99 6.54 5.98 8.61 1.53 9.23 2.39 2.66 2.57 8.90 9.07 4.28 2.88 2.79 2.50 8.46 
4.29 9.69 4.48 9.66 6.73 2.92 8.17 8.92 3.59 7.58 10.19 10.58 5.04 11.10 2.47 9.01 3.95 10.13 10.85 9.98 3.51 3.15 2.98 6.29 10.16 5.51 9.07 7.49 8.80 6.42 7.51 1.04 4.65 9.07 8.30 9.78 3.03 7.81 2.16 7.59 6.91 6.23 3.68 7.52 7.08 7.05 10.47 11.09 7.48 7.16 8.53 4.31 7.63 10.20 10.04 2.22 6.65 4.72 4.48 8.08 
6.24 4.95 8.31 4.61 4.87 9.83 3.27 2.45 7.60 2.92 0.70 7.19 6.40 2.55 9.24 4.34 6.92 6.50 2.01 7.41 6.03 9.25 7.93 3.93 4.95 6.53 1.93 2.01 6.54 3.71 7.23 9.27 6.32 3.42 3.41 4.49 7.50 6.31 8.84 3.79 2.68 6.11 8.01 2.41 4.88 2.53 3.98 1.66 6.65 5.11 6.90 6.51 5.42 1.30 1.61 8.82 4.79 5.92 6.47 2.94 
3.02 5.53 4.39 5.38 3.91 5.40 3.55 4.09 3.35 3.43 5.29 7.15 2.83 6.17 4.76 4.72 2.75 6.52 5.90 6.84 1.75 4.89 4.13 2.59 5.92 3.27 4.16 2.65 5.58 2.54 5.12 4.68 3.42 4.47 3.72 5.44 3.05 4.73 4.31 3.98 1.95 4.46 4.56 3.03 4.23 2.34 5.88 6.14 4.72 4.45 5.59 2.47 4.07 5.45 5.40 4.30 2.77 2.05 2.53 4.00 
6.81 1.84 5.90 1.58 6.65 7.90 0.42 0.96 5.63 5.03 3.82 3.99 4.07 3.03 7.46 1.06 4.98 3.28 3.10 4.08 5.70 7.24 8.08 5.25 2.09 3.95 1.49 3.26 3.17 5.05 4.00 7.98 7.11 0.52 0.26 1.58 5.82 3.01 7.20 5.98 2.66 7.66 8.47 4.29 6.82 3.71 1.94 3.98 3.43 7.09 3.53 4.53 2.18 4.67 4.97 7.15 2.13 3.97 4.42 5.39 
5.30 3.23 4.41 3.10 5.67 6.22 1.45 2.33 3.93 4.45 4.62 4.91 2.49 4.60 5.73 2.43 3.25 4.25 4.52 4.70 3.99 5.58 6.41 4.23 3.63 2.55 2.65 2.83 3.48 4.07 3.51 6.17 5.67 2.34 1.56 3.17 4.04 2.81 5.44 5.31 1.87 6.49 6.86 3.77 5.92 3.02 3.75 5.13 2.98 6.18 3.61 2.80 1.98 5.20 5.35 5.39 0.86 2.22 2.71 4.94 
8.88 3.02 4.42 3.31 9.67 6.70 4.11 4.96 5.06 8.48 7.83 2.18 3.75 6.62 6.61 3.19 4.77 2.11 6.88 1.41 7.23 6.07 9.52 8.23 3.40 3.22 5.49 6.79 0.92 8.09 1.15 7.74 9.33 4.09 3.96 3.50 5.65 1.24 6.64 9.35 5.88 10.38 10.15 7.78 9.93 7.04 4.56 7.88 1.27 10.19 0.47 4.52 2.08 8.67 8.94 6.58 3.27 4.38 4.35 8.95 
1.88 6.82 4.66 6.68 3.47 5.09 4.85 5.35 3.45 3.69 6.21 8.37 3.53 7.35 4.40 6.02 3.03 7.76 7.03 8.01 0.51 4.70 2.83 2.50 7.21 4.05 5.37 3.51 6.74 2.58 6.08 3.95 2.34 5.77 5.02 6.74 2.93 5.84 3.89 3.94 3.06 3.67 3.27 3.54 3.83 3.05 7.17 7.15 5.75 4.01 6.69 2.93 5.25 6.20 6.06 3.89 3.97 2.75 3.06 4.24 
1.72 7.91 4.71 7.80 4.00 4.54 6.02 6.58 3.46 4.69 7.43 9.30 4.07 8.60 3.85 7.13 3.27 8.73 8.28 8.87 0.75 4.31 1.77 3.41 8.33 4.62 6.62 4.74 7.61 3.54 6.74 3.05 2.20 6.95 6.18 7.87 2.80 6.66 3.32 4.75 4.32 3.79 2.40 4.65 4.36 4.24 8.36 8.38 6.49 4.48 7.49 3.34 6.18 7.36 7.18 3.34 4.95 3.38 3.51 5.20 
2.87 7.97 3.83 7.91 5.16 3.39 6.30 6.99 2.62 5.72 8.21 9.11 3.63 9.14 2.70 7.24 2.64 8.60 8.88 8.60 1.59 3.20 2.38 4.47 8.43 4.16 7.12 5.52 7.36 4.58 6.29 1.92 3.33 7.22 6.43 8.01 1.93 6.38 2.17 5.86 4.93 4.94 3.13 5.59 5.52 5.08 8.63 9.10 6.13 5.64 7.17 2.86 6.04 8.24 8.11 2.20 4.93 3.10 3.03 6.25 
6.18 7.52 1.26 7.60 8.22 1.03 6.70 7.66 1.51 8.24 9.79 7.79 2.91 9.94 1.07 7.03 2.19 7.50 9.87 7.08 4.53 0.41 5.72 7.20 8.02 3.09 8.00 7.37 6.07 7.23 4.55 2.49 6.67 7.44 6.74 7.77 1.84 5.16 1.41 8.66 6.47 8.23 6.49 7.86 8.59 7.16 8.68 10.44 4.71 8.75 5.68 2.61 5.33 10.15 10.16 1.34 4.84 3.20 2.66 8.81 
9.56 1.82 6.04 2.16 9.90 8.33 3.74 4.29 6.48 8.43 7.06 0.61 4.98 5.42 8.16 2.42 6.06 0.34 5.80 0.76 8.07 7.68 10.47 8.47 2.00 4.51 4.81 6.66 1.23 8.29 2.80 9.17 9.95 3.31 3.54 2.32 6.98 2.21 8.13 9.37 5.91 10.79 11.01 7.69 10.12 7.05 3.24 6.88 2.60 10.39 1.65 5.73 2.52 8.00 8.35 8.06 3.79 5.43 5.55 8.83 
5.45 3.72 3.13 3.70 6.33 5.05 2.56 3.54 2.79 5.42 5.92 4.85 1.23 5.80 4.63 3.06 2.17 4.30 5.77 4.44 3.85 4.40 6.22 4.93 4.19 1.24 3.92 3.97 3.17 4.82 2.62 5.28 5.89 3.32 2.60 3.84 3.06 2.25 4.41 6.18 2.97 6.97 6.79 4.80 6.63 4.03 4.63 6.43 2.21 6.87 3.10 1.73 1.74 6.48 6.61 4.36 0.72 1.25 1.60 5.96 
6.73 9.88 3.66 9.94 9.09 1.37 8.89 9.80 3.57 9.57 11.65 10.18 5.16 12.08 1.75 9.35 4.23 9.90 11.95 9.46 5.48 2.03 5.65 8.37 10.37 5.43 10.09 9.06 8.47 8.46 6.93 2.06 7.16 9.68 8.95 10.10 3.48 7.55 2.11 9.78 8.27 8.77 6.38 9.34 9.45 8.73 10.98 12.41 7.11 9.56 8.07 4.68 7.69 11.86 11.80 2.14 7.08 5.26 4.78 10.12 
2.59 11.06 8.48 10.87 3.59 7.86 8.94 9.16 7.24 5.45 8.85 12.76 7.83 10.70 7.22 10.24 7.08 12.13 10.24 12.43 4.21 7.81 2.35 4.41 11.41 8.38 9.00 6.60 11.16 4.65 10.47 5.99 2.23 9.81 9.13 10.91 6.57 10.27 6.73 4.80 6.75 2.37 1.58 5.91 3.74 6.02 11.13 9.93 10.17 3.62 11.12 7.14 9.66 8.33 7.97 6.77 8.37 7.10 7.30 5.64 
7.53 4.03 2.61 4.22 8.68 4.90 4.16 5.17 3.28 7.80 7.90 3.92 2.17 7.21 4.79 3.82 3.07 3.68 7.34 3.21 5.79 4.26 7.96 7.29 4.51 1.62 5.66 6.28 2.25 7.19 0.67 5.94 8.00 4.54 4.09 4.41 3.90 1.47 4.83 8.56 5.29 9.22 8.63 7.16 8.98 6.39 5.45 8.20 0.97 9.22 1.82 2.90 2.08 8.60 8.79 4.76 2.60 2.92 2.73 8.32 
6.51 6.06 9.31 5.71 4.76 10.70 4.42 3.59 8.52 2.90 0.90 8.30 7.41 3.24 10.08 5.48 7.84 7.61 2.66 8.54 6.61 10.15 8.26 4.13 6.03 7.58 3.06 2.70 7.69 3.93 8.36 9.98 6.50 4.55 4.56 5.59 8.35 7.45 9.65 3.57 3.56 6.00 8.24 2.65 4.67 3.07 4.98 1.82 7.79 4.87 8.05 7.45 6.56 0.15 0.57 9.63 5.88 6.87 7.43 2.70 
2.00 7.87 4.46 7.77 4.27 4.26 6.03 6.62 3.21 4.92 7.58 9.20 3.89 8.68 3.56 7.10 3.05 8.64 8.38 8.75 0.86 4.02 1.91 3.64 8.30 4.45 6.69 4.88 7.49 3.76 6.58 2.78 2.48 6.96 6.19 7.85 2.54 6.53 3.03 5.00 4.41 4.08 2.58 4.85 4.64 4.40 8.37 8.52 6.35 4.76 7.36 3.16 6.08 7.54 7.37 3.06 4.88 3.23 3.32 5.43 
2.63 8.81 4.65 8.73 5.06 3.88 7.06 7.69 3.48 5.92 8.67 10.00 4.53 9.77 3.23 8.06 3.54 9.48 9.48 9.50 1.96 3.82 1.64 4.63 9.25 5.07 7.77 5.98 8.26 4.77 7.20 2.10 3.03 7.98 7.20 8.82 2.80 7.28 2.74 5.91 5.51 4.63 2.41 5.91 5.41 5.49 9.39 9.62 7.04 5.50 8.07 3.76 6.92 8.61 8.43 2.78 5.77 3.98 3.94 6.41 
7.45 1.05 5.57 0.95 7.53 7.71 1.29 1.95 5.51 5.99 4.81 3.00 3.90 3.68 7.34 0.30 4.92 2.29 3.88 3.05 6.17 7.04 8.59 6.11 1.47 3.64 2.48 4.22 2.17 5.92 3.20 8.04 7.80 1.06 1.09 1.07 5.82 2.18 7.15 6.93 3.52 8.48 9.04 5.25 7.73 4.63 1.96 4.85 2.65 7.99 2.57 4.49 1.50 5.69 6.00 7.10 2.07 4.01 4.35 6.38 
