7.12 6.44 4.11 3.04 4.53 2.81 5.90 9.16 8.33 2.91 5.86 5.26 5.40 8.58 5.70 8.09 4.68 3.44 5.75 2.31 5.47 1.42 4.61 7.70 3.62 1.97 3.33 3.76 9.09 1.28 1.35 8.22 6.42 3.02 5.65 4.19 2.54 3.15 5.04 8.28 5.61 4.33 6.01 2.94 4.26 
3.59 6.52 6.89 9.72 7.07 11.77 5.06 0.92 1.05 7.14 5.81 7.99 8.30 1.73 8.41 1.71 6.16 6.20 5.38 10.42 3.88 7.89 5.03 7.83 8.11 11.12 6.84 6.48 0.31 9.95 7.95 2.44 10.22 6.31 8.58 10.50 7.02 9.81 4.43 1.83 6.41 5.56 3.31 10.95 8.85 
6.55 4.27 1.95 4.82 2.37 3.91 5.74 7.99 6.89 0.85 5.99 3.19 3.38 6.93 6.72 6.50 4.87 3.27 5.71 4.41 4.05 1.29 2.92 5.57 4.70 3.41 1.26 1.70 7.69 2.16 1.77 6.46 7.86 2.48 3.68 6.02 2.69 4.95 4.25 7.29 3.45 2.47 4.88 5.05 5.57 
4.35 6.26 4.22 2.95 4.75 5.64 3.07 6.66 6.11 3.09 3.09 5.89 6.15 6.63 3.72 6.08 1.91 0.75 2.93 3.48 3.55 1.96 3.31 7.87 1.89 4.79 3.30 3.49 6.81 3.96 1.63 6.46 5.09 1.06 6.49 3.98 0.39 3.06 2.52 5.68 5.43 3.42 3.65 4.02 2.86 
8.16 0.86 2.82 9.38 2.33 7.71 8.28 7.89 6.35 4.10 8.88 1.79 1.87 5.64 10.55 5.60 8.11 6.66 8.42 9.09 4.89 5.83 4.03 0.93 8.82 7.61 3.75 3.46 6.99 6.44 6.27 4.92 12.02 5.92 1.90 10.57 6.63 9.51 6.30 7.80 1.53 3.64 5.97 9.74 9.78 
9.33 7.32 5.19 4.63 5.43 0.58 8.13 11.22 10.25 4.30 8.09 5.70 5.71 10.36 7.69 9.92 6.90 5.66 7.99 3.41 7.38 3.43 6.34 8.21 5.67 0.39 4.70 5.13 11.04 1.31 3.52 9.91 8.09 5.15 5.86 5.55 4.76 4.71 7.18 10.40 6.59 5.92 8.06 3.80 6.14 
6.39 3.78 1.46 5.21 1.90 4.35 5.69 7.67 6.52 0.42 6.01 2.81 3.02 6.51 6.92 6.10 4.92 3.31 5.69 4.86 3.71 1.64 2.53 5.12 4.95 3.89 0.78 1.22 7.31 2.63 2.11 6.02 8.14 2.48 3.34 6.41 2.84 5.33 4.08 7.01 2.95 2.04 4.61 5.51 5.85 
7.27 6.17 3.86 3.43 4.25 2.63 6.10 9.21 8.32 2.70 6.11 4.93 5.06 8.52 6.05 8.04 4.92 3.60 5.97 2.67 5.45 1.40 4.52 7.40 3.96 1.85 3.12 3.56 9.09 0.95 1.46 8.13 6.81 3.10 5.30 4.57 2.72 3.54 5.13 8.36 5.36 4.19 6.05 3.29 4.63 
8.44 1.21 3.37 9.92 2.89 8.26 8.64 7.97 6.43 4.64 9.27 2.34 2.39 5.64 11.01 5.65 8.54 7.13 8.80 9.65 5.21 6.38 4.43 0.52 9.32 8.17 4.29 3.98 7.02 7.01 6.82 4.92 12.51 6.40 2.37 11.11 7.14 10.05 6.67 7.96 2.00 4.09 6.25 10.30 10.29 
5.67 3.75 1.51 5.07 2.04 4.92 5.02 6.98 5.87 0.38 5.37 3.14 3.40 5.92 6.46 5.48 4.33 2.71 5.03 4.92 3.03 1.59 1.90 5.25 4.57 4.38 0.57 0.91 6.66 3.14 1.99 5.47 7.79 1.88 3.74 6.25 2.40 5.20 3.36 6.30 2.90 1.49 3.89 5.56 5.52 
4.25 3.10 3.05 7.47 3.24 8.23 4.64 4.18 2.79 3.48 5.36 4.23 4.55 2.62 7.51 2.24 4.90 3.93 4.86 7.75 1.18 4.66 1.46 4.72 6.28 7.69 3.12 2.72 3.56 6.45 4.88 2.16 9.22 3.56 4.86 8.52 4.42 7.58 2.77 3.90 2.72 1.85 2.08 8.37 7.22 
2.35 5.14 4.10 5.84 4.52 7.99 2.36 3.80 3.14 3.75 3.06 5.72 6.04 3.74 5.30 3.17 2.70 2.23 2.56 6.45 1.13 4.02 2.07 6.83 4.37 7.27 3.60 3.41 3.84 6.17 4.01 3.70 7.06 2.35 6.39 6.74 3.04 5.94 0.54 2.96 4.52 2.63 0.68 6.99 5.24 
2.66 6.03 4.48 4.45 4.98 7.24 1.69 4.94 4.52 3.71 2.10 6.20 6.50 5.19 3.95 4.62 1.35 1.03 1.71 5.18 2.40 3.32 2.80 7.72 2.92 6.44 3.72 3.71 5.18 5.48 3.15 5.15 5.66 1.62 6.86 5.29 1.94 4.54 0.92 3.94 5.29 3.20 2.09 5.67 3.78 
9.45 7.23 5.14 4.86 5.36 0.46 8.28 11.29 10.30 4.30 8.25 5.58 5.58 10.38 7.90 9.95 7.06 5.79 8.14 3.65 7.43 3.52 6.36 8.08 5.88 0.63 4.69 5.12 11.09 1.36 3.64 9.92 8.33 5.25 5.71 5.79 4.90 4.94 7.28 10.49 6.52 5.93 8.13 4.05 6.36 
6.87 4.93 2.62 4.37 3.01 3.31 5.92 8.49 7.45 1.52 6.09 3.73 3.88 7.54 6.55 7.10 4.93 3.39 5.86 3.83 4.59 1.10 3.51 6.17 4.47 2.76 1.94 2.38 8.24 1.51 1.51 7.10 7.55 2.68 4.15 5.56 2.66 4.49 4.60 7.73 4.11 3.11 5.34 4.47 5.29 
4.37 8.61 6.67 2.61 7.21 7.24 2.77 7.21 7.18 5.56 2.16 8.36 8.62 7.97 1.25 7.40 1.64 2.68 2.45 3.86 5.29 4.26 5.48 10.26 1.01 6.34 5.76 5.93 7.73 5.87 3.82 8.01 2.78 3.42 8.96 2.90 2.84 2.63 3.78 6.11 7.81 5.72 4.89 4.07 1.14 
6.70 4.00 1.70 5.14 2.08 4.00 5.95 8.03 6.88 0.78 6.23 2.87 3.05 6.87 7.02 6.46 5.12 3.51 5.93 4.71 4.07 1.62 2.89 5.26 5.01 3.57 1.13 1.56 7.67 2.31 2.09 6.37 8.18 2.70 3.35 6.34 2.97 5.27 4.39 7.36 3.19 2.40 4.95 5.36 5.89 
8.86 4.34 2.82 6.73 2.76 3.50 8.16 9.93 8.64 2.83 8.44 2.51 2.44 8.41 9.06 8.10 7.32 5.72 8.15 5.94 6.00 3.59 4.75 4.92 6.98 3.60 2.98 3.26 9.42 2.72 4.02 7.81 10.03 4.92 2.52 7.89 5.11 6.85 6.55 9.37 3.81 4.17 6.99 6.52 7.78 
4.14 3.20 2.62 6.79 2.91 7.59 4.29 4.54 3.26 2.86 4.96 4.01 4.34 3.25 6.98 2.82 4.39 3.30 4.47 7.05 0.85 3.96 0.78 4.89 5.65 7.03 2.53 2.16 4.06 5.80 4.18 2.84 8.65 2.87 4.67 7.85 3.73 6.91 2.34 4.10 2.64 1.25 1.95 7.67 6.61 
2.57 7.41 7.36 9.12 7.63 11.77 4.16 0.52 1.96 7.36 4.84 8.68 8.99 2.98 7.41 2.75 5.42 5.81 4.48 9.97 4.09 7.80 5.34 8.86 7.42 11.05 7.13 6.83 1.66 9.95 7.78 3.62 9.19 6.11 9.30 9.77 6.70 9.19 4.09 0.86 7.15 5.92 3.19 10.44 8.05 
5.72 8.15 5.95 0.96 6.47 5.42 4.16 8.36 8.01 4.70 3.78 7.50 7.71 8.62 2.81 8.05 2.80 2.71 3.90 2.01 5.59 3.07 5.34 9.69 0.90 4.52 5.01 5.30 8.66 4.21 2.60 8.49 3.53 3.08 8.03 1.92 2.23 1.05 4.39 7.31 7.30 5.40 5.56 2.33 1.31 
1.87 7.40 7.12 8.46 7.44 11.29 3.46 1.14 2.22 7.01 4.13 8.53 8.85 3.31 6.70 2.97 4.74 5.24 3.78 9.35 3.81 7.32 5.06 8.92 6.75 10.55 6.80 6.54 2.16 9.48 7.26 3.88 8.48 5.60 9.17 9.08 6.14 8.53 3.57 0.44 7.06 5.65 2.81 9.80 7.36 
8.28 8.44 6.11 2.33 6.52 2.92 6.84 10.64 9.98 4.91 6.58 7.18 7.29 10.35 5.57 9.83 5.49 4.73 6.62 1.00 7.21 3.31 6.48 9.66 3.79 2.11 5.32 5.74 10.72 2.60 3.05 10.05 5.71 4.58 7.52 3.09 3.86 2.39 6.48 9.67 7.61 6.27 7.57 1.32 3.98 
0.55 6.76 5.95 6.62 6.35 9.59 1.74 2.74 2.92 5.58 2.49 7.54 7.86 3.92 5.08 3.39 2.92 3.44 2.06 7.51 2.75 5.63 3.89 8.41 4.92 8.82 5.45 5.27 3.33 7.80 5.52 4.22 6.90 3.89 8.20 7.28 4.35 6.70 1.90 1.65 6.24 4.46 1.65 7.96 5.58 
3.00 4.37 4.01 7.16 4.30 8.71 3.58 3.18 2.05 4.10 4.34 5.38 5.71 2.40 6.69 1.85 4.10 3.52 3.84 7.65 0.83 4.88 2.01 5.98 5.75 8.08 3.82 3.49 2.83 6.90 4.98 2.30 8.46 3.42 6.03 8.10 4.21 7.26 1.95 2.71 3.94 2.58 0.93 8.23 6.64 
1.41 6.51 5.32 5.44 5.77 8.48 1.00 3.88 3.77 4.74 1.75 6.99 7.31 4.62 4.21 4.05 1.80 2.27 1.25 6.30 2.51 4.55 3.38 8.21 3.77 7.68 4.68 4.58 4.31 6.72 4.40 4.75 6.02 2.82 7.66 6.15 3.18 5.52 1.08 2.82 5.87 3.89 1.67 6.76 4.49 
3.49 3.83 3.46 7.06 3.74 8.30 3.90 3.71 2.47 3.63 4.63 4.82 5.14 2.62 6.86 2.12 4.25 3.45 4.13 7.47 0.57 4.54 1.52 5.47 5.76 7.70 3.33 2.98 3.27 6.50 4.70 2.35 8.60 3.21 5.46 8.06 4.05 7.17 2.08 3.27 3.38 2.06 1.31 8.06 6.68 
6.69 4.68 2.36 4.50 2.77 3.57 5.79 8.25 7.20 1.24 5.99 3.54 3.71 7.27 6.55 6.83 4.84 3.27 5.73 4.03 4.33 1.08 3.25 5.95 4.50 3.03 1.66 2.10 7.99 1.78 1.53 6.82 7.62 2.52 3.99 5.70 2.60 4.63 4.40 7.51 3.86 2.83 5.11 4.67 5.34 
2.48 5.01 3.96 5.83 4.38 7.89 2.47 3.88 3.17 3.62 3.16 5.58 5.91 3.73 5.37 3.16 2.76 2.21 2.67 6.41 1.02 3.93 1.93 6.70 4.39 7.18 3.47 3.28 3.89 6.07 3.94 3.66 7.12 2.28 6.25 6.74 2.99 5.93 0.59 3.06 4.39 2.49 0.73 6.96 5.27 
5.71 1.83 1.31 7.16 1.40 6.81 5.68 6.02 4.62 2.19 6.26 2.43 2.75 4.31 7.98 4.02 5.50 4.10 5.81 7.12 2.42 3.80 1.41 3.52 6.36 6.41 1.77 1.33 5.38 5.15 4.16 3.71 9.52 3.42 3.07 8.31 4.21 7.28 3.71 5.67 1.11 1.06 3.53 7.76 7.33 
6.84 6.13 3.80 3.15 4.23 3.06 5.65 8.83 7.98 2.58 5.66 5.00 5.16 8.22 5.64 7.73 4.46 3.16 5.52 2.55 5.12 1.07 4.25 7.43 3.55 2.26 3.00 3.42 8.75 1.40 1.03 7.86 6.46 2.69 5.43 4.32 2.27 3.27 4.73 7.96 5.30 3.98 5.67 3.19 4.25 
4.59 6.17 4.08 2.89 4.62 5.38 3.33 6.85 6.25 2.92 3.35 5.73 5.99 6.74 3.89 6.19 2.17 0.94 3.20 3.33 3.63 1.71 3.30 7.77 1.99 4.54 3.15 3.37 6.97 3.70 1.37 6.55 5.21 1.04 6.32 3.96 0.20 3.00 2.70 5.89 5.34 3.37 3.81 3.89 2.95 
7.59 5.34 3.11 4.51 3.42 2.59 6.60 9.24 8.19 2.17 6.72 3.94 4.03 8.25 6.98 7.82 5.54 4.06 6.52 3.76 5.32 1.70 4.23 6.44 4.88 2.12 2.57 3.00 8.98 0.86 2.03 7.78 7.84 3.38 4.26 5.67 3.27 4.63 5.34 8.48 4.57 3.80 6.09 4.37 5.62 
7.60 0.50 2.16 8.72 1.69 7.24 7.65 7.50 5.99 3.44 8.24 1.43 1.61 5.37 9.88 5.26 7.45 5.99 7.79 8.45 4.32 5.18 3.39 1.61 8.14 7.08 3.08 2.79 6.67 5.89 5.61 4.67 11.35 5.24 1.76 9.91 5.95 8.84 5.68 7.34 0.87 2.98 5.41 9.10 9.11 
6.72 10.26 8.09 1.84 8.61 6.90 5.12 9.57 9.51 6.85 4.47 9.64 9.85 10.26 2.20 9.68 3.97 4.57 4.81 3.03 7.41 5.20 7.35 11.82 2.22 6.04 7.15 7.43 10.08 6.05 4.73 10.23 1.69 5.11 10.16 1.00 4.30 1.73 6.00 8.47 9.42 7.46 7.16 2.83 1.30 
6.48 9.46 7.25 0.96 7.77 6.07 4.88 9.27 9.07 6.00 4.33 8.77 8.98 9.75 2.50 9.18 3.61 3.92 4.58 2.23 6.80 4.33 6.63 10.99 1.65 5.20 6.32 6.61 9.68 5.16 3.86 9.67 2.52 4.37 9.28 0.75 3.53 0.87 5.49 8.18 8.61 6.70 6.66 2.17 1.04 
4.89 6.80 4.66 2.25 5.19 5.30 3.49 7.31 6.80 3.45 3.37 6.27 6.52 7.33 3.46 6.78 2.19 1.43 3.31 2.81 4.25 2.02 3.95 8.37 1.43 4.43 3.72 3.97 7.49 3.75 1.58 7.16 4.64 1.69 6.84 3.31 0.84 2.36 3.19 6.31 5.95 4.01 4.34 3.33 2.36 
5.52 2.50 0.96 6.38 1.34 6.14 5.28 6.23 4.93 1.44 5.80 2.55 2.87 4.78 7.35 4.42 4.94 3.46 5.38 6.32 2.36 3.01 1.13 4.13 5.65 5.70 1.03 0.58 5.71 4.44 3.37 4.25 8.84 2.72 3.22 7.54 3.48 6.50 3.36 5.74 1.67 0.56 3.44 6.97 6.62 
5.43 2.48 1.08 6.44 1.44 6.28 5.22 6.09 4.79 1.56 5.76 2.64 2.96 4.63 7.35 4.27 4.92 3.46 5.32 6.41 2.24 3.10 1.02 4.13 5.67 5.83 1.16 0.72 5.57 4.57 3.45 4.10 8.85 2.74 3.30 7.60 3.51 6.56 3.28 5.61 1.67 0.48 3.32 7.06 6.64 
7.46 2.39 1.01 7.05 0.73 5.22 7.08 8.12 6.74 1.90 7.52 0.96 1.18 6.42 8.70 6.15 6.53 4.93 7.13 6.61 4.32 3.49 3.09 3.39 6.77 5.05 1.73 1.73 7.51 3.87 3.96 5.80 9.98 4.10 1.51 8.25 4.62 7.17 5.23 7.68 1.76 2.50 5.40 7.25 7.70 
6.85 0.75 2.68 8.95 2.39 8.14 7.14 6.41 4.88 3.85 7.80 2.60 2.83 4.18 9.69 4.12 7.15 5.85 7.32 8.87 3.66 5.55 3.05 2.13 8.14 7.88 3.44 3.04 5.52 6.64 5.93 3.46 11.28 5.20 3.01 10.11 6.01 9.08 5.18 6.37 1.22 2.84 4.68 9.52 9.11 
10.27 8.78 6.63 4.72 6.89 1.32 8.95 12.37 11.49 5.68 8.79 7.16 7.16 11.67 7.96 11.21 7.64 6.60 8.76 3.38 8.62 4.58 7.65 9.66 6.11 1.41 6.09 6.53 12.27 2.67 4.55 11.25 8.04 6.22 7.29 5.38 5.69 4.77 8.24 11.48 8.05 7.27 9.21 3.53 6.37 
1.57 6.46 5.22 5.30 5.68 8.33 1.00 4.02 3.86 4.62 1.73 6.90 7.22 4.69 4.13 4.13 1.69 2.12 1.23 6.15 2.49 4.40 3.30 8.16 3.63 7.53 4.57 4.48 4.42 6.57 4.24 4.81 5.94 2.67 7.57 6.02 3.03 5.38 1.00 2.97 5.81 3.81 1.70 6.61 4.37 
7.51 1.69 3.89 10.14 3.56 9.29 8.00 6.60 5.07 5.07 8.70 3.55 3.71 4.17 10.73 4.28 8.15 6.94 8.21 10.09 4.51 6.76 4.12 2.05 9.27 9.06 4.66 4.26 5.58 7.83 7.14 3.45 12.36 6.34 3.81 11.29 7.16 10.26 6.09 6.76 2.41 3.99 5.41 10.74 10.24 
8.39 3.31 2.04 7.13 1.84 4.48 7.87 9.20 7.85 2.48 8.23 1.47 1.43 7.54 9.15 7.26 7.17 5.55 7.89 6.49 5.35 3.71 4.09 3.93 7.13 4.47 2.49 2.64 8.62 3.43 4.18 6.91 10.28 4.72 1.57 8.32 5.09 7.25 6.11 8.72 2.81 3.51 6.40 7.11 8.00 
2.69 4.76 4.43 7.29 4.72 9.06 3.43 2.78 1.75 4.48 4.20 5.81 6.13 2.28 6.63 1.71 4.08 3.67 3.70 7.85 1.19 5.18 2.42 6.36 5.83 8.40 4.22 3.90 2.51 7.23 5.26 2.30 8.42 3.65 6.45 8.19 4.42 7.39 1.98 2.29 4.35 2.99 0.83 8.41 6.68 
8.14 1.26 2.19 8.68 1.65 6.76 8.06 8.20 6.70 3.41 8.60 0.84 0.92 6.11 10.08 5.99 7.74 6.22 8.17 8.30 4.85 5.11 3.80 1.70 8.26 6.68 3.12 2.92 7.39 5.54 5.57 5.41 11.48 5.43 1.02 9.88 6.07 8.81 6.11 7.98 1.37 3.32 5.95 8.94 9.21 
5.03 7.36 5.23 1.80 5.76 5.49 3.54 7.58 7.17 4.01 3.29 6.83 7.07 7.75 3.00 7.19 2.18 1.84 3.31 2.59 4.71 2.51 4.49 8.94 0.91 4.59 4.29 4.54 7.84 4.05 2.05 7.62 4.09 2.23 7.39 2.79 1.40 1.90 3.54 6.55 6.52 4.57 4.72 3.03 1.80 
1.53 5.84 4.92 6.14 5.33 8.69 1.90 3.24 2.90 4.56 2.67 6.52 6.85 3.70 5.13 3.13 2.65 2.68 2.17 6.88 1.79 4.71 2.87 7.51 4.53 7.94 4.42 4.24 3.50 6.88 4.65 3.82 6.93 2.99 7.19 6.93 3.56 6.22 0.96 2.28 5.27 3.44 0.78 7.38 5.32 
8.51 7.19 4.94 3.71 5.27 1.51 7.26 10.52 9.63 3.90 7.18 5.73 5.80 9.82 6.74 9.35 6.00 4.82 7.10 2.56 6.76 2.72 5.81 8.25 4.73 0.61 4.31 4.75 10.41 1.01 2.72 9.42 7.19 4.39 5.99 4.69 3.92 3.80 6.42 9.66 6.41 5.46 7.36 3.03 5.20 
5.98 2.95 4.38 9.77 4.28 9.93 6.74 4.72 3.20 5.28 7.50 4.76 5.01 2.25 9.78 2.42 7.18 6.26 6.99 9.97 3.46 6.74 3.63 3.93 8.61 9.53 4.86 4.42 3.67 8.27 7.03 1.55 11.52 5.85 5.21 10.83 6.71 9.88 5.01 4.98 3.23 3.79 4.08 10.60 9.55 
1.21 6.38 5.32 5.81 5.76 8.72 1.28 3.51 3.39 4.83 2.06 6.97 7.29 4.26 4.56 3.70 2.18 2.55 1.57 6.65 2.35 4.76 3.32 8.07 4.14 7.94 4.74 4.60 3.93 6.94 4.64 4.42 6.38 3.03 7.63 6.52 3.46 5.89 1.11 2.47 5.78 3.86 1.40 7.11 4.87 
5.58 7.87 5.67 1.17 6.20 5.32 4.05 8.18 7.79 4.43 3.71 7.23 7.45 8.38 2.95 7.82 2.68 2.47 3.80 2.07 5.34 2.81 5.07 9.41 0.92 4.41 4.74 5.02 8.45 4.04 2.34 8.24 3.77 2.81 7.76 2.19 1.96 1.27 4.17 7.13 7.02 5.12 5.34 2.46 1.52 
8.12 1.82 4.13 10.53 3.75 9.39 8.57 7.21 5.67 5.36 9.26 3.53 3.64 4.76 11.24 4.88 8.68 7.42 8.77 10.41 5.08 7.08 4.60 1.62 9.72 9.22 4.97 4.59 6.17 8.01 7.48 4.05 12.85 6.78 3.68 11.69 7.59 10.65 6.64 7.37 2.63 4.42 6.00 11.06 10.69 
6.03 10.23 8.16 2.45 8.69 7.58 4.47 8.92 8.98 6.96 3.76 9.78 10.01 9.79 1.31 9.22 3.46 4.36 4.15 3.75 7.09 5.42 7.18 11.84 2.09 6.69 7.22 7.45 9.50 6.56 4.95 9.83 1.15 5.01 10.34 1.90 4.28 2.38 5.60 7.82 9.40 7.37 6.71 3.65 1.14 
1.31 7.81 6.57 5.55 7.04 9.26 0.56 4.22 4.54 5.91 0.98 8.27 8.58 5.52 3.54 4.98 1.88 3.10 0.75 6.62 3.80 5.46 4.67 9.50 3.79 8.42 5.89 5.82 4.92 7.57 5.22 5.77 5.34 3.81 8.93 6.02 3.94 5.60 2.37 3.11 7.17 5.17 2.86 6.97 4.27 
