3.84 8.05 3.15 8.02 6.11 2.42 6.58 7.36 2.07 6.56 8.85 8.96 3.41 9.58 1.74 7.37 2.33 8.50 9.37 8.38 2.46 2.28 3.20 5.35 8.52 3.90 7.55 6.19 7.19 5.44 5.96 1.12 4.30 7.47 6.69 8.15 1.44 6.20 1.21 6.77 5.50 5.91 3.97 6.37 6.47 5.81 8.86 9.69 5.88 6.60 6.93 2.67 5.99 8.96 8.87 1.25 5.01 3.08 2.84 7.11 
0.88 8.53 7.00 8.32 1.58 7.08 6.37 6.54 5.76 3.01 6.34 10.34 5.88 8.09 6.39 7.70 5.39 9.68 7.64 10.08 2.45 6.82 2.54 1.83 8.85 6.40 6.38 3.98 8.83 2.06 8.36 5.54 0.62 7.22 6.56 8.34 5.18 8.00 5.86 2.63 4.14 1.30 2.35 3.36 1.92 3.39 8.52 7.41 7.98 1.99 8.85 5.31 7.31 5.94 5.63 5.88 6.01 5.10 5.43 3.34 
6.67 6.82 0.58 6.94 8.54 1.93 6.24 7.24 1.63 8.33 9.56 6.93 2.51 9.49 2.02 6.41 2.16 6.68 9.47 6.20 4.93 1.37 6.41 7.41 7.32 2.53 7.62 7.29 5.25 7.40 3.68 3.40 7.16 6.90 6.26 7.11 2.21 4.38 2.28 8.85 6.33 8.68 7.17 7.88 8.89 7.15 8.08 10.13 3.90 9.08 4.83 2.47 4.66 10.01 10.06 2.21 4.37 3.02 2.46 8.90 
5.43 5.83 8.38 5.51 3.83 9.67 3.93 3.29 7.53 1.90 1.51 8.06 6.51 3.67 9.04 5.15 6.86 7.36 3.12 8.20 5.50 9.13 7.17 3.06 5.90 6.73 2.81 1.66 7.24 2.85 7.72 8.89 5.44 4.28 4.10 5.42 7.32 6.87 8.60 2.70 2.61 5.07 7.17 1.55 3.80 1.98 5.01 2.60 7.16 4.02 7.54 6.48 5.98 1.19 1.13 8.58 5.14 5.92 6.48 1.84 
1.08 9.26 6.33 9.11 3.40 5.87 7.24 7.63 5.09 4.74 7.92 10.81 5.71 9.45 5.21 8.46 4.93 10.21 9.06 10.43 2.14 5.75 0.70 3.46 9.65 6.26 7.57 5.37 9.16 3.67 8.37 4.11 1.23 8.15 7.42 9.17 4.41 8.23 4.69 4.46 5.23 2.71 0.82 4.96 3.72 4.80 9.53 8.96 8.10 3.74 9.07 5.00 7.68 7.64 7.37 4.73 6.42 5.00 5.16 5.13 
10.07 2.10 6.51 2.44 10.36 8.80 4.15 4.63 6.98 8.86 7.33 0.14 5.49 5.58 8.65 2.79 6.57 0.58 5.99 0.88 8.59 8.16 10.99 8.93 2.17 5.01 5.13 7.08 1.73 8.75 3.24 9.68 10.46 3.65 3.95 2.57 7.49 2.71 8.62 9.80 6.36 11.27 11.53 8.12 10.58 7.49 3.38 7.09 3.09 10.84 2.10 6.24 3.04 8.30 8.66 8.56 4.30 5.95 6.07 9.23 
4.06 4.99 3.17 4.92 5.22 4.52 3.38 4.18 2.29 4.67 6.01 6.29 1.51 6.43 3.96 4.25 1.61 5.72 6.27 5.88 2.41 3.93 4.78 3.91 5.44 1.96 4.42 3.59 4.61 3.85 3.91 4.26 4.51 4.27 3.49 5.02 2.21 3.68 3.60 5.29 2.67 5.70 5.35 4.18 5.54 3.44 5.67 6.72 3.58 5.77 4.53 1.24 3.16 6.35 6.38 3.57 1.96 0.74 1.26 5.24 
9.22 2.76 4.94 3.08 9.90 7.22 4.12 4.91 5.55 8.63 7.77 1.66 4.20 6.41 7.12 3.06 5.24 1.66 6.72 0.89 7.61 6.59 9.93 8.46 3.10 3.67 5.44 6.91 0.81 8.31 1.66 8.24 9.66 3.99 3.96 3.26 6.12 1.52 7.15 9.52 6.04 10.66 10.54 7.91 10.15 7.20 4.30 7.75 1.69 10.41 0.67 4.97 2.26 8.64 8.94 7.08 3.52 4.79 4.79 9.08 
5.65 3.51 6.44 3.21 5.09 8.11 1.45 1.11 5.84 3.37 2.57 5.68 4.52 2.94 7.57 2.76 5.15 4.97 2.69 5.76 4.91 7.50 7.14 3.77 3.68 4.60 0.96 1.62 4.76 3.55 5.30 7.79 5.88 1.98 1.63 3.16 5.83 4.41 7.21 4.33 1.38 6.18 7.40 2.63 5.24 2.15 3.10 3.13 4.73 5.50 5.06 4.72 3.51 3.22 3.44 7.18 2.83 4.12 4.66 3.70 
4.30 5.54 2.34 5.52 5.81 3.60 4.16 5.03 1.36 5.48 6.94 6.56 1.13 7.29 3.05 4.87 0.70 6.06 7.16 6.05 2.52 3.00 4.68 4.60 6.01 1.68 5.29 4.50 4.81 4.57 3.82 3.49 4.78 5.01 4.25 5.64 1.33 3.83 2.72 6.02 3.60 6.14 5.33 5.04 6.16 4.31 6.38 7.64 3.60 6.36 4.63 0.46 3.51 7.28 7.29 2.68 2.50 0.57 0.59 6.05 
6.89 2.92 3.38 3.04 7.70 5.61 2.77 3.77 3.57 6.63 6.51 3.54 2.02 5.85 5.34 2.54 3.11 3.07 5.96 3.04 5.27 4.94 7.61 6.28 3.42 1.59 4.26 5.02 1.79 6.15 1.33 6.25 7.33 3.18 2.70 3.22 4.04 0.82 5.24 7.45 4.05 8.39 8.21 5.95 7.98 5.20 4.21 6.81 0.81 8.23 1.66 2.77 0.76 7.23 7.43 5.18 1.35 2.49 2.59 7.13 
6.78 4.50 1.86 4.63 8.07 4.14 4.20 5.22 2.41 7.34 7.81 4.70 1.39 7.39 3.98 4.14 2.21 4.39 7.45 4.02 5.01 3.49 7.13 6.72 5.00 0.89 5.67 5.94 2.96 6.65 1.51 5.08 7.26 4.73 4.17 4.81 3.03 2.05 3.99 8.05 4.94 8.54 7.80 6.75 8.39 5.97 5.81 8.22 1.59 8.62 2.59 2.07 2.36 8.42 8.57 3.92 2.42 2.18 1.91 7.89 
1.80 6.99 4.64 6.85 3.53 4.98 5.03 5.54 3.42 3.85 6.40 8.51 3.59 7.55 4.29 6.19 3.03 7.90 7.23 8.14 0.31 4.62 2.65 2.63 7.39 4.12 5.57 3.71 6.87 2.72 6.18 3.79 2.28 5.96 5.20 6.92 2.87 5.96 3.77 4.06 3.26 3.66 3.12 3.71 3.89 3.23 7.36 7.35 5.86 4.06 6.81 2.96 5.39 6.38 6.23 3.78 4.12 2.82 3.10 4.38 
8.79 0.38 6.33 0.72 8.83 8.57 2.55 2.92 6.49 7.23 5.62 1.86 4.88 3.98 8.28 1.16 5.95 1.18 4.34 2.20 7.47 7.90 9.89 7.42 0.61 4.52 3.41 5.46 1.90 7.23 3.42 9.11 9.14 1.94 2.35 0.86 6.88 2.50 8.15 8.19 4.83 9.80 10.36 6.49 9.02 5.91 1.81 5.42 3.00 9.28 2.42 5.56 2.26 6.58 6.94 8.10 3.25 5.13 5.40 7.58 
1.36 9.61 7.67 9.41 2.17 7.45 7.46 7.64 6.41 3.94 7.32 11.39 6.74 9.16 6.77 8.79 6.13 10.74 8.69 11.11 3.15 7.27 2.24 2.87 9.94 7.27 7.47 5.06 9.85 3.10 9.30 5.73 0.88 8.32 7.66 9.43 5.78 9.00 6.24 3.37 5.24 1.15 1.74 4.37 2.40 4.47 9.62 8.40 8.95 2.34 9.85 6.11 8.33 6.85 6.51 6.28 7.04 5.97 6.25 4.18 
3.93 7.54 2.73 7.53 6.09 2.38 6.12 6.93 1.59 6.39 8.51 8.44 2.90 9.16 1.69 6.88 1.81 7.99 8.97 7.86 2.38 2.10 3.51 5.22 8.02 3.39 7.14 5.89 6.67 5.29 5.45 1.51 4.41 7.00 6.22 7.65 0.93 5.68 1.17 6.66 5.15 5.99 4.27 6.14 6.45 5.54 8.38 9.33 5.37 6.60 6.41 2.16 5.48 8.68 8.61 1.18 4.51 2.58 2.33 6.94 
5.30 6.82 9.00 6.49 3.34 10.12 4.87 4.28 8.06 1.64 2.23 9.04 7.19 4.53 9.46 6.13 7.42 8.34 3.96 9.17 5.69 9.62 7.06 2.95 6.89 7.45 3.80 2.31 8.18 2.78 8.59 9.17 5.23 5.26 5.05 6.40 7.78 7.77 8.99 2.13 3.31 4.58 6.96 1.72 3.23 2.40 5.99 3.26 8.04 3.42 8.47 7.07 6.88 1.44 1.04 8.98 5.96 6.54 7.09 1.29 
1.70 9.54 6.15 9.41 4.06 5.47 7.58 8.04 4.93 5.36 8.49 10.98 5.72 9.93 4.82 8.75 4.85 10.41 9.56 10.56 2.33 5.41 0.09 4.07 9.95 6.27 8.02 5.89 9.30 4.26 8.41 3.63 1.89 8.51 7.75 9.48 4.24 8.35 4.33 5.11 5.67 3.34 0.83 5.54 4.37 5.33 9.90 9.51 8.17 4.40 9.17 4.98 7.86 8.24 7.98 4.37 6.62 5.06 5.15 5.76 
2.31 6.52 6.13 6.30 2.18 6.88 4.33 4.48 5.02 1.85 4.61 8.41 4.60 6.13 6.20 5.69 4.47 7.74 5.72 8.23 2.30 6.44 3.96 0.81 6.82 5.03 4.34 2.02 7.01 0.78 6.77 5.79 2.49 5.18 4.53 6.31 4.61 6.26 5.70 2.23 2.09 2.97 4.09 1.74 2.48 1.45 6.46 5.63 6.32 2.72 7.09 4.23 5.49 4.45 4.26 5.70 4.23 3.83 4.30 2.40 
2.57 6.40 6.30 6.17 2.18 7.11 4.21 4.30 5.22 1.60 4.33 8.34 4.72 5.88 6.44 5.58 4.65 7.66 5.46 8.19 2.58 6.67 4.24 0.74 6.69 5.13 4.13 1.77 6.98 0.63 6.81 6.07 2.71 5.03 4.41 6.17 4.83 6.26 5.95 2.07 1.93 3.06 4.35 1.45 2.44 1.19 6.29 5.35 6.34 2.70 7.09 4.39 5.46 4.16 3.97 5.95 4.23 3.96 4.45 2.16 
8.78 3.60 9.06 3.29 7.74 11.01 3.42 2.49 8.73 5.80 2.71 5.57 7.21 0.38 10.54 3.49 8.06 5.00 0.95 6.07 8.16 10.36 10.35 6.65 3.32 7.11 2.30 4.47 5.67 6.42 6.92 10.92 8.95 2.77 3.38 3.10 8.85 5.90 10.24 6.70 4.60 8.96 10.56 5.20 7.78 5.06 2.08 1.93 6.38 8.02 6.16 7.61 5.20 3.70 4.17 10.20 5.28 7.03 7.51 5.87 
7.10 2.83 3.48 2.97 7.89 5.73 2.83 3.83 3.73 6.80 6.60 3.35 2.20 5.87 5.48 2.51 3.29 2.90 5.99 2.84 5.48 5.06 7.82 6.47 3.33 1.74 4.33 5.17 1.59 6.34 1.19 6.41 7.54 3.19 2.75 3.15 4.21 0.62 5.39 7.63 4.21 8.59 8.41 6.12 8.17 5.36 4.16 6.86 0.64 8.42 1.46 2.95 0.74 7.33 7.55 5.33 1.52 2.69 2.78 7.29 
4.71 3.99 3.74 3.90 5.43 5.41 2.33 3.17 3.12 4.50 5.24 5.46 1.83 5.44 4.89 3.23 2.43 4.85 5.32 5.14 3.25 4.78 5.67 4.01 4.42 2.05 3.45 3.09 3.88 3.90 3.53 5.30 5.12 3.22 2.44 3.99 3.18 3.05 4.58 5.26 2.10 6.11 6.18 3.89 5.72 3.11 4.62 5.86 3.08 5.96 3.90 1.99 2.36 5.71 5.80 4.54 1.07 1.39 1.93 5.03 
4.18 6.78 2.19 6.78 6.13 2.54 5.43 6.28 0.94 6.19 8.04 7.66 2.11 8.54 1.91 6.13 1.03 7.20 8.38 7.08 2.46 2.07 4.06 5.12 7.26 2.60 6.53 5.48 5.88 5.15 4.68 2.21 4.67 6.29 5.53 6.91 0.28 4.89 1.50 6.57 4.67 6.20 4.79 5.86 6.49 5.20 7.66 8.80 4.59 6.67 5.63 1.38 4.70 8.29 8.25 1.47 3.77 1.83 1.54 6.75 
4.73 5.95 7.92 5.64 3.20 9.11 3.91 3.44 7.01 1.25 2.17 8.15 6.09 4.19 8.46 5.22 6.36 7.44 3.66 8.22 4.83 8.59 6.46 2.36 6.07 6.36 3.02 1.22 7.18 2.14 7.52 8.26 4.75 4.40 4.09 5.57 6.76 6.73 8.01 2.14 2.22 4.44 6.47 0.85 3.21 1.37 5.29 3.26 6.97 3.45 7.44 6.00 5.83 1.87 1.71 8.00 4.88 5.46 6.01 1.34 
4.99 8.40 2.70 8.42 7.26 1.31 7.17 8.04 2.03 7.65 9.75 9.03 3.62 10.30 0.69 7.79 2.57 8.65 10.14 8.38 3.59 1.35 4.21 6.47 8.89 4.01 8.28 7.14 7.26 6.55 5.87 0.79 5.45 8.01 7.26 8.56 1.69 6.29 0.37 7.90 6.38 7.06 4.97 7.42 7.63 6.81 9.36 10.54 5.91 7.76 6.94 3.00 6.25 9.94 9.88 0.44 5.45 3.54 3.14 8.20 
6.79 4.17 2.17 4.30 7.99 4.45 3.90 4.92 2.63 7.19 7.55 4.43 1.42 7.07 4.25 3.81 2.36 4.09 7.14 3.77 5.05 3.79 7.22 6.62 4.67 0.88 5.38 5.74 2.67 6.54 1.31 5.32 7.26 4.41 3.87 4.48 3.21 1.74 4.24 7.93 4.74 8.51 7.88 6.58 8.30 5.80 5.48 7.94 1.31 8.54 2.33 2.16 2.03 8.18 8.34 4.17 2.16 2.17 1.99 7.73 
2.66 6.20 3.99 6.09 4.12 4.67 4.34 4.95 2.82 4.04 6.16 7.66 2.75 7.06 4.01 5.42 2.33 7.06 6.79 7.27 1.02 4.22 3.44 2.99 6.62 3.27 5.05 3.50 6.00 3.01 5.31 3.81 3.13 5.26 4.49 6.17 2.39 5.09 3.53 4.44 2.85 4.42 3.96 3.74 4.47 3.13 6.68 7.03 4.98 4.66 5.93 2.18 4.53 6.28 6.20 3.52 3.27 1.97 2.30 4.60 
4.55 7.51 2.22 7.52 6.68 1.82 6.24 7.11 1.24 6.90 8.86 8.25 2.76 9.37 1.14 6.89 1.68 7.83 9.21 7.63 2.97 1.48 4.10 5.77 8.00 3.19 7.36 6.28 6.47 5.82 5.16 1.48 5.03 7.09 6.33 7.66 0.77 5.49 0.68 7.21 5.49 6.62 4.86 6.61 7.05 5.97 8.45 9.63 5.14 7.20 6.18 2.10 5.39 9.09 9.04 0.66 4.54 2.61 2.24 7.46 
8.55 0.17 6.23 0.51 8.58 8.46 2.30 2.69 6.35 6.99 5.41 2.09 4.74 3.83 8.16 0.92 5.80 1.40 4.17 2.38 7.25 7.79 9.67 7.17 0.59 4.40 3.18 5.21 1.95 6.98 3.41 8.96 8.90 1.70 2.10 0.67 6.72 2.45 8.01 7.94 4.58 9.56 10.14 6.24 8.77 5.66 1.70 5.24 2.96 9.04 2.47 5.40 2.13 6.36 6.71 7.96 3.06 4.96 5.24 7.34 
6.94 5.95 0.75 6.09 8.60 2.90 5.57 6.59 1.92 8.17 9.06 5.97 2.07 8.79 2.91 5.60 2.18 5.73 8.82 5.23 5.16 2.30 6.92 7.36 6.45 1.89 7.01 6.96 4.30 7.33 2.71 4.22 7.44 6.16 5.56 6.27 2.61 3.45 3.08 8.77 5.97 8.87 7.66 7.65 8.94 6.89 7.26 9.55 2.97 9.15 3.87 2.33 3.82 9.59 9.68 3.01 3.72 2.76 2.26 8.73 
8.26 3.26 3.70 3.51 9.16 5.99 3.94 4.87 4.32 8.08 7.71 2.84 3.04 6.71 5.88 3.25 4.05 2.66 6.92 2.12 6.57 5.35 8.84 7.74 3.71 2.50 5.39 6.44 1.26 7.61 0.41 7.00 8.71 4.09 3.82 3.70 4.91 0.90 5.91 8.91 5.49 9.82 9.47 7.39 9.44 6.64 4.77 7.87 0.65 9.69 0.77 3.81 1.79 8.50 8.74 5.84 2.80 3.70 3.63 8.57 
6.02 8.98 2.86 9.04 8.32 0.65 7.94 8.85 2.64 8.70 10.71 9.38 4.24 11.13 0.80 8.44 3.29 9.07 11.00 8.68 4.66 1.21 5.12 7.53 9.48 4.53 9.14 8.14 7.65 7.60 6.14 1.47 6.47 8.75 8.01 9.19 2.53 6.71 1.18 8.96 7.33 8.09 5.88 8.45 8.69 7.82 10.05 11.46 6.28 8.81 7.27 3.73 6.80 10.94 10.89 1.20 6.15 4.31 3.84 9.26 
4.89 3.62 4.43 3.48 5.27 6.12 1.72 2.49 3.83 4.11 4.55 5.32 2.51 4.74 5.60 2.81 3.14 4.67 4.61 5.11 3.62 5.50 6.03 3.83 4.01 2.65 2.74 2.56 3.89 3.68 3.83 5.95 5.26 2.64 1.86 3.54 3.88 3.18 5.27 4.94 1.57 6.08 6.47 3.45 5.53 2.68 4.06 5.14 3.32 5.78 4.00 2.71 2.37 5.06 5.18 5.24 1.17 2.11 2.64 4.62 
4.18 4.84 6.21 4.58 3.64 7.52 2.64 2.61 5.35 2.13 3.09 6.90 4.37 4.27 6.91 4.03 4.69 6.20 3.90 6.85 3.68 6.97 5.75 2.28 5.08 4.62 2.44 0.52 5.72 2.06 5.87 6.87 4.38 3.39 2.85 4.56 5.17 5.15 6.48 3.04 0.50 4.69 5.95 1.41 3.82 0.71 4.60 3.99 5.34 4.09 5.92 4.31 4.28 3.29 3.30 6.46 3.21 3.75 4.31 2.59 
4.53 6.84 1.87 6.85 6.50 2.22 5.59 6.47 0.68 6.54 8.32 7.61 2.09 8.74 1.62 6.22 1.01 7.18 8.60 7.00 2.83 1.72 4.34 5.48 7.33 2.54 6.74 5.79 5.83 5.51 4.56 2.15 5.03 6.43 5.67 6.99 0.13 4.84 1.28 6.93 4.95 6.56 5.09 6.20 6.86 5.52 7.78 9.06 4.51 7.04 5.55 1.42 4.72 8.59 8.57 1.24 3.87 1.95 1.57 7.11 
7.36 3.68 8.21 3.34 6.32 10.01 2.62 1.60 7.72 4.39 1.63 5.89 6.30 1.08 9.48 3.25 7.03 5.23 0.73 6.22 6.82 9.38 8.95 5.21 3.58 6.29 1.17 3.04 5.54 4.98 6.51 9.74 7.52 2.34 2.67 3.19 7.76 5.52 9.15 5.30 3.25 7.52 9.14 3.76 6.36 3.63 2.48 1.46 5.94 6.61 5.97 6.59 4.70 2.64 3.07 9.11 4.45 6.00 6.52 4.49 
8.63 3.73 9.07 3.41 7.55 10.99 3.41 2.45 8.70 5.61 2.49 5.75 7.21 0.20 10.51 3.58 8.03 5.16 0.72 6.23 8.05 10.35 10.21 6.48 3.47 7.12 2.22 4.31 5.79 6.25 7.00 10.86 8.79 2.81 3.39 3.23 8.80 5.98 10.20 6.50 4.48 8.77 10.41 5.01 7.58 4.90 2.24 1.70 6.45 7.82 6.27 7.58 5.26 3.47 3.94 10.16 5.28 7.00 7.49 5.66 
4.42 5.94 2.00 5.93 6.10 3.09 4.64 5.52 0.89 5.89 7.44 6.84 1.30 7.79 2.54 5.29 0.36 6.37 7.66 6.29 2.63 2.51 4.60 4.95 6.42 1.82 5.80 4.98 5.07 4.94 3.95 3.05 4.91 5.48 4.72 6.06 0.84 4.08 2.23 6.39 4.09 6.34 5.29 5.48 6.46 4.77 6.84 8.15 3.80 6.65 4.84 0.54 3.86 7.76 7.77 2.19 2.93 1.00 0.71 6.46 
2.80 10.72 9.12 10.49 2.48 8.86 8.53 8.57 7.87 4.43 7.80 12.60 8.15 9.84 8.19 9.89 7.58 11.93 9.34 12.37 4.59 8.71 3.48 3.69 11.01 8.67 8.33 5.88 11.12 3.91 10.66 7.10 2.31 9.34 8.73 10.49 7.23 10.30 7.67 3.61 6.25 1.28 2.81 5.02 2.50 5.32 10.56 8.89 10.28 2.31 11.15 7.54 9.60 7.16 6.76 7.71 8.31 7.37 7.67 4.49 
6.59 3.11 3.21 3.20 7.43 5.41 2.72 3.74 3.32 6.40 6.42 3.84 1.75 5.88 5.11 2.66 2.84 3.35 5.95 3.35 4.96 4.74 7.30 6.01 3.61 1.35 4.21 4.82 2.09 5.89 1.55 5.98 7.03 3.22 2.67 3.36 3.76 1.13 4.99 7.21 3.84 8.10 7.89 5.74 7.72 4.97 4.32 6.76 1.07 7.97 1.97 2.48 0.92 7.10 7.29 4.93 1.13 2.19 2.31 6.91 
3.10 7.62 3.45 7.56 5.29 3.18 6.00 6.72 2.22 5.72 8.06 8.72 3.22 8.90 2.49 6.90 2.23 8.21 8.66 8.20 1.62 2.93 2.77 4.51 8.07 3.75 6.87 5.38 6.96 4.59 5.88 1.94 3.58 6.90 6.12 7.67 1.54 5.98 1.96 5.92 4.74 5.17 3.51 5.53 5.66 4.98 8.31 8.93 5.72 5.80 6.76 2.45 5.66 8.14 8.03 1.98 4.57 2.71 2.62 6.26 
7.40 2.83 7.59 2.48 6.63 9.48 1.93 0.95 7.19 4.76 2.43 5.05 5.71 1.33 9.00 2.40 6.52 4.38 1.35 5.37 6.65 8.84 8.90 5.41 2.75 5.65 0.79 3.20 4.69 5.18 5.71 9.37 7.61 1.50 1.93 2.34 7.30 4.71 8.69 5.71 3.14 7.79 9.16 4.07 6.72 3.77 1.73 2.30 5.15 6.97 5.12 6.07 3.92 3.42 3.82 8.65 3.80 5.49 5.98 4.95 
6.15 8.24 2.03 8.32 8.33 0.27 7.33 8.28 2.03 8.52 10.29 8.56 3.56 10.55 0.61 7.74 2.72 8.26 10.46 7.84 4.62 0.40 5.48 7.41 8.74 3.80 8.59 7.79 6.84 7.46 5.31 1.98 6.63 8.10 7.39 8.48 2.13 5.91 1.12 8.86 6.93 8.22 6.25 8.20 8.69 7.53 9.37 10.98 5.47 8.84 6.44 3.16 6.06 10.59 10.57 1.09 5.50 3.75 3.24 9.08 
3.45 8.37 3.69 8.32 5.79 2.87 6.80 7.53 2.58 6.39 8.85 9.37 3.83 9.71 2.21 7.66 2.77 8.89 9.47 8.81 2.27 2.79 2.67 5.14 8.83 4.34 7.69 6.16 7.60 5.25 6.42 1.26 3.89 7.70 6.92 8.44 1.92 6.61 1.70 6.52 5.54 5.51 3.44 6.26 6.15 5.74 9.10 9.73 6.32 6.27 7.37 3.07 6.36 8.91 8.78 1.75 5.32 3.41 3.24 6.92 
5.05 6.89 1.43 6.93 7.02 1.85 5.80 6.71 0.51 7.02 8.68 7.51 2.12 8.99 1.35 6.32 1.14 7.12 8.88 6.87 3.35 1.27 4.80 5.98 7.39 2.49 7.01 6.20 5.74 6.00 4.37 2.22 5.54 6.60 5.86 7.08 0.62 4.76 1.17 7.43 5.33 7.08 5.55 6.65 7.38 5.96 7.92 9.38 4.39 7.55 5.42 1.59 4.73 8.99 8.99 1.11 4.01 2.17 1.70 7.58 
2.87 10.95 9.16 10.73 2.80 8.81 8.77 8.84 7.90 4.75 8.14 12.80 8.25 10.16 8.14 10.13 7.64 12.14 9.66 12.56 4.66 8.68 3.36 3.96 11.25 8.78 8.62 6.17 11.30 4.19 10.80 7.01 2.39 9.60 8.97 10.74 7.26 10.47 7.63 3.96 6.51 1.58 2.65 5.33 2.85 5.60 10.84 9.22 10.43 2.66 11.32 7.62 9.78 7.51 7.11 7.66 8.49 7.48 7.76 4.83 
8.94 1.63 5.48 1.96 9.34 7.77 3.27 3.93 5.87 7.93 6.76 1.24 4.35 5.30 7.57 2.04 5.44 0.76 5.62 1.05 7.44 7.11 9.83 7.91 1.96 3.89 4.46 6.17 0.68 7.74 2.30 8.56 9.34 2.97 3.08 2.14 6.36 1.60 7.52 8.85 5.38 10.20 10.38 7.19 9.57 6.52 3.16 6.67 2.03 9.84 1.18 5.10 1.89 7.67 7.99 7.46 3.16 4.79 4.92 8.34 
1.95 7.97 7.38 7.73 0.72 7.79 5.77 5.78 6.20 1.87 5.25 9.92 6.01 7.13 7.09 7.15 5.72 9.24 6.66 9.75 3.02 7.45 3.68 0.90 8.24 6.47 5.55 3.10 8.54 1.12 8.28 6.41 1.79 6.56 5.97 7.72 5.69 7.79 6.57 1.48 3.49 1.51 3.51 2.32 1.07 2.53 7.77 6.33 7.84 1.27 8.62 5.55 7.01 4.80 4.48 6.58 5.76 5.22 5.65 2.17 
9.89 2.40 5.99 2.75 10.34 8.27 4.25 4.85 6.53 8.92 7.64 0.60 5.10 6.01 8.15 2.97 6.17 0.90 6.39 0.22 8.35 7.64 10.72 8.90 2.59 4.60 5.37 7.16 1.34 8.73 2.70 9.23 10.30 3.88 4.06 2.90 7.08 2.32 8.15 9.85 6.37 11.19 11.29 8.19 10.57 7.52 3.82 7.47 2.63 10.83 1.59 5.86 2.82 8.57 8.91 8.09 4.11 5.62 5.69 9.33 
3.48 8.91 4.16 8.86 5.89 3.09 7.31 8.02 3.09 6.65 9.24 9.92 4.38 10.18 2.48 8.20 3.32 9.44 9.92 9.36 2.56 3.12 2.43 5.37 9.37 4.89 8.16 6.54 8.16 5.49 6.97 1.24 3.88 8.22 7.43 8.97 2.45 7.16 2.02 6.70 5.97 5.49 3.19 6.57 6.25 6.09 9.62 10.14 6.87 6.34 7.92 3.62 6.91 9.24 9.10 2.08 5.86 3.96 3.80 7.16 
7.92 1.26 6.79 0.92 7.60 8.88 1.56 1.43 6.64 5.87 3.99 3.49 5.05 2.49 8.48 1.01 6.01 2.81 2.77 3.81 6.85 8.21 9.23 6.25 1.23 4.84 1.85 4.13 3.22 6.04 4.43 9.07 8.21 0.64 1.40 0.78 6.88 3.42 8.25 6.83 3.70 8.66 9.60 5.13 7.75 4.65 0.80 3.82 3.90 8.01 3.69 5.57 2.76 4.96 5.33 8.20 3.13 5.04 5.45 6.16 
7.69 2.11 4.27 2.30 8.29 6.54 2.67 3.57 4.55 7.04 6.43 2.58 3.01 5.42 6.30 1.96 4.10 2.09 5.61 2.16 6.14 5.87 8.51 6.85 2.60 2.56 4.10 5.33 0.89 6.70 1.47 7.23 8.11 2.78 2.53 2.49 5.02 0.46 6.21 7.92 4.44 9.07 9.08 6.32 8.55 5.60 3.55 6.56 0.96 8.80 1.01 3.75 0.65 7.24 7.50 6.15 1.93 3.44 3.57 7.50 
5.45 3.33 5.85 3.07 5.15 7.55 1.14 1.28 5.27 3.57 3.16 5.42 3.93 3.39 7.01 2.53 4.58 4.71 3.20 5.42 4.55 6.93 6.85 3.77 3.57 4.01 1.37 1.80 4.35 3.56 4.77 7.28 5.72 1.90 1.34 3.06 5.28 3.92 6.67 4.51 1.20 6.18 7.16 2.83 5.33 2.22 3.20 3.71 4.21 5.60 4.62 4.14 3.02 3.77 3.96 6.64 2.25 3.54 4.08 3.97 
6.32 3.41 2.94 3.49 7.25 5.11 2.86 3.88 3.00 6.29 6.49 4.17 1.41 6.06 4.79 2.92 2.50 3.69 6.11 3.66 4.67 4.44 7.00 5.84 3.91 1.03 4.33 4.76 2.41 5.73 1.71 5.65 6.77 3.42 2.83 3.65 3.43 1.44 4.67 7.08 3.77 7.88 7.60 5.65 7.54 4.88 4.58 6.88 1.31 7.79 2.27 2.14 1.24 7.14 7.30 4.61 1.11 1.87 1.97 6.81 
2.21 10.06 6.42 9.93 4.49 5.55 8.11 8.58 5.23 5.87 9.03 11.46 6.13 10.48 4.94 9.27 5.22 10.89 10.11 11.02 2.84 5.56 0.47 4.59 10.46 6.68 8.57 6.43 9.75 4.79 8.82 3.65 2.33 9.04 8.28 10.00 4.54 8.80 4.47 5.57 6.22 3.67 0.84 6.07 4.79 5.87 10.44 10.06 8.61 4.79 9.62 5.38 8.34 8.76 8.50 4.52 7.11 5.49 5.55 6.26 
10.34 2.35 6.71 2.69 10.64 9.00 4.42 4.89 7.21 9.13 7.56 0.19 5.74 5.76 8.86 3.06 6.82 0.85 6.19 0.96 8.86 8.36 11.26 9.21 2.39 5.25 5.38 7.36 1.96 9.03 3.43 9.91 10.73 3.90 4.22 2.80 7.73 2.95 8.85 10.07 6.64 11.55 11.80 8.39 10.85 7.76 3.58 7.29 3.31 11.12 2.29 6.49 3.31 8.54 8.90 8.78 4.57 6.21 6.32 9.50 
4.94 4.19 6.36 3.91 4.35 7.86 2.04 1.86 5.63 2.68 2.67 6.32 4.46 3.54 7.28 3.41 4.94 5.61 3.21 6.33 4.32 7.28 6.47 3.02 4.39 4.63 1.67 0.90 5.26 2.80 5.61 7.37 5.15 2.69 2.23 3.88 5.53 4.80 6.89 3.63 0.77 5.43 6.70 1.93 4.50 1.40 3.85 3.43 5.06 4.76 5.51 4.53 3.90 3.09 3.21 6.86 3.01 3.94 4.50 3.06 
3.98 6.35 7.64 6.06 2.47 8.67 4.21 3.91 6.65 0.55 2.95 8.49 5.89 4.90 8.00 5.58 6.03 7.78 4.39 8.49 4.22 8.18 5.73 1.60 6.52 6.21 3.55 1.29 7.39 1.40 7.57 7.70 3.98 4.82 4.41 6.01 6.34 6.85 7.53 1.51 2.19 3.69 5.71 0.30 2.52 1.07 5.84 4.03 7.04 2.77 7.61 5.71 5.97 2.58 2.35 7.52 4.90 5.20 5.74 0.89 
9.31 0.83 6.96 1.02 9.24 9.20 2.98 3.17 7.12 7.58 5.69 1.88 5.52 3.84 8.92 1.64 6.59 1.34 4.26 2.43 8.04 8.53 10.46 7.85 0.53 5.16 3.61 5.82 2.42 7.65 3.99 9.75 9.65 2.23 2.78 1.04 7.51 3.10 8.79 8.54 5.26 10.25 10.91 6.84 9.41 6.29 1.65 5.37 3.60 9.68 2.93 6.19 2.90 6.68 7.07 8.73 3.86 5.76 6.03 7.89 
