4.33 2.55 2.40 1.70 7.02 4.28 1.02 2.87 4.76 5.54 4.32 2.32 5.30 5.64 6.53 7.20 6.55 5.72 3.25 2.21 2.36 5.19 8.69 5.80 5.06 4.63 6.26 7.30 5.44 3.12 5.95 5.61 3.90 4.27 4.18 5.71 5.42 7.01 3.72 6.19 1.65 6.40 4.43 6.38 6.83 4.38 4.61 4.95 3.73 5.79 
2.41 3.87 5.15 1.86 9.66 4.59 2.72 4.50 7.27 8.40 6.95 3.25 7.53 8.18 8.08 8.44 8.15 6.33 0.37 3.92 4.30 8.08 11.50 8.10 5.91 6.40 7.91 9.95 6.66 2.31 8.83 8.49 5.12 5.30 6.80 8.61 7.78 8.46 6.22 8.19 4.08 8.33 7.28 9.26 8.45 4.88 6.30 2.35 5.16 7.98 
0.46 3.46 5.59 3.59 10.92 3.29 3.19 4.10 7.21 8.87 8.21 5.05 9.07 9.53 9.89 10.33 7.24 8.29 1.81 3.75 5.89 8.63 12.52 9.60 4.72 5.78 9.69 11.19 5.63 1.22 9.67 8.99 4.31 7.18 6.92 9.27 7.54 7.45 6.24 9.85 5.43 10.02 8.26 10.12 10.24 3.64 8.04 1.40 6.95 9.54 
10.24 6.81 4.30 7.64 3.18 8.44 6.70 6.38 4.01 1.51 3.27 7.11 4.68 3.46 6.98 8.00 7.22 8.45 9.50 6.35 5.82 1.39 3.08 4.50 8.06 6.18 6.61 3.25 7.56 8.78 0.66 1.29 7.09 7.23 3.67 0.65 4.55 7.78 4.29 5.57 5.41 5.86 2.15 0.78 6.90 8.25 6.06 11.09 6.49 4.87 
5.77 2.53 0.33 3.76 6.01 4.39 2.25 2.32 2.78 3.54 3.58 3.97 5.10 4.92 6.94 7.80 5.21 6.89 5.20 2.03 3.28 3.26 7.25 5.44 4.55 3.36 6.60 6.25 4.54 4.32 4.32 3.65 3.35 5.37 2.14 3.87 3.51 5.74 1.81 6.15 2.40 6.43 3.10 4.78 7.13 4.31 5.13 6.65 4.66 5.57 
5.10 1.48 2.32 5.05 8.21 2.47 2.83 0.83 2.46 4.67 5.99 5.82 7.56 7.29 9.38 10.20 3.05 9.09 5.53 1.44 5.50 4.63 9.06 7.88 2.16 1.14 9.05 8.43 2.09 3.67 6.10 4.85 1.07 7.58 2.42 5.37 2.66 3.51 1.74 8.62 4.61 8.89 5.28 6.54 9.58 2.24 7.53 6.28 6.93 8.03 
8.17 4.71 2.21 5.90 4.41 6.36 4.67 4.28 2.38 1.22 2.93 5.65 4.68 3.88 6.93 7.93 5.67 7.76 7.57 4.25 4.52 0.85 5.08 4.76 6.09 4.31 6.56 4.59 5.70 6.70 2.12 1.27 5.05 6.34 1.81 1.48 3.12 6.24 2.31 5.74 3.89 6.05 1.73 2.56 6.98 6.19 5.52 9.06 5.57 5.04 
11.24 8.25 5.68 7.93 0.75 10.06 7.67 7.96 6.20 3.86 2.75 6.98 3.20 1.89 5.21 6.20 9.50 7.25 10.05 7.75 5.63 3.55 1.94 2.76 9.95 8.22 4.88 0.78 9.60 9.89 1.96 3.65 8.85 6.35 5.70 2.91 6.85 10.06 6.20 3.74 5.61 3.99 2.63 1.69 5.02 9.94 4.93 11.88 5.75 3.15 
3.60 0.51 2.44 3.33 8.28 2.29 1.12 1.03 3.94 5.62 5.72 4.33 7.03 7.09 8.50 9.21 4.79 7.77 3.70 0.47 4.37 5.43 9.57 7.46 3.02 2.95 8.21 8.54 3.48 2.11 6.63 5.76 1.91 6.32 3.62 6.11 4.36 5.18 2.95 8.00 3.55 8.24 5.41 7.08 8.76 2.34 6.58 4.66 5.77 7.51 
7.04 6.60 5.78 3.10 6.73 8.21 4.99 6.93 8.18 7.86 4.59 1.77 4.04 5.22 3.62 3.81 10.53 1.72 4.95 6.28 2.25 7.38 9.01 4.61 9.12 8.61 3.55 7.00 9.50 6.45 7.23 7.82 7.97 0.84 7.48 7.53 8.95 11.01 7.27 4.22 3.08 4.24 5.65 7.50 4.02 8.36 2.30 6.92 1.35 4.33 
9.37 8.22 6.65 5.33 5.13 10.01 6.75 8.38 8.76 7.69 3.95 3.87 2.52 3.86 1.09 1.47 11.61 1.68 7.38 7.80 3.38 7.18 7.49 2.92 10.68 9.76 1.10 5.36 10.87 8.58 6.49 7.58 9.47 1.78 8.04 7.08 9.57 12.14 8.05 2.09 4.22 1.98 5.23 6.62 1.50 10.09 1.29 9.38 2.02 2.54 
3.23 0.71 2.78 3.18 8.55 2.20 1.07 1.34 4.32 5.99 5.96 4.28 7.20 7.33 8.60 9.27 5.03 7.74 3.37 0.84 4.43 5.79 9.89 7.65 3.10 3.24 8.31 8.81 3.65 1.74 6.96 6.12 2.07 6.33 4.00 6.46 4.72 5.40 3.33 8.15 3.66 8.39 5.70 7.42 8.87 2.31 6.67 4.28 5.81 7.69 
3.42 2.98 3.63 0.89 8.10 4.32 1.44 3.50 5.89 6.82 5.38 2.23 6.12 6.65 6.99 7.50 7.27 5.68 1.99 2.84 2.93 6.47 9.88 6.66 5.40 5.40 6.77 8.38 5.96 2.53 7.20 6.89 4.38 4.39 5.36 6.99 6.48 7.67 4.83 6.89 2.52 7.06 5.65 7.62 7.32 4.51 5.11 3.82 4.05 6.59 
10.42 8.09 5.77 6.64 1.86 9.99 7.06 7.99 7.16 5.35 2.10 5.40 1.01 0.95 2.76 3.76 10.39 4.89 8.85 7.59 4.18 4.89 4.22 0.42 10.22 8.79 2.42 2.09 10.10 9.25 3.71 5.18 9.02 4.22 6.51 4.52 7.93 10.96 6.80 1.29 4.54 1.55 3.09 3.70 2.60 9.95 2.74 10.81 3.77 0.74 
3.20 2.97 3.78 1.01 8.33 4.23 1.49 3.52 6.00 6.99 5.61 2.40 6.35 6.88 7.19 7.69 7.28 5.83 1.78 2.87 3.15 6.66 10.10 6.89 5.34 5.43 6.98 8.61 5.94 2.35 7.41 7.07 4.35 4.57 5.48 7.18 6.58 7.67 4.94 7.11 2.75 7.28 5.86 7.83 7.53 4.43 5.32 3.59 4.25 6.81 
3.82 4.18 4.66 0.61 8.42 5.39 2.64 4.70 7.01 7.72 5.76 1.80 6.16 6.91 6.61 6.98 8.48 4.92 1.79 4.04 2.96 7.33 10.38 6.73 6.54 6.61 6.45 8.71 7.14 3.34 7.87 7.77 5.56 3.84 6.44 7.78 7.64 8.87 5.96 6.77 2.92 6.90 6.26 8.27 6.99 5.61 4.85 3.80 3.70 6.59 
8.24 7.61 6.47 4.27 6.30 9.29 6.03 7.87 8.79 8.13 4.57 2.87 3.57 4.87 2.57 2.62 11.36 0.70 6.15 7.24 2.92 7.64 8.64 4.09 10.12 9.45 2.59 6.55 10.43 7.61 7.23 8.07 8.94 0.82 8.07 7.67 9.59 11.87 7.95 3.46 3.81 3.41 5.77 7.44 2.98 9.41 1.84 8.12 1.55 3.74 
10.09 6.61 4.14 7.61 3.50 8.21 6.57 6.16 3.70 1.19 3.43 7.13 4.90 3.71 7.21 8.24 6.90 8.61 9.41 6.16 5.86 1.14 3.38 4.75 7.79 5.90 6.83 3.58 7.27 8.62 0.93 0.98 6.84 7.35 3.39 0.46 4.23 7.45 4.03 5.82 5.41 6.12 2.24 1.11 7.15 8.01 6.23 10.97 6.60 5.11 
5.42 4.75 4.23 1.37 6.84 6.35 3.13 5.11 6.68 6.83 4.26 0.09 4.46 5.30 4.93 5.38 8.78 3.57 3.51 4.45 1.37 6.38 8.91 5.04 7.26 6.85 4.75 7.12 7.68 4.66 6.63 6.84 6.13 2.25 6.02 6.70 7.42 9.24 5.70 5.04 1.74 5.17 4.98 6.98 5.29 6.49 3.13 5.53 1.99 4.88 
1.74 3.84 5.45 2.52 10.24 4.27 2.96 4.49 7.42 8.74 7.52 3.93 8.17 8.78 8.77 9.14 8.01 7.02 0.46 3.98 4.94 8.44 12.01 8.73 5.64 6.35 8.60 10.52 6.46 1.95 9.28 8.84 4.98 6.00 7.01 9.00 7.87 8.28 6.39 8.86 4.65 9.01 7.76 9.72 9.14 4.58 6.98 1.70 5.85 8.63 
7.43 3.80 3.21 7.00 7.80 4.52 4.92 3.14 1.06 3.47 6.22 7.45 7.96 7.30 10.09 11.03 2.27 10.37 7.80 3.65 6.77 3.69 8.03 8.12 3.56 1.64 9.72 7.96 2.79 6.00 5.30 3.68 3.09 8.85 1.72 4.38 0.47 2.83 1.72 9.04 5.91 9.34 5.13 5.67 10.20 4.21 8.43 8.62 8.12 8.36 
9.26 8.68 7.47 5.33 6.55 10.37 7.11 8.94 9.73 8.90 5.21 3.95 3.92 5.26 2.24 1.89 12.39 0.56 7.14 8.31 3.95 8.40 8.91 4.34 11.19 10.49 2.42 6.78 11.49 8.68 7.82 8.81 10.01 1.88 9.01 8.36 10.53 12.90 8.93 3.50 4.85 3.35 6.48 7.98 2.63 10.49 2.42 9.08 2.53 3.96 
8.40 5.90 3.61 4.87 3.00 7.80 4.94 5.80 5.27 3.99 0.35 3.90 1.67 1.57 3.84 4.83 8.38 4.88 7.02 5.40 2.55 3.49 4.99 1.95 8.05 6.69 3.46 3.29 7.97 7.16 2.99 3.89 6.84 3.64 4.58 3.43 6.07 8.94 4.75 2.76 2.58 3.05 1.55 3.26 3.92 7.76 2.51 8.92 2.92 2.11 
1.76 2.19 4.70 4.17 10.49 1.59 2.75 2.75 5.87 7.82 7.87 5.54 9.01 9.23 10.20 10.78 5.56 8.99 3.15 2.63 6.03 7.66 11.83 9.49 3.02 4.20 9.95 10.75 3.93 0.86 8.89 7.97 2.70 7.70 5.70 8.35 6.09 5.75 5.00 9.91 5.37 10.12 7.65 9.35 10.51 1.94 8.29 3.03 7.31 9.50 
10.31 9.02 7.28 6.26 4.87 10.84 7.59 9.13 9.26 7.96 4.23 4.81 2.57 3.82 0.30 0.78 12.23 2.40 8.33 8.58 4.21 7.47 7.19 2.79 11.45 10.42 0.64 5.06 11.58 9.48 6.58 7.84 10.23 2.73 8.56 7.27 10.07 12.78 8.63 1.76 5.01 1.53 5.51 6.65 0.65 10.90 1.98 10.33 2.92 2.40 
8.81 6.95 5.00 4.88 3.60 8.82 5.68 6.98 6.93 5.72 1.98 3.56 0.90 2.12 2.17 3.11 9.92 3.31 7.09 6.48 2.46 5.22 5.91 1.49 9.29 8.14 1.81 3.86 9.35 7.76 4.55 5.61 8.07 2.36 6.22 5.12 7.73 10.47 6.31 1.51 3.04 1.72 3.27 4.72 2.32 8.84 0.93 9.08 1.86 1.27 
1.23 4.89 6.99 4.45 12.11 4.53 4.54 5.53 8.65 10.28 9.40 5.85 10.10 10.67 10.67 10.99 8.54 8.80 2.27 5.19 6.87 10.03 13.81 10.66 5.96 7.17 10.51 12.39 6.90 2.65 11.01 10.40 5.68 7.87 8.35 10.65 8.97 8.70 7.68 10.79 6.55 10.94 9.55 11.45 11.05 4.89 8.91 0.28 7.76 10.56 
4.71 3.67 3.34 0.96 6.94 5.29 2.05 4.02 5.78 6.22 4.24 1.17 4.85 5.45 5.72 6.28 7.72 4.63 3.09 3.36 1.64 5.82 8.84 5.40 6.18 5.79 5.49 7.23 6.59 3.76 6.31 6.26 5.04 3.23 5.15 6.24 6.48 8.17 4.76 5.60 1.37 5.77 4.69 6.71 6.05 5.43 3.83 5.03 2.81 5.31 
4.46 1.46 1.51 3.02 7.19 3.35 1.03 1.57 3.54 4.80 4.62 3.69 5.95 5.99 7.51 8.27 5.17 6.99 4.04 0.99 3.46 4.55 8.54 6.37 3.86 3.24 7.21 7.45 4.12 3.01 5.63 4.92 2.65 5.50 3.05 5.18 4.13 5.63 2.49 6.94 2.59 7.19 4.34 6.08 7.76 3.35 5.61 5.37 4.89 6.44 
10.89 8.30 5.85 7.25 0.92 10.18 7.43 8.13 6.93 4.88 2.28 6.11 1.86 0.92 3.67 4.64 10.22 5.83 9.45 7.80 4.83 4.47 3.27 1.32 10.29 8.73 3.35 1.14 10.08 9.65 3.09 4.70 9.12 5.10 6.33 3.99 7.66 10.79 6.70 2.20 5.04 2.44 2.90 2.99 3.47 10.11 3.63 11.38 4.60 1.68 
6.53 3.75 4.80 7.57 10.23 3.22 5.34 3.27 3.54 6.04 8.34 8.44 10.00 9.55 11.94 12.80 0.84 11.74 7.62 3.94 8.14 6.22 10.62 10.26 1.80 1.66 11.60 10.42 0.85 5.39 7.82 6.26 2.38 10.23 4.02 6.94 3.06 0.98 3.62 11.08 7.25 11.37 7.42 8.22 12.12 2.86 10.13 7.81 9.57 10.45 
6.89 4.54 2.57 3.47 4.49 6.43 3.45 4.53 4.72 4.22 1.77 2.75 2.87 3.08 4.58 5.45 7.53 4.79 5.56 4.06 1.49 3.74 6.33 3.31 6.83 5.71 4.25 4.77 6.89 5.66 3.89 4.20 5.61 3.31 4.01 3.99 5.53 8.07 3.96 3.87 1.14 4.13 2.24 4.26 4.78 6.43 2.80 7.42 2.55 3.36 
7.15 4.43 5.37 8.25 10.63 3.84 6.02 3.95 3.89 6.33 8.84 9.11 10.53 10.02 12.52 13.39 0.64 12.38 8.30 4.62 8.78 6.55 10.88 10.77 2.41 2.25 12.17 10.81 1.52 6.06 8.16 6.55 3.06 10.87 4.44 7.25 3.29 0.34 4.12 11.62 7.88 11.91 7.87 8.54 12.68 3.49 10.73 8.44 10.20 10.97 
10.84 9.81 8.19 6.82 5.75 11.60 8.33 9.96 10.22 8.95 5.22 5.37 3.56 4.78 1.24 0.22 13.15 2.38 8.79 9.39 4.97 8.46 8.03 3.75 12.27 11.31 1.62 5.92 12.44 10.12 7.56 8.83 11.06 3.22 9.51 8.26 11.03 13.69 9.56 2.69 5.81 2.43 6.50 7.62 1.39 11.68 2.83 10.76 3.59 3.36 
10.15 7.33 4.81 6.74 1.21 9.19 6.61 7.11 5.76 3.72 1.56 5.76 2.16 0.84 4.38 5.40 9.05 6.18 8.88 6.83 4.42 3.30 3.15 1.87 9.21 7.60 4.02 1.48 8.96 8.84 2.00 3.54 8.06 5.19 5.17 2.85 6.49 9.62 5.57 2.94 4.43 3.22 1.78 2.01 4.27 9.10 3.81 10.74 4.56 2.25 
9.75 8.10 6.20 5.74 3.86 9.96 6.78 8.16 8.09 6.74 3.01 4.32 1.36 2.65 1.00 2.01 11.12 2.93 7.90 7.64 3.45 6.25 6.21 1.67 10.47 9.34 0.62 4.08 10.54 8.79 5.38 6.61 9.25 2.58 7.39 6.05 8.90 11.67 7.50 0.84 4.14 0.83 4.29 5.47 1.12 10.00 1.26 9.92 2.42 1.28 
7.17 3.46 1.94 5.98 6.45 4.76 4.12 2.87 0.52 2.43 4.74 6.23 6.48 5.86 8.61 9.56 3.64 8.98 7.12 3.13 5.42 2.49 6.95 6.65 4.20 2.32 8.24 6.64 3.70 5.68 4.07 2.63 3.32 7.47 0.25 3.23 1.31 4.21 0.64 7.56 4.59 7.86 3.69 4.48 8.72 4.52 6.97 8.25 6.73 6.89 
6.56 3.80 4.86 7.62 10.30 3.25 5.40 3.33 3.61 6.10 8.40 8.51 10.07 9.62 12.01 12.87 0.84 11.80 7.66 4.00 8.21 6.28 10.68 10.33 1.82 1.72 11.67 10.49 0.89 5.43 7.88 6.32 2.43 10.30 4.09 7.00 3.11 0.94 3.69 11.15 7.32 11.43 7.48 8.28 12.19 2.89 10.20 7.84 9.64 10.52 
12.10 8.87 6.30 9.03 2.01 10.59 8.51 8.50 6.28 3.77 3.95 8.19 4.58 3.26 6.57 7.54 9.48 8.63 11.08 8.39 6.84 3.63 0.85 4.15 10.29 8.44 6.25 1.87 9.82 10.69 2.12 3.56 9.28 7.70 5.91 2.89 6.81 10.03 6.51 5.11 6.71 5.34 3.45 1.67 6.37 10.42 6.30 12.83 7.07 4.54 
7.81 5.45 3.31 4.24 3.63 7.34 4.39 5.40 5.21 4.23 0.96 3.29 1.97 2.17 3.89 4.83 8.20 4.57 6.40 4.96 1.94 3.73 5.62 2.37 7.68 6.44 3.53 3.92 7.68 6.59 3.47 4.16 6.47 3.23 4.50 3.79 6.02 8.75 4.58 3.01 1.96 3.29 1.90 3.78 4.03 7.33 2.31 8.30 2.47 2.45 
10.01 6.70 4.13 7.23 2.69 8.40 6.44 6.31 4.21 1.82 2.67 6.61 4.05 2.84 6.35 7.38 7.49 7.84 9.15 6.22 5.30 1.54 3.03 3.88 8.12 6.31 5.98 2.80 7.69 8.58 0.07 1.62 7.10 6.64 3.77 0.88 4.83 8.05 4.34 4.95 4.96 5.25 1.63 0.52 6.28 8.24 5.45 10.81 5.91 4.24 
0.38 3.51 5.84 4.21 11.35 2.97 3.55 4.12 7.26 9.06 8.66 5.67 9.60 9.99 10.50 10.96 6.98 8.95 2.49 3.88 6.45 8.86 12.87 10.12 4.40 5.66 10.29 11.62 5.35 1.35 9.98 9.20 4.15 7.81 7.03 9.52 7.52 7.14 6.34 10.41 5.94 10.59 8.63 10.44 10.84 3.33 8.63 1.64 7.55 10.08 
2.50 4.41 5.71 2.22 10.08 5.02 3.29 5.04 7.83 8.95 7.39 3.51 7.88 8.59 8.28 8.58 8.66 6.39 0.38 4.48 4.66 8.62 11.97 8.45 6.37 6.94 8.14 10.37 7.15 2.71 9.34 9.03 5.64 5.47 7.37 9.14 8.35 8.97 6.79 8.49 4.52 8.61 7.77 9.76 8.66 5.32 6.56 2.15 5.40 8.31 
6.42 4.04 2.19 3.14 4.94 5.93 2.95 4.05 4.46 4.23 2.23 2.63 3.37 3.56 5.03 5.86 7.14 5.03 5.17 3.56 1.52 3.78 6.69 3.81 6.35 5.29 4.70 5.22 6.44 5.17 4.12 4.23 5.13 3.53 3.75 4.11 5.25 7.68 3.63 4.36 0.88 4.62 2.51 4.52 5.24 5.93 3.19 6.99 2.78 3.86 
5.75 2.22 2.73 5.79 8.37 2.85 3.59 1.58 2.09 4.51 6.31 6.51 7.95 7.57 9.87 10.73 2.35 9.72 6.28 2.20 6.11 4.56 9.02 8.23 2.12 0.43 9.53 8.57 1.71 4.35 6.10 4.71 1.40 8.21 2.28 5.30 2.09 2.84 1.71 9.03 5.21 9.31 5.48 6.53 10.05 2.56 8.06 6.96 7.53 8.41 
8.55 4.83 3.29 7.37 6.50 5.93 5.56 4.21 1.08 2.01 5.35 7.51 7.09 6.24 9.35 10.34 3.78 10.03 8.56 4.54 6.59 2.35 6.48 7.16 5.12 3.16 8.97 6.63 4.41 7.07 3.90 2.22 4.47 8.56 1.50 2.96 1.16 4.32 2.07 8.16 5.81 8.46 4.12 4.23 9.40 5.64 7.87 9.66 7.79 7.45 
5.97 2.42 0.54 4.47 6.34 4.11 2.67 2.01 2.00 3.24 4.12 4.78 5.74 5.41 7.67 8.56 4.42 7.71 5.69 1.97 4.10 3.06 7.33 6.03 4.04 2.62 7.33 6.57 3.89 4.48 4.37 3.38 2.89 6.20 1.43 3.76 2.70 4.96 0.99 6.81 3.23 7.09 3.41 4.82 7.84 3.97 5.90 6.96 5.48 6.20 
1.33 2.55 5.00 4.10 10.71 1.99 2.91 3.14 6.27 8.16 8.06 5.52 9.14 9.42 10.24 10.79 5.98 8.93 2.88 2.96 6.10 7.99 12.11 9.64 3.43 4.63 10.01 10.98 4.35 0.76 9.19 8.31 3.13 7.68 6.07 8.67 6.51 6.16 5.38 10.01 5.48 10.22 7.90 9.64 10.57 2.35 8.34 2.61 7.33 9.63 
10.63 9.38 7.66 6.59 5.08 11.21 7.96 9.51 9.63 8.29 4.57 5.13 2.89 4.10 0.57 0.47 12.60 2.53 8.63 8.95 4.58 7.80 7.37 3.06 11.82 10.79 0.95 5.25 11.95 9.82 6.88 8.17 10.60 3.03 8.92 7.59 10.44 13.15 9.00 2.01 5.38 1.75 5.85 6.94 0.73 11.27 2.35 10.63 3.26 2.68 
5.20 1.67 0.95 3.99 6.95 3.44 2.01 1.34 2.54 4.01 4.58 4.52 6.10 5.92 7.89 8.72 4.39 7.67 5.01 1.20 4.06 3.83 8.06 6.45 3.55 2.48 7.56 7.19 3.58 3.71 5.10 4.16 2.35 6.15 2.09 4.52 3.13 4.89 1.49 7.15 3.16 7.42 4.02 5.55 8.09 3.33 6.04 6.21 5.48 6.57 
1.14 2.58 4.84 3.50 10.37 2.47 2.56 3.21 6.34 8.08 7.69 4.93 8.69 9.04 9.70 10.22 6.37 8.32 2.25 2.91 5.59 7.87 11.87 9.20 3.89 4.88 9.48 10.64 4.76 0.35 8.98 8.21 3.41 7.10 6.07 8.52 6.65 6.59 5.39 9.53 5.02 9.72 7.63 9.43 10.04 2.81 7.81 2.30 6.77 9.17 
5.62 1.97 2.26 5.39 7.98 2.93 3.21 1.32 1.96 4.25 5.87 6.07 7.50 7.14 9.40 10.26 2.81 9.25 6.00 1.86 5.64 4.26 8.71 7.78 2.42 0.90 9.06 8.19 2.14 4.18 5.77 4.45 1.49 7.74 2.00 5.00 2.15 3.31 1.36 8.57 4.74 8.85 5.07 6.21 9.58 2.68 7.59 6.80 7.06 7.95 
10.12 8.09 5.95 6.21 2.79 9.99 6.92 8.07 7.60 5.99 2.42 4.88 0.70 1.69 1.86 2.88 10.75 3.99 8.42 7.61 3.79 5.52 5.14 0.65 10.35 9.05 1.51 3.01 10.32 9.05 4.48 5.85 9.13 3.44 6.92 5.23 8.39 11.31 7.12 0.43 4.30 0.74 3.61 4.53 1.76 9.98 1.98 10.41 3.10 0.29 
10.51 7.08 4.56 7.90 3.14 8.70 6.96 6.63 4.22 1.70 3.45 7.34 4.79 3.54 7.07 8.10 7.41 8.62 9.76 6.62 6.04 1.63 2.87 4.58 8.29 6.41 6.71 3.19 7.78 9.05 0.79 1.49 7.33 7.41 3.90 0.90 4.74 7.96 4.53 5.65 5.66 5.94 2.37 0.74 6.98 8.50 6.22 11.36 6.68 4.95 
10.35 9.43 7.92 6.35 5.92 11.20 7.93 9.62 10.03 8.88 5.13 4.91 3.55 4.84 1.35 0.62 12.88 1.83 8.28 9.03 4.60 8.38 8.24 3.83 11.91 11.02 1.68 6.11 12.12 9.66 7.57 8.76 10.71 2.75 9.31 8.23 10.84 13.41 9.32 2.81 5.46 2.59 6.42 7.66 1.63 11.29 2.56 10.25 3.19 3.43 
7.75 4.73 2.19 4.86 3.81 6.57 4.16 4.49 3.59 2.59 1.61 4.36 3.34 2.83 5.51 6.48 6.73 6.25 6.78 4.22 3.13 2.11 5.17 3.53 6.62 5.11 5.14 4.06 6.44 6.37 2.41 2.56 5.45 4.84 2.90 2.36 4.39 7.30 3.12 4.43 2.63 4.73 0.92 2.84 5.60 6.48 4.02 8.48 4.07 3.75 
3.09 1.51 2.92 2.37 8.34 2.91 0.52 2.08 4.83 6.22 5.68 3.52 6.77 7.03 8.00 8.63 5.83 7.00 2.72 1.46 3.82 5.96 9.85 7.25 3.91 4.00 7.74 8.61 4.48 1.71 6.98 6.33 2.89 5.62 4.41 6.58 5.32 6.21 3.79 7.67 3.13 7.88 5.60 7.43 8.30 3.07 6.08 3.95 5.15 7.25 
7.43 3.71 2.35 6.37 6.67 4.88 4.47 3.09 0.11 2.47 5.08 6.64 6.82 6.15 8.98 9.93 3.39 9.39 7.47 3.42 5.84 2.61 7.04 6.98 4.21 2.26 8.61 6.85 3.61 5.95 4.22 2.68 3.43 7.88 0.61 3.34 0.92 3.95 0.97 7.91 5.00 8.21 3.98 4.61 9.08 4.61 7.36 8.53 7.13 7.22 
1.43 5.07 7.13 4.49 12.20 4.73 4.67 5.71 8.82 10.42 9.49 5.88 10.16 10.75 10.69 10.99 8.74 8.78 2.30 5.36 6.93 10.17 13.92 10.72 6.16 7.36 10.53 12.48 7.10 2.83 11.13 10.54 5.87 7.88 8.51 10.78 9.15 8.90 7.85 10.83 6.63 10.97 9.66 11.58 11.06 5.09 8.94 0.29 7.79 10.61 
9.60 8.32 6.66 5.55 4.84 10.14 6.89 8.46 8.72 7.55 3.80 4.09 2.29 3.62 0.78 1.37 11.62 2.01 7.63 7.89 3.51 7.05 7.20 2.65 10.77 9.79 0.76 5.06 10.92 8.76 6.29 7.44 9.55 2.05 8.00 6.92 9.53 12.16 8.04 1.77 4.32 1.65 5.10 6.41 1.18 10.21 1.31 9.64 2.20 2.26 
9.35 7.12 4.90 5.57 2.58 9.01 6.03 7.06 6.54 5.03 1.36 4.36 0.39 1.08 2.70 3.73 9.68 4.31 7.78 6.63 3.12 4.54 4.88 0.71 9.32 8.00 2.32 2.85 9.27 8.20 3.66 4.89 8.11 3.39 5.86 4.32 7.33 10.24 6.05 1.47 3.47 1.77 2.60 3.78 2.71 8.99 1.95 9.74 2.84 0.81 
2.71 1.72 4.31 4.65 10.25 0.66 2.84 2.12 5.14 7.24 7.72 5.93 9.01 9.09 10.39 11.04 4.60 9.40 3.98 2.22 6.22 7.14 11.43 9.45 2.07 3.31 10.12 10.51 2.98 1.66 8.47 7.41 1.81 8.04 5.05 7.85 5.28 4.79 4.35 9.97 5.46 10.20 7.35 8.92 10.68 0.99 8.47 3.99 7.57 9.50 
2.04 1.95 4.49 4.21 10.33 1.34 2.66 2.49 5.60 7.58 7.73 5.56 8.92 9.09 10.16 10.77 5.28 9.02 3.34 2.41 5.99 7.43 11.63 9.38 2.76 3.91 9.90 10.59 3.66 1.01 8.68 7.73 2.41 7.70 5.44 8.13 5.81 5.48 4.74 9.83 5.29 10.05 7.47 9.14 10.47 1.68 8.24 3.31 7.29 9.40 
9.34 5.87 3.39 6.93 3.76 7.49 5.83 5.43 3.12 0.76 3.10 6.53 4.72 3.66 7.04 8.06 6.39 8.23 8.69 5.42 5.30 0.45 4.01 4.65 7.12 5.26 6.66 3.89 6.64 7.88 1.17 0.58 6.14 6.90 2.73 0.31 3.73 6.95 3.34 5.71 4.78 6.01 1.82 1.55 7.02 7.30 5.88 10.23 6.15 4.99 
1.03 3.55 5.46 3.05 10.56 3.69 2.98 4.20 7.25 8.75 7.85 4.50 8.63 9.14 9.35 9.76 7.55 7.70 1.19 3.77 5.41 8.49 12.24 9.17 5.10 5.98 9.17 10.85 5.96 1.43 9.45 8.87 4.56 6.62 6.90 9.10 7.64 7.79 6.25 9.36 5.02 9.53 7.98 9.89 9.71 4.02 7.53 1.42 6.42 9.09 
9.37 6.63 4.16 5.95 1.98 8.51 5.84 6.44 5.37 3.60 0.76 5.00 1.85 0.87 4.17 5.19 8.62 5.67 8.08 6.13 3.65 3.13 3.90 1.78 8.60 7.07 3.79 2.26 8.41 8.07 2.19 3.46 7.43 4.57 4.73 2.86 6.13 9.19 5.06 2.82 3.64 3.13 1.29 2.35 4.13 8.43 3.28 9.94 3.90 2.11 
10.77 9.84 8.29 6.76 6.03 11.61 8.34 10.02 10.37 9.15 5.41 5.33 3.78 5.03 1.49 0.51 13.25 2.20 8.69 9.43 5.00 8.66 8.32 4.00 12.31 11.40 1.85 6.21 12.51 10.08 7.79 9.03 11.11 3.16 9.65 8.48 11.18 13.79 9.68 2.95 5.86 2.70 6.70 7.86 1.68 11.70 2.93 10.65 3.60 3.61 
4.40 4.89 5.17 1.12 8.42 6.12 3.32 5.39 7.57 8.10 5.82 1.62 6.01 6.88 6.22 6.50 9.17 4.34 2.26 4.73 2.94 7.70 10.48 6.60 7.27 7.28 6.09 8.71 7.86 4.05 8.10 8.14 6.28 3.39 6.98 8.09 8.23 9.57 6.53 6.52 3.12 6.62 6.46 8.48 6.61 6.35 4.57 4.22 3.40 6.42 
7.20 4.20 4.85 7.95 9.98 3.91 5.72 3.65 3.23 5.66 8.24 8.73 9.95 9.40 11.97 12.86 0.13 11.93 8.17 4.31 8.32 5.88 10.20 10.17 2.52 1.80 11.62 10.15 1.54 6.00 7.49 5.87 2.90 10.42 3.80 6.58 2.61 0.67 3.53 11.03 7.42 11.33 7.24 7.87 12.12 3.55 10.21 8.48 9.73 10.38 
5.24 1.65 2.44 5.24 8.28 2.51 3.02 1.01 2.38 4.66 6.10 6.01 7.69 7.39 9.53 10.36 2.86 9.27 5.71 1.63 5.67 4.64 9.08 8.00 2.08 0.94 9.20 8.50 1.94 3.82 6.13 4.85 1.07 7.76 2.41 5.39 2.54 3.32 1.75 8.75 4.78 9.03 5.36 6.58 9.73 2.26 7.69 6.43 7.10 8.15 
10.34 7.30 4.72 7.15 1.46 9.11 6.76 7.00 5.30 3.06 2.07 6.30 3.01 1.70 5.24 6.26 8.60 6.98 9.22 6.80 4.95 2.70 2.64 2.73 8.99 7.28 4.87 1.62 8.66 8.98 1.22 2.87 7.89 5.93 4.78 2.14 5.98 9.17 5.26 3.79 4.83 4.07 1.69 1.15 5.12 8.98 4.60 11.01 5.26 3.11 
5.09 5.59 5.68 1.77 8.38 6.87 4.00 6.08 8.11 8.46 5.88 1.66 5.85 6.83 5.78 5.97 9.85 3.71 2.91 5.41 3.00 8.02 10.52 6.43 8.00 7.95 5.70 8.66 8.57 4.80 8.29 8.47 6.99 2.96 7.49 8.36 8.79 10.27 7.09 6.24 3.38 6.30 6.65 8.64 6.19 7.09 4.27 4.81 3.12 6.22 
8.18 5.25 2.74 5.10 3.29 7.11 4.60 5.03 4.07 2.78 1.11 4.45 2.86 2.28 5.09 6.08 7.26 6.02 7.10 4.75 3.15 2.28 4.78 3.01 7.17 5.66 4.71 3.54 6.99 6.82 2.19 2.70 6.00 4.68 3.40 2.36 4.86 7.82 3.66 3.94 2.80 4.24 0.55 2.57 5.15 7.02 3.71 8.86 3.92 3.25 
10.51 7.21 4.64 7.68 2.45 8.91 6.93 6.82 4.64 2.19 2.94 7.01 4.16 2.88 6.42 7.44 7.90 8.06 9.62 6.73 5.68 1.97 2.53 3.91 8.61 6.78 6.05 2.52 8.16 9.08 0.45 1.98 7.59 6.91 4.24 1.26 5.23 8.46 4.83 4.98 5.38 5.27 2.03 0.04 6.32 8.74 5.66 11.30 6.20 4.30 
11.18 8.09 5.51 7.98 1.20 9.88 7.59 7.77 5.87 3.48 2.85 7.10 3.51 2.18 5.60 6.59 9.16 7.55 10.06 7.60 5.75 3.21 1.81 3.12 9.70 7.94 5.26 1.22 9.32 9.80 1.60 3.27 8.63 6.59 5.41 2.54 6.50 9.72 5.93 4.13 5.66 4.38 2.51 1.28 5.43 9.74 5.20 11.86 5.96 3.51 
6.51 2.93 0.83 4.91 6.02 4.55 3.20 2.47 1.64 2.71 3.96 5.11 5.64 5.19 7.67 8.59 4.42 7.89 6.21 2.49 4.32 2.56 6.89 5.89 4.34 2.75 7.32 6.24 4.08 5.02 3.92 2.86 3.25 6.38 0.98 3.27 2.41 4.98 0.80 6.72 3.47 7.02 3.11 4.37 7.82 4.38 5.96 7.50 5.65 6.08 
6.07 2.43 0.89 4.76 6.53 4.02 2.88 1.95 1.70 3.19 4.39 5.11 6.03 5.66 8.00 8.89 4.09 8.06 5.90 2.02 4.45 3.07 7.42 6.31 3.83 2.32 7.65 6.75 3.62 4.57 4.46 3.35 2.72 6.54 1.20 3.79 2.38 4.64 0.66 7.11 3.57 7.40 3.61 4.91 8.16 3.85 6.23 7.09 5.83 6.48 
9.87 6.46 3.93 7.29 3.24 8.10 6.32 6.03 3.74 1.29 3.04 6.77 4.52 3.35 6.83 7.86 6.99 8.22 9.13 5.99 5.50 1.08 3.38 4.38 7.75 5.89 6.46 3.35 7.27 8.42 0.62 1.08 6.76 6.96 3.36 0.35 4.33 7.55 3.97 5.45 5.07 5.75 1.85 0.94 6.78 7.92 5.83 10.72 6.22 4.74 
5.53 3.24 1.91 2.50 5.82 5.12 2.06 3.34 4.35 4.62 3.12 2.40 4.23 4.46 5.71 6.48 6.70 5.35 4.38 2.79 1.74 4.23 7.50 4.69 5.65 4.80 5.41 6.10 5.84 4.27 4.82 4.67 4.44 3.84 3.68 4.67 5.10 7.21 3.40 5.18 0.84 5.42 3.26 5.24 5.96 5.14 3.81 6.14 3.17 4.72 
4.19 2.99 3.00 1.09 7.25 4.60 1.37 3.38 5.37 6.08 4.54 1.85 5.34 5.82 6.36 6.95 7.11 5.32 2.83 2.71 2.21 5.71 9.03 5.86 5.50 5.20 6.11 7.54 5.94 3.14 6.37 6.14 4.38 3.92 4.79 6.20 6.03 7.55 4.33 6.15 1.70 6.34 4.81 6.79 6.67 4.74 4.45 4.66 3.47 5.81 
5.61 3.66 2.45 2.22 5.80 5.49 2.31 3.81 4.88 5.02 3.08 1.90 3.97 4.37 5.29 6.02 7.24 4.82 4.26 3.23 1.22 4.60 7.61 4.47 6.11 5.33 5.00 6.08 6.34 4.44 5.04 5.04 4.90 3.31 4.20 4.98 5.64 7.74 3.94 4.87 0.35 5.09 3.43 5.44 5.56 5.55 3.37 6.12 2.65 4.46 
7.23 6.96 6.20 3.37 7.04 8.53 5.34 7.30 8.61 8.28 4.98 2.12 4.33 5.54 3.68 3.76 10.93 1.50 5.09 6.65 2.68 7.80 9.34 4.89 9.47 9.00 3.66 7.31 9.88 6.71 7.62 8.24 8.34 1.09 7.91 7.94 9.38 11.41 7.69 4.42 3.50 4.41 6.06 7.89 4.10 8.69 2.57 7.03 1.72 4.59 
4.87 3.64 3.17 1.19 6.72 5.32 2.05 3.96 5.61 6.00 4.02 1.24 4.67 5.25 5.62 6.21 7.62 4.63 3.31 3.31 1.49 5.60 8.61 5.22 6.15 5.69 5.38 7.01 6.53 3.87 6.08 6.04 5.00 3.20 4.97 6.01 6.32 8.09 4.60 5.44 1.15 5.63 4.46 6.48 5.94 5.43 3.71 5.23 2.73 5.14 
1.71 3.21 4.87 2.34 9.84 3.74 2.38 3.86 6.80 8.16 7.12 3.80 7.89 8.41 8.64 9.08 7.40 7.06 0.91 3.35 4.68 7.88 11.55 8.43 5.08 5.72 8.45 10.12 5.87 1.44 8.78 8.27 4.38 5.93 6.40 8.46 7.25 7.69 5.77 8.63 4.29 8.79 7.29 9.22 9.00 4.03 6.80 2.09 5.70 8.35 
7.89 4.32 2.00 5.95 5.06 5.88 4.49 3.84 1.71 1.32 3.54 5.86 5.29 4.54 7.51 8.49 5.01 8.19 7.47 3.89 4.83 1.19 5.62 5.40 5.51 3.69 7.14 5.24 5.07 6.41 2.69 1.46 4.52 6.74 1.16 1.92 2.47 5.58 1.73 6.36 4.11 6.67 2.37 3.12 7.58 5.68 6.02 8.85 5.97 5.67 
11.56 8.60 6.03 8.20 0.63 10.42 7.99 8.32 6.55 4.20 3.02 7.21 3.29 2.03 5.20 6.16 9.85 7.33 10.33 8.10 5.88 3.90 1.78 2.81 10.31 8.58 4.88 0.53 9.96 10.22 2.30 3.99 9.21 6.49 6.06 3.25 7.20 10.41 6.56 3.73 5.89 3.96 2.97 2.00 4.98 10.29 5.05 12.18 5.91 3.19 
0.85 3.49 5.48 3.21 10.66 3.54 3.02 4.14 7.21 8.77 7.95 4.67 8.75 9.25 9.51 9.93 7.43 7.88 1.39 3.74 5.55 8.51 12.31 9.29 4.96 5.90 9.32 10.94 5.84 1.32 9.50 8.89 4.45 6.79 6.88 9.13 7.59 7.66 6.22 9.50 5.13 9.67 8.05 9.94 9.87 3.88 7.68 1.40 6.57 9.22 
4.47 3.09 2.85 1.25 6.97 4.77 1.50 3.43 5.26 5.86 4.25 1.76 5.06 5.53 6.13 6.74 7.13 5.18 3.11 2.77 1.96 5.49 8.76 5.59 5.61 5.20 5.88 7.25 6.00 3.39 6.11 5.92 4.46 3.75 4.65 5.96 5.94 7.58 4.23 5.88 1.41 6.08 4.54 6.53 6.44 4.88 4.21 4.95 3.27 5.54 
7.33 6.45 5.31 3.30 5.89 8.16 4.89 6.70 7.66 7.15 3.78 1.84 3.21 4.38 3.06 3.45 10.18 1.87 5.34 6.08 1.75 6.66 8.17 3.79 8.96 8.27 2.93 6.17 9.26 6.59 6.43 7.11 7.77 0.36 6.95 6.78 8.45 10.69 6.80 3.46 2.64 3.52 4.88 6.69 3.45 8.27 1.51 7.35 0.52 3.52 
6.15 3.56 4.87 7.40 10.46 2.84 5.18 3.15 3.85 6.36 8.47 8.34 10.11 9.72 12.00 12.83 1.31 11.68 7.33 3.81 8.12 6.50 10.93 10.39 1.40 1.78 11.66 10.66 0.58 5.06 8.10 6.57 2.17 10.19 4.26 7.23 3.42 1.34 3.81 11.18 7.23 11.46 7.61 8.50 12.19 2.48 10.16 7.43 9.55 10.57 
10.31 8.69 6.77 6.29 3.94 10.56 7.37 8.75 8.61 7.16 3.47 4.86 1.74 2.92 0.64 1.65 11.67 3.10 8.44 8.23 4.03 6.67 6.26 1.88 11.06 9.90 0.35 4.13 11.12 9.37 5.70 7.02 9.83 3.00 7.91 6.43 9.41 12.22 8.04 0.83 4.73 0.61 4.73 5.75 0.58 10.59 1.81 10.46 2.95 1.50 
8.26 6.30 4.35 4.41 3.71 8.18 5.06 6.33 6.32 5.25 1.59 3.17 1.27 2.16 2.80 3.72 9.28 3.59 6.62 5.83 1.96 4.75 5.93 1.84 8.63 7.49 2.45 3.99 8.69 7.17 4.25 5.17 7.41 2.41 5.61 4.72 7.13 9.83 5.67 2.12 2.43 2.35 2.83 4.48 2.98 8.19 1.23 8.60 1.75 1.74 
9.07 5.68 3.14 6.53 3.54 7.36 5.52 5.28 3.23 1.13 2.65 6.08 4.29 3.28 6.61 7.63 6.53 7.76 8.34 5.21 4.84 0.66 4.08 4.26 7.08 5.28 6.23 3.70 6.66 7.62 1.12 0.99 6.05 6.43 2.75 0.64 3.90 7.09 3.30 5.30 4.35 5.61 1.36 1.56 6.60 7.19 5.42 9.92 5.68 4.58 
8.04 4.35 3.26 7.25 7.22 5.25 5.28 3.70 0.81 2.79 5.86 7.56 7.61 6.85 9.81 10.77 2.95 10.29 8.25 4.13 6.75 3.07 7.31 7.72 4.35 2.40 9.43 7.37 3.59 6.59 4.66 3.00 3.80 8.79 1.51 3.73 0.33 3.49 1.83 8.69 5.92 8.99 4.69 5.01 9.89 4.95 8.24 9.19 8.04 7.99 
4.21 0.59 2.49 4.35 8.49 1.91 2.13 0.19 3.28 5.30 6.09 5.28 7.54 7.43 9.20 9.96 3.76 8.66 4.65 0.75 5.15 5.20 9.54 7.92 2.16 1.94 8.88 8.73 2.49 2.76 6.57 5.47 0.96 7.18 3.13 5.93 3.56 4.15 2.43 8.56 4.29 8.82 5.56 7.02 9.43 1.80 7.30 5.38 6.58 8.02 
9.19 5.51 3.49 7.51 5.45 6.82 5.94 4.94 1.97 0.96 4.64 7.42 6.34 5.35 8.64 9.65 4.95 9.59 8.95 5.14 6.34 1.42 5.32 6.33 6.15 4.19 8.26 5.56 5.50 7.70 2.83 1.15 5.38 8.18 1.99 1.88 2.30 5.48 2.69 7.37 5.66 7.67 3.36 3.12 8.65 6.57 7.33 10.23 7.41 6.65 
7.60 4.25 4.32 7.82 9.08 4.42 5.63 3.63 2.35 4.68 7.50 8.43 9.23 8.59 11.33 12.26 1.07 11.49 8.32 4.25 7.88 4.94 9.21 9.41 3.17 1.73 10.97 9.23 2.21 6.29 6.55 4.90 3.16 9.97 3.00 5.62 1.65 1.60 2.88 10.31 6.99 10.61 6.42 6.91 11.46 4.06 9.63 8.86 9.26 9.64 
10.95 8.95 6.78 7.01 2.86 10.85 7.78 8.92 8.34 6.60 3.18 5.65 1.55 2.20 1.81 2.70 11.53 4.31 9.21 8.47 4.61 6.14 5.12 1.27 11.19 9.87 1.57 3.02 11.15 9.90 4.96 6.44 9.98 4.03 7.67 5.78 9.12 12.09 7.91 0.67 5.15 0.65 4.30 4.93 1.52 10.84 2.64 11.21 3.81 1.07 
5.72 3.35 1.85 2.68 5.63 5.24 2.23 3.42 4.27 4.46 2.94 2.51 4.08 4.28 5.63 6.41 6.71 5.36 4.58 2.89 1.74 4.06 7.31 4.53 5.73 4.81 5.31 5.91 5.89 4.44 4.63 4.50 4.51 3.84 3.59 4.49 5.03 7.22 3.34 5.05 0.85 5.29 3.06 5.05 5.86 5.25 3.74 6.34 3.15 4.57 
7.38 3.87 1.44 5.36 5.12 5.53 3.93 3.44 1.89 1.86 3.30 5.30 5.03 4.42 7.19 8.16 5.08 7.73 6.89 3.42 4.30 1.62 5.91 5.20 5.28 3.58 6.82 5.33 4.95 5.90 2.95 1.97 4.22 6.26 1.20 2.31 2.70 5.65 1.55 6.12 3.55 6.42 2.27 3.40 7.29 5.36 5.62 8.31 5.49 5.44 
7.20 3.58 3.08 6.81 7.84 4.30 4.71 2.92 1.09 3.56 6.18 7.30 7.92 7.29 10.02 10.95 2.22 10.25 7.58 3.43 6.65 3.75 8.13 8.10 3.37 1.42 9.66 8.01 2.62 5.78 5.36 3.78 2.86 8.73 1.69 4.46 0.66 2.79 1.60 9.00 5.77 9.30 5.13 5.75 10.14 3.99 8.34 8.39 8.01 8.33 
10.47 7.59 5.04 7.10 0.96 9.43 6.91 7.33 5.83 3.68 1.92 6.14 2.49 1.15 4.65 5.66 9.14 6.52 9.23 7.08 4.80 3.29 2.77 2.14 9.40 7.74 4.30 1.20 9.11 9.14 1.87 3.49 8.27 5.56 5.28 2.78 6.54 9.71 5.71 3.19 4.79 3.46 1.97 1.79 4.51 9.32 4.17 11.07 4.93 2.53 
5.31 2.87 4.53 6.69 10.33 2.00 4.50 2.56 3.95 6.44 8.19 7.70 9.77 9.48 11.56 12.36 2.06 11.10 6.52 3.19 7.58 6.52 10.98 10.09 0.57 1.72 11.23 10.54 0.47 4.24 8.08 6.65 1.49 9.62 4.24 7.26 3.69 2.17 3.68 10.82 6.70 11.10 7.43 8.51 11.77 1.64 9.68 6.60 9.01 10.24 
8.74 6.83 4.87 4.83 3.54 8.71 5.58 6.86 6.78 5.58 1.84 3.53 0.88 2.03 2.31 3.26 9.78 3.42 7.05 6.36 2.40 5.08 5.84 1.47 9.17 8.01 1.95 3.81 9.21 7.68 4.42 5.47 7.94 2.43 6.07 4.98 7.59 10.33 6.16 1.59 2.95 1.82 3.12 4.60 2.46 8.73 1.03 9.04 1.90 1.29 
7.32 3.64 1.83 5.91 6.08 5.03 4.15 3.08 0.79 2.11 4.40 6.08 6.14 5.49 8.29 9.25 4.01 8.73 7.17 3.27 5.21 2.13 6.60 6.30 4.54 2.68 7.92 6.26 4.06 5.83 3.70 2.30 3.62 7.24 0.15 2.88 1.60 4.58 0.83 7.22 4.40 7.52 3.32 4.12 8.39 4.80 6.69 8.37 6.48 6.54 
6.60 3.12 0.68 4.71 5.64 4.83 3.17 2.73 2.00 2.63 3.52 4.81 5.20 4.77 7.24 8.15 4.86 7.50 6.15 2.66 3.95 2.40 6.61 5.45 4.72 3.17 6.88 5.87 4.50 5.12 3.65 2.75 3.60 5.99 1.29 3.07 2.79 5.42 1.23 6.28 3.12 6.57 2.72 4.10 7.37 4.69 5.54 7.54 5.25 5.64 
0.81 3.10 5.21 3.31 10.54 3.09 2.80 3.75 6.85 8.48 7.84 4.77 8.73 9.16 9.60 10.06 6.99 8.07 1.73 3.38 5.56 8.25 12.13 9.26 4.51 5.47 9.39 10.82 5.39 0.89 9.28 8.61 4.02 6.92 6.54 8.88 7.20 7.21 5.87 9.52 5.08 9.70 7.87 9.73 9.94 3.43 7.74 1.74 6.65 9.20 
10.00 8.08 6.00 6.05 3.10 9.96 6.85 8.07 7.72 6.20 2.55 4.69 0.80 1.96 1.58 2.61 10.84 3.68 8.25 7.60 3.65 5.72 5.46 0.93 10.37 9.12 1.22 3.32 10.37 8.95 4.73 6.06 9.15 3.17 7.04 5.46 8.52 11.40 7.21 0.32 4.22 0.59 3.79 4.79 1.53 9.97 1.73 10.25 2.87 0.54 
8.93 5.36 3.01 6.83 4.53 6.88 5.51 4.86 2.35 0.28 3.61 6.60 5.30 4.33 7.60 8.61 5.61 8.60 8.45 4.93 5.45 0.39 4.74 5.29 6.42 4.53 7.22 4.67 5.90 7.45 1.96 0.42 5.49 7.21 2.03 1.04 2.94 6.16 2.69 6.33 4.83 6.63 2.32 2.33 7.61 6.67 6.31 9.88 6.45 5.61 
7.81 4.12 3.08 7.05 7.23 5.04 5.07 3.48 0.65 2.84 5.78 7.38 7.53 6.80 9.71 10.67 2.88 10.15 8.02 3.90 6.60 3.09 7.39 7.66 4.17 2.21 9.34 7.38 3.43 6.36 4.69 3.06 3.59 8.64 1.37 3.77 0.21 3.43 1.63 8.61 5.75 8.92 4.64 5.06 9.81 4.74 8.12 8.97 7.89 7.92 
4.02 4.25 4.61 0.53 8.24 5.52 2.68 4.76 6.98 7.63 5.59 1.59 5.96 6.72 6.40 6.77 8.53 4.72 2.00 4.09 2.77 7.23 10.22 6.54 6.64 6.65 6.24 8.53 7.23 3.51 7.74 7.67 5.64 3.63 6.40 7.67 7.63 8.93 5.94 6.56 2.77 6.69 6.11 8.13 6.77 5.73 4.64 4.02 3.49 6.39 
3.48 4.16 4.86 0.94 8.80 5.25 2.70 4.72 7.16 7.97 6.12 2.19 6.55 7.28 6.99 7.34 8.48 5.25 1.41 4.07 3.34 7.60 10.73 7.12 6.45 6.63 6.84 9.08 7.10 3.12 8.19 8.04 5.52 4.21 6.61 8.07 7.76 8.85 6.10 7.16 3.27 7.29 6.58 8.60 7.37 5.49 5.24 3.42 4.09 6.98 
6.08 2.98 3.89 6.75 9.42 2.86 4.52 2.44 2.84 5.35 7.46 7.58 9.11 8.69 11.04 11.89 1.34 10.84 6.97 3.11 7.25 5.48 9.92 9.38 1.62 0.76 10.69 9.62 0.76 4.83 7.06 5.56 1.70 9.34 3.23 6.21 2.50 1.75 2.77 10.19 6.35 10.47 6.57 7.48 11.22 2.50 9.22 7.35 8.67 9.56 
6.25 2.73 0.48 4.56 6.03 4.44 2.88 2.34 1.97 2.96 3.85 4.77 5.49 5.12 7.47 8.37 4.62 7.61 5.89 2.28 4.01 2.76 7.01 5.76 4.34 2.86 7.12 6.25 4.16 4.77 4.04 3.09 3.21 6.09 1.32 3.45 2.72 5.16 1.05 6.57 3.16 6.85 3.09 4.50 7.62 4.29 5.72 7.21 5.36 5.94 
3.60 4.18 4.80 0.83 8.67 5.31 2.69 4.72 7.12 7.90 6.00 2.05 6.42 7.16 6.86 7.21 8.49 5.13 1.54 4.07 3.22 7.52 10.62 6.99 6.50 6.64 6.70 8.96 7.13 3.21 8.09 7.96 5.55 4.07 6.57 7.98 7.73 8.87 6.07 7.03 3.16 7.15 6.48 8.49 7.23 5.55 5.11 3.55 3.96 6.85 
10.10 7.10 4.53 6.89 1.55 8.92 6.52 6.82 5.21 3.06 1.80 6.03 2.80 1.52 5.06 6.08 8.52 6.75 8.96 6.60 4.68 2.67 2.91 2.56 8.84 7.15 4.69 1.75 8.52 8.74 1.30 2.87 7.72 5.67 4.67 2.17 5.91 9.09 5.12 3.63 4.56 3.92 1.47 1.32 4.96 8.80 4.36 10.76 5.00 2.94 
11.48 8.41 5.83 8.24 1.10 10.20 7.89 8.09 6.18 3.77 3.08 7.33 3.60 2.29 5.61 6.59 9.46 7.65 10.34 7.91 5.98 3.51 1.57 3.17 10.02 8.25 5.28 1.04 9.64 10.11 1.90 3.56 8.95 6.74 5.72 2.83 6.80 10.02 6.25 4.14 5.92 4.39 2.82 1.55 5.42 10.06 5.33 12.14 6.13 3.56 
11.03 8.76 6.45 7.19 2.00 10.66 7.71 8.67 7.81 5.92 2.78 5.90 1.51 1.57 2.62 3.55 11.05 5.01 9.40 8.27 4.74 5.48 4.27 0.97 10.90 9.47 2.34 2.16 10.78 9.89 4.20 5.75 9.70 4.53 7.17 5.07 8.57 11.62 7.47 1.24 5.15 1.40 3.74 4.14 2.37 10.62 3.06 11.38 4.17 1.08 
9.17 7.13 5.05 5.30 3.08 9.02 5.95 7.12 6.83 5.46 1.72 4.02 0.39 1.62 2.29 3.29 9.91 3.77 7.51 6.65 2.85 4.96 5.40 0.98 9.42 8.18 1.91 3.34 9.42 8.08 4.17 5.34 8.20 2.88 6.14 4.80 7.64 10.47 6.28 1.27 3.33 1.54 3.01 4.31 2.35 9.02 1.43 9.49 2.38 0.83 
9.32 7.73 5.91 5.30 4.06 9.59 6.38 7.82 7.87 6.64 2.89 3.89 1.41 2.74 1.24 2.16 10.85 2.68 7.47 7.28 3.03 6.14 6.42 1.84 10.13 9.04 0.91 4.30 10.22 8.38 5.38 6.53 8.91 2.17 7.16 6.00 8.68 11.39 7.24 1.21 3.75 1.25 4.19 5.51 1.47 9.63 0.83 9.48 1.99 1.47 
3.95 1.41 2.05 2.61 7.57 3.21 0.48 1.74 4.07 5.35 4.94 3.46 6.16 6.31 7.58 8.28 5.48 6.86 3.49 1.07 3.44 5.09 9.00 6.61 3.92 3.57 7.29 7.83 4.30 2.53 6.12 5.46 2.76 5.40 3.60 5.71 4.63 5.91 3.02 7.11 2.63 7.34 4.77 6.57 7.85 3.27 5.66 4.82 4.85 6.65 
8.99 5.43 3.06 6.84 4.43 6.96 5.55 4.94 2.45 0.27 3.53 6.59 5.22 4.24 7.53 8.54 5.71 8.55 8.48 5.00 5.43 0.30 4.64 5.21 6.51 4.63 7.15 4.57 6.00 7.50 1.86 0.36 5.58 7.17 2.12 0.94 3.04 6.27 2.77 6.24 4.82 6.55 2.24 2.23 7.53 6.76 6.25 9.93 6.40 5.53 
4.49 0.87 1.74 3.88 7.72 2.66 1.68 0.64 3.04 4.77 5.29 4.65 6.74 6.64 8.41 9.19 4.23 7.96 4.55 0.44 4.41 4.61 8.86 7.12 2.95 2.31 8.09 7.97 3.15 3.00 5.90 4.92 1.73 6.47 2.72 5.31 3.49 4.68 2.05 7.76 3.54 8.02 4.80 6.35 8.64 2.59 6.52 5.56 5.85 7.22 
10.84 9.39 7.53 6.79 4.55 11.24 8.02 9.47 9.41 7.95 4.28 5.34 2.54 3.67 0.49 1.00 12.45 3.03 8.89 8.94 4.65 7.47 6.82 2.63 11.78 10.67 0.74 4.71 11.87 9.96 6.46 7.81 10.56 3.32 8.71 7.21 10.21 13.00 8.83 1.55 5.40 1.26 5.53 6.49 0.23 11.29 2.39 10.90 3.43 2.26 
9.38 7.96 6.22 5.33 4.46 9.79 6.55 8.07 8.25 7.07 3.32 3.89 1.85 3.18 1.00 1.80 11.18 2.29 7.46 7.52 3.18 6.57 6.82 2.25 10.38 9.36 0.78 4.70 10.51 8.49 5.82 6.96 9.16 2.00 7.53 6.44 9.06 11.72 7.58 1.49 3.95 1.44 4.61 5.95 1.33 9.85 0.93 9.48 1.97 1.87 
8.84 5.53 2.95 6.18 3.42 7.26 5.27 5.16 3.34 1.47 2.28 5.70 3.95 3.01 6.26 7.28 6.64 7.37 8.03 5.05 4.45 0.98 4.19 3.95 7.05 5.30 5.88 3.60 6.68 7.40 1.24 1.36 5.98 6.04 2.80 1.02 4.06 7.21 3.29 4.98 3.98 5.29 0.99 1.70 6.27 7.10 5.03 9.65 5.28 4.27 
5.81 2.10 1.44 4.96 7.15 3.50 2.91 1.51 1.69 3.63 5.02 5.47 6.65 6.29 8.58 9.46 3.54 8.54 5.87 1.78 4.92 3.57 7.98 6.94 3.21 1.71 8.24 7.37 2.98 4.32 5.02 3.81 2.14 7.02 1.44 4.31 2.19 4.07 0.74 7.73 4.03 8.01 4.23 5.47 8.76 3.30 6.79 6.90 6.32 7.11 
8.92 5.57 3.01 6.32 3.48 7.28 5.36 5.19 3.27 1.32 2.44 5.86 4.10 3.13 6.41 7.43 6.58 7.54 8.15 5.10 4.61 0.83 4.16 4.09 7.04 5.27 6.03 3.66 6.65 7.47 1.19 1.20 5.99 6.20 2.75 0.86 3.97 7.15 3.27 5.12 4.13 5.43 1.15 1.65 6.41 7.12 5.20 9.75 5.44 4.41 
10.61 7.32 4.75 7.73 2.33 9.02 7.02 6.93 4.78 2.32 2.95 7.04 4.11 2.82 6.36 7.38 8.03 8.03 9.70 6.84 5.71 2.11 2.41 3.85 8.73 6.90 6.00 2.40 8.29 9.18 0.56 2.11 7.71 6.90 4.37 1.39 5.36 8.59 4.95 4.92 5.43 5.20 2.09 0.10 6.25 8.86 5.64 11.38 6.20 4.24 
3.91 1.70 3.97 5.36 9.97 0.68 3.26 1.69 4.25 6.55 7.59 6.48 9.04 8.94 10.64 11.37 3.40 9.93 5.05 2.14 6.53 6.51 10.92 9.42 0.95 2.22 10.33 10.20 1.78 2.77 7.96 6.73 0.82 8.49 4.30 7.25 4.27 3.61 3.62 10.05 5.70 10.31 7.03 8.41 10.89 0.37 8.73 5.19 7.94 9.52 
5.80 2.33 0.35 4.19 6.32 4.09 2.43 1.99 2.28 3.41 4.01 4.50 5.59 5.33 7.48 8.35 4.64 7.46 5.44 1.85 3.85 3.20 7.39 5.91 4.11 2.80 7.14 6.55 4.03 4.32 4.43 3.54 2.93 5.94 1.70 3.88 2.98 5.17 1.27 6.66 2.96 6.94 3.38 4.89 7.66 3.97 5.69 6.76 5.23 6.06 
12.49 9.29 6.71 9.37 2.06 11.02 8.90 8.92 6.71 4.21 4.24 8.49 4.73 3.44 6.63 7.58 9.91 8.78 11.44 8.81 7.14 4.07 0.43 4.27 10.73 8.88 6.32 1.87 10.26 11.09 2.55 3.99 9.71 7.90 6.35 3.33 7.24 10.46 6.94 5.18 7.04 5.39 3.83 2.10 6.40 10.85 6.48 13.21 7.30 4.64 
8.37 5.20 2.62 5.57 3.45 7.00 4.78 4.90 3.51 2.04 1.77 5.05 3.51 2.74 5.78 6.78 6.77 6.76 7.47 4.71 3.79 1.54 4.57 3.59 6.92 5.28 5.40 3.67 6.64 6.96 1.73 1.97 5.80 5.40 2.88 1.68 4.28 7.34 3.25 4.57 3.33 4.88 0.57 2.16 5.82 6.87 4.45 9.14 4.64 3.87 
10.14 8.04 5.86 6.25 2.59 9.94 6.90 8.00 7.46 5.82 2.28 4.95 0.64 1.49 2.07 3.08 10.62 4.18 8.47 7.55 3.82 5.34 4.94 0.45 10.27 8.95 1.72 2.81 10.22 9.04 4.28 5.67 9.06 3.58 6.78 5.05 8.24 11.19 7.00 0.62 4.29 0.92 3.45 4.32 1.96 9.92 2.11 10.46 3.21 0.15 
8.03 4.60 2.08 5.71 4.38 6.29 4.51 4.20 2.45 1.41 2.79 5.45 4.54 3.79 6.78 7.77 5.73 7.57 7.39 4.14 4.32 1.02 5.15 4.64 6.06 4.32 6.40 4.57 5.70 6.56 2.18 1.45 5.00 6.14 1.85 1.61 3.22 6.30 2.30 5.61 3.68 5.92 1.62 2.63 6.84 6.13 5.34 8.91 5.37 4.91 
5.85 3.29 4.71 7.13 10.37 2.54 4.92 2.90 3.83 6.34 8.33 8.09 9.95 9.59 11.80 12.63 1.55 11.45 7.03 3.56 7.89 6.46 10.90 10.25 1.11 1.68 11.47 10.57 0.34 4.77 8.04 6.55 1.89 9.96 4.20 7.20 3.46 1.63 3.71 11.02 7.01 11.30 7.50 8.46 12.00 2.19 9.95 7.14 9.33 10.41 
0.75 3.06 5.22 3.44 10.61 2.97 2.84 3.71 6.81 8.49 7.91 4.90 8.82 9.24 9.72 10.19 6.89 8.21 1.89 3.36 5.66 8.26 12.18 9.35 4.39 5.40 9.51 10.89 5.28 0.82 9.32 8.61 3.93 7.05 6.52 8.90 7.15 7.11 5.85 9.62 5.17 9.80 7.92 9.77 10.06 3.31 7.85 1.79 6.78 9.30 
3.17 0.62 3.20 3.90 9.12 1.45 1.84 1.18 4.32 6.24 6.58 5.04 7.89 7.95 9.34 10.03 4.52 8.50 3.78 1.10 5.19 6.10 10.33 8.32 2.39 2.87 9.05 9.37 3.04 1.74 7.38 6.40 1.49 7.09 4.12 6.80 4.60 4.83 3.42 8.86 4.39 9.10 6.22 7.84 9.61 1.55 7.42 4.35 6.57 8.38 
4.23 1.26 3.30 5.08 9.28 1.29 2.89 1.05 3.60 5.85 6.94 6.10 8.42 8.28 10.09 10.85 3.23 9.51 5.07 1.61 6.03 5.81 10.22 8.79 1.28 1.72 9.77 9.51 1.75 2.92 7.25 6.04 0.22 8.04 3.61 6.55 3.68 3.54 2.93 9.45 5.18 9.71 6.34 7.70 10.32 1.06 8.19 5.48 7.46 8.90 
7.40 3.71 2.75 6.66 7.23 4.67 4.66 3.06 0.48 2.95 5.64 7.03 7.38 6.72 9.53 10.47 2.83 9.87 7.61 3.49 6.29 3.14 7.52 7.54 3.86 1.89 9.16 7.40 3.18 5.95 4.75 3.16 3.21 8.36 1.15 3.85 0.45 3.40 1.27 8.47 5.44 8.77 4.55 5.13 9.63 4.38 7.89 8.55 7.62 7.79 
6.35 3.38 4.32 7.18 9.78 3.07 4.95 2.87 3.12 5.63 7.86 8.02 9.53 9.08 11.47 12.33 0.98 11.29 7.33 3.54 7.69 5.79 10.20 9.79 1.72 1.18 11.13 9.97 0.74 5.15 7.39 5.84 2.05 9.78 3.57 6.51 2.69 1.32 3.16 10.61 6.80 10.89 6.95 7.79 11.65 2.71 9.66 7.63 9.12 9.98 
12.39 9.37 6.79 9.04 1.29 11.17 8.81 9.06 7.14 4.70 3.86 8.04 4.01 2.82 5.75 6.67 10.41 8.00 11.17 8.88 6.71 4.46 1.15 3.49 11.00 9.23 5.45 1.03 10.61 11.03 2.86 4.48 9.93 7.24 6.69 3.76 7.74 10.96 7.23 4.32 6.73 4.52 3.76 2.47 5.49 11.03 5.78 13.01 6.70 3.85 
5.87 2.19 2.17 5.50 7.77 3.20 3.35 1.54 1.69 3.99 5.72 6.11 7.37 6.97 9.31 10.19 2.82 9.24 6.19 2.04 5.62 4.01 8.47 7.64 2.66 0.98 8.97 7.98 2.30 4.42 5.54 4.19 1.76 7.73 1.74 4.76 1.90 3.34 1.13 8.45 4.73 8.73 4.88 5.97 9.48 2.95 7.52 7.03 7.04 7.82 
11.62 8.75 6.20 8.18 0.35 10.59 8.08 8.49 6.83 4.52 3.01 7.14 3.07 1.89 4.88 5.83 10.14 7.08 10.33 8.25 5.81 4.20 2.02 2.56 10.52 8.82 4.58 0.14 10.20 10.31 2.62 4.31 9.41 6.30 6.32 3.57 7.50 10.70 6.80 3.43 5.89 3.65 3.13 2.35 4.66 10.47 4.84 12.20 5.76 2.93 
5.75 3.01 1.24 3.10 5.67 4.91 2.16 2.98 3.67 4.01 3.06 3.09 4.40 4.43 6.10 6.92 6.13 5.95 4.83 2.52 2.34 3.64 7.18 4.80 5.28 4.25 5.77 5.94 5.37 4.39 4.39 4.07 4.06 4.43 2.99 4.13 4.42 6.65 2.73 5.42 1.46 5.68 2.92 4.82 6.31 4.89 4.24 6.48 3.73 4.89 
10.59 7.22 4.68 7.86 2.76 8.89 7.03 6.81 4.50 2.01 3.24 7.24 4.50 3.22 6.76 7.79 7.72 8.38 9.77 6.76 5.92 1.86 2.60 4.26 8.53 6.67 6.40 2.81 8.04 9.15 0.61 1.79 7.55 7.21 4.15 1.12 5.05 8.28 4.76 5.33 5.59 5.62 2.25 0.39 6.66 8.70 5.98 11.41 6.49 4.64 
4.20 1.24 1.75 2.98 7.45 3.12 0.87 1.44 3.68 5.03 4.88 3.76 6.18 6.25 7.70 8.44 5.13 7.11 3.87 0.81 3.61 4.79 8.80 6.61 3.70 3.22 7.40 7.71 4.01 2.74 5.89 5.16 2.51 5.63 3.23 5.43 4.23 5.58 2.64 7.16 2.77 7.41 4.61 6.35 7.96 3.14 5.79 5.13 5.04 6.67 
10.08 6.92 4.33 7.07 2.05 8.68 6.49 6.58 4.73 2.46 2.20 6.32 3.42 2.17 5.70 6.72 8.03 7.30 9.07 6.42 4.98 2.11 2.85 3.21 8.51 6.75 5.33 2.20 8.14 8.68 0.64 2.26 7.43 6.15 4.23 1.54 5.40 8.60 4.74 4.28 4.75 4.57 1.43 0.73 5.61 8.54 4.90 10.81 5.45 3.58 
4.37 1.64 1.67 2.72 7.15 3.51 0.83 1.83 3.81 4.96 4.54 3.39 5.80 5.91 7.30 8.04 5.47 6.72 3.82 1.21 3.21 4.68 8.58 6.24 4.10 3.55 7.00 7.42 4.40 2.95 5.70 5.07 2.91 5.23 3.30 5.29 4.42 5.93 2.76 6.78 2.36 7.02 4.35 6.15 7.56 3.54 5.39 5.22 4.64 6.29 
7.10 3.39 2.34 6.25 7.04 4.47 4.27 2.75 0.42 2.89 5.34 6.62 7.07 6.45 9.18 10.12 3.05 9.47 7.24 3.13 5.89 3.02 7.46 7.25 3.78 1.83 8.82 7.22 3.19 5.63 4.61 3.10 3.02 7.96 0.84 3.75 0.86 3.62 0.85 8.15 5.03 8.45 4.29 5.02 9.30 4.20 7.52 8.23 7.22 7.48 
2.20 3.08 4.50 1.85 9.34 3.87 2.02 3.71 6.53 7.78 6.62 3.31 7.37 7.90 8.14 8.59 7.36 6.62 1.01 3.14 4.16 7.48 11.07 7.92 5.15 5.61 7.95 9.62 5.88 1.67 8.33 7.88 4.34 5.45 6.09 8.04 7.02 7.68 5.49 8.12 3.78 8.28 6.82 8.76 8.50 4.14 6.30 2.58 5.20 7.84 
6.46 2.76 1.47 5.37 6.71 4.13 3.44 2.18 1.11 2.99 4.75 5.73 6.44 5.96 8.48 9.39 3.61 8.64 6.43 2.42 5.04 2.97 7.41 6.68 3.72 1.99 8.12 6.92 3.36 4.97 4.47 3.18 2.74 7.13 0.77 3.71 1.75 4.17 0.07 7.53 4.17 7.82 3.84 4.91 8.62 3.92 6.76 7.54 6.40 6.88 
2.23 3.28 4.66 1.82 9.42 4.05 2.19 3.91 6.72 7.94 6.70 3.27 7.41 7.97 8.12 8.55 7.56 6.53 0.82 3.34 4.19 7.63 11.18 7.96 5.34 5.81 7.93 9.70 6.08 1.82 8.45 8.03 4.54 5.40 6.27 8.19 7.22 7.88 5.67 8.13 3.84 8.29 6.93 8.89 8.48 4.33 6.29 2.50 5.18 7.87 
7.02 4.30 2.04 3.92 4.36 6.20 3.46 4.19 4.03 3.50 1.74 3.40 3.21 3.11 5.14 6.05 6.94 5.52 5.90 3.80 2.20 3.03 5.98 3.55 6.45 5.17 4.79 4.63 6.41 5.69 3.34 3.48 5.24 4.05 3.31 3.33 4.84 7.49 3.33 4.27 1.66 4.55 1.74 3.75 5.30 6.15 3.45 7.66 3.29 3.68 
7.31 4.15 4.59 7.85 9.60 4.05 5.63 3.57 2.85 5.26 7.92 8.57 9.63 9.05 11.69 12.59 0.46 11.72 8.18 4.22 8.10 5.49 9.80 9.84 2.72 1.66 11.33 9.77 1.74 6.06 7.10 5.48 2.93 10.20 3.45 6.18 2.21 1.02 3.22 10.72 7.21 11.01 6.89 7.47 11.83 3.69 9.94 8.58 9.50 10.06 
5.87 2.16 1.51 5.05 7.18 3.52 3.00 1.56 1.62 3.61 5.07 5.56 6.71 6.33 8.65 9.53 3.46 8.63 5.95 1.86 5.01 3.56 7.98 6.99 3.19 1.64 8.31 7.40 2.94 4.39 5.02 3.79 2.15 7.11 1.40 4.30 2.10 3.99 0.70 7.78 4.12 8.07 4.27 5.47 8.82 3.31 6.87 6.97 6.41 7.16 
2.71 1.21 3.78 4.07 9.68 1.14 2.20 1.73 4.85 6.82 7.12 5.31 8.39 8.49 9.76 10.41 4.74 8.79 3.62 1.68 5.58 6.68 10.92 8.83 2.38 3.24 9.48 9.93 3.17 1.38 7.96 6.98 1.76 7.41 4.68 7.39 5.08 5.00 3.98 9.34 4.83 9.57 6.80 8.42 10.04 1.37 7.83 3.93 6.94 8.87 
8.25 7.53 6.35 4.25 6.12 9.23 5.97 7.78 8.65 7.97 4.39 2.84 3.40 4.69 2.46 2.58 11.25 0.84 6.18 7.16 2.81 7.47 8.47 3.91 10.04 9.34 2.45 6.37 10.34 7.59 7.05 7.90 8.86 0.72 7.93 7.50 9.45 11.75 7.82 3.30 3.70 3.26 5.60 7.26 2.87 9.35 1.66 8.15 1.41 3.57 
9.53 8.08 6.31 5.49 4.38 9.92 6.69 8.18 8.31 7.09 3.34 4.05 1.80 3.13 0.87 1.73 11.26 2.41 7.62 7.63 3.32 6.59 6.73 2.17 10.49 9.45 0.62 4.60 10.61 8.63 5.80 6.97 9.27 2.16 7.60 6.44 9.12 11.81 7.66 1.36 4.08 1.30 4.63 5.92 1.17 9.97 1.06 9.64 2.13 1.79 
6.46 3.40 4.23 7.18 9.63 3.19 4.95 2.87 2.95 5.46 7.74 7.99 9.42 8.95 11.38 12.25 0.92 11.23 7.38 3.54 7.63 5.62 10.03 9.67 1.88 1.10 11.03 9.82 0.91 5.23 7.22 5.67 2.11 9.72 3.41 6.34 2.50 1.33 3.02 10.49 6.73 10.78 6.81 7.62 11.55 2.83 9.58 7.73 9.05 9.86 
5.16 3.57 2.80 1.64 6.33 5.33 2.07 3.83 5.25 5.56 3.62 1.50 4.38 4.87 5.49 6.14 7.40 4.72 3.71 3.19 1.31 5.15 8.18 4.90 6.08 5.48 5.23 6.62 6.39 4.07 5.62 5.59 4.89 3.24 4.60 5.55 5.98 7.88 4.26 5.21 0.75 5.40 4.01 6.03 5.79 5.42 3.57 5.59 2.69 4.85 
11.48 9.01 6.60 7.74 1.36 10.90 8.07 8.86 7.72 5.65 2.97 6.51 2.11 1.61 3.40 4.30 11.01 5.80 9.95 8.51 5.29 5.25 3.52 1.52 11.04 9.51 3.14 1.46 10.85 10.28 3.83 5.46 9.86 5.27 7.12 4.75 8.45 11.58 7.48 2.04 5.60 2.19 3.69 3.69 3.13 10.84 3.79 11.90 4.86 1.76 
2.44 4.22 5.52 2.10 9.95 4.86 3.09 4.85 7.63 8.76 7.25 3.43 7.77 8.45 8.22 8.54 8.47 6.38 0.24 4.28 4.55 8.43 11.81 8.34 6.20 6.75 8.07 10.23 6.97 2.55 9.17 8.85 5.45 5.42 7.17 8.96 8.15 8.78 6.59 8.40 4.37 8.53 7.60 9.59 8.60 5.15 6.48 2.19 5.33 8.21 
4.46 0.76 1.96 4.11 7.96 2.43 1.89 0.35 3.02 4.88 5.56 4.92 7.02 6.90 8.71 9.49 3.98 8.25 4.66 0.51 4.71 4.75 9.05 7.39 2.65 2.08 8.39 8.21 2.86 2.98 6.08 5.04 1.43 6.76 2.77 5.46 3.40 4.42 2.07 8.05 3.83 8.31 5.03 6.54 8.93 2.33 6.82 5.57 6.14 7.50 
10.14 8.84 7.12 6.10 4.82 10.67 7.42 8.97 9.11 7.84 4.10 4.64 2.46 3.73 0.32 0.92 12.07 2.32 8.17 8.41 4.04 7.34 7.15 2.71 11.28 10.25 0.57 5.02 11.41 9.31 6.48 7.71 10.06 2.58 8.40 7.16 9.92 12.61 8.47 1.71 4.84 1.50 5.38 6.56 0.73 10.73 1.81 10.18 2.75 2.32 
11.55 8.37 5.78 8.45 1.65 10.11 7.96 8.01 5.92 3.45 3.37 7.61 4.08 2.74 6.14 7.13 9.17 8.12 10.50 7.88 6.26 3.25 1.38 3.68 9.86 8.05 5.81 1.59 9.43 10.15 1.67 3.23 8.83 7.15 5.51 2.53 6.50 9.72 6.08 4.67 6.13 4.92 2.89 1.25 5.96 9.96 5.77 12.27 6.52 4.07 
6.50 3.38 0.90 4.06 5.16 5.23 2.93 3.16 2.96 3.06 2.77 3.95 4.36 4.10 6.31 7.22 5.77 6.53 5.74 2.87 3.01 2.69 6.45 4.66 5.35 4.00 5.96 5.41 5.26 5.08 3.56 3.12 4.16 5.03 2.24 3.22 3.75 6.32 2.17 5.43 2.22 5.71 2.26 4.01 6.47 5.14 4.58 7.31 4.28 4.82 
10.05 7.83 5.58 6.23 2.28 9.73 6.74 7.76 7.11 5.43 1.96 4.97 0.56 1.10 2.45 3.47 10.30 4.46 8.44 7.34 3.78 4.96 4.64 0.06 10.02 8.65 2.10 2.52 9.94 8.91 3.89 5.28 8.81 3.76 6.44 4.65 7.89 10.87 6.68 1.02 4.18 1.32 3.08 3.93 2.35 9.70 2.28 10.41 3.31 0.33 
9.45 6.06 3.52 6.86 3.33 7.73 5.90 5.65 3.50 1.19 2.76 6.38 4.33 3.24 6.65 7.67 6.78 7.92 8.70 5.59 5.11 0.83 3.72 4.24 7.42 5.59 6.27 3.47 6.98 8.00 0.79 1.01 6.40 6.63 3.06 0.39 4.13 7.35 3.63 5.30 4.66 5.61 1.52 1.21 6.62 7.55 5.55 10.29 5.88 4.59 
3.97 4.10 4.46 0.38 8.17 5.39 2.53 4.60 6.83 7.49 5.50 1.58 5.92 6.65 6.42 6.81 8.38 4.80 2.01 3.94 2.71 7.10 10.13 6.49 6.50 6.50 6.25 8.46 7.08 3.41 7.62 7.54 5.49 3.66 6.25 7.54 7.47 8.78 5.79 6.54 2.67 6.67 6.01 8.02 6.79 5.60 4.64 4.02 3.50 6.35 
9.37 5.89 3.41 6.97 3.80 7.50 5.86 5.44 3.10 0.71 3.16 6.58 4.77 3.71 7.09 8.11 6.36 8.29 8.72 5.44 5.35 0.44 4.02 4.71 7.11 5.25 6.71 3.92 6.62 7.90 1.20 0.53 6.14 6.96 2.72 0.30 3.70 6.92 3.34 5.76 4.83 6.07 1.88 1.57 7.07 7.30 5.94 10.26 6.20 5.05 
7.07 3.61 3.62 7.11 8.59 3.99 4.94 2.97 1.84 4.30 6.88 7.72 8.60 8.02 10.67 11.59 1.48 10.79 7.68 3.57 7.17 4.50 8.87 8.80 2.88 1.13 10.31 8.76 2.02 5.71 6.11 4.52 2.64 9.27 2.41 5.21 1.30 2.05 2.20 9.69 6.28 9.99 5.86 6.50 10.81 3.65 8.95 8.30 8.56 9.03 
6.67 3.69 1.31 3.96 4.85 5.57 3.08 3.52 3.34 3.17 2.39 3.71 3.94 3.73 5.89 6.79 6.19 6.16 5.77 3.19 2.68 2.76 6.26 4.26 5.74 4.42 5.54 5.11 5.68 5.28 3.44 3.21 4.54 4.67 2.62 3.21 4.14 6.74 2.59 5.01 1.95 5.29 2.01 3.88 6.05 5.50 4.17 7.42 3.91 4.41 
9.00 8.37 7.15 5.04 6.38 10.06 6.80 8.62 9.42 8.62 4.95 3.65 3.72 5.05 2.21 2.00 12.07 0.43 6.89 8.00 3.63 8.12 8.74 4.16 10.88 10.17 2.34 6.62 11.17 8.39 7.57 8.53 9.70 1.56 8.70 8.09 10.22 12.58 8.61 3.37 4.53 3.25 6.20 7.75 2.61 10.18 2.15 8.84 2.21 3.79 
9.31 7.19 5.05 5.47 2.84 9.08 6.04 7.16 6.76 5.31 1.61 4.21 0.22 1.38 2.41 3.43 9.87 3.99 7.68 6.70 3.02 4.82 5.16 0.78 9.44 8.16 2.03 3.11 9.42 8.19 3.98 5.19 8.22 3.12 6.07 4.63 7.56 10.43 6.24 1.27 3.45 1.56 2.87 4.10 2.44 9.08 1.66 9.66 2.61 0.71 
5.89 5.06 4.31 1.84 6.46 6.71 3.46 5.37 6.74 6.71 3.94 0.40 4.02 4.91 4.46 4.93 8.98 3.21 3.98 4.72 1.07 6.25 8.58 4.61 7.57 7.06 4.28 6.74 7.94 5.10 6.39 6.71 6.42 1.83 6.06 6.52 7.50 9.46 5.79 4.58 1.67 4.70 4.75 6.73 4.82 6.84 2.66 6.00 1.52 4.44 
6.68 3.57 4.26 7.32 9.56 3.43 5.09 3.02 2.84 5.34 7.72 8.10 9.41 8.91 11.40 12.28 0.76 11.31 7.57 3.68 7.70 5.52 9.91 9.65 2.11 1.17 11.05 9.74 1.15 5.44 7.12 5.55 2.31 9.80 3.35 6.23 2.35 1.25 3.00 10.49 6.81 10.78 6.77 7.52 11.56 3.07 9.62 7.95 9.12 9.85 
7.79 4.93 2.49 4.68 3.63 6.81 4.22 4.75 4.06 3.03 1.20 4.05 2.89 2.50 5.03 6.00 7.17 5.78 6.69 4.43 2.77 2.53 5.19 3.12 6.94 5.50 4.66 3.89 6.81 6.44 2.60 2.98 5.75 4.40 3.36 2.70 4.86 7.73 3.54 3.97 2.39 4.27 0.97 2.98 5.13 6.73 3.53 8.45 3.63 3.32 
6.06 2.34 1.49 5.17 7.05 3.70 3.14 1.75 1.44 3.42 4.99 5.63 6.65 6.23 8.62 9.51 3.47 8.65 6.11 2.04 5.03 3.38 7.81 6.91 3.34 1.71 8.27 7.26 3.04 4.57 4.86 3.60 2.32 7.13 1.21 4.12 1.96 4.01 0.51 7.72 4.15 8.01 4.15 5.31 8.78 3.49 6.85 7.15 6.42 7.09 
8.70 5.15 2.76 6.56 4.48 6.71 5.25 4.67 2.31 0.55 3.40 6.32 5.11 4.19 7.40 8.41 5.60 8.35 8.19 4.72 5.18 0.37 4.83 5.13 6.30 4.44 7.02 4.64 5.82 7.22 1.97 0.65 5.34 6.96 1.91 1.11 2.95 6.16 2.54 6.15 4.55 6.46 2.12 2.37 7.43 6.51 6.08 9.63 6.19 5.44 
5.05 5.09 5.00 1.28 7.77 6.49 3.47 5.53 7.44 7.75 5.23 0.98 5.31 6.23 5.49 5.79 9.29 3.68 2.95 4.86 2.33 7.32 9.88 5.90 7.55 7.37 5.36 8.06 8.07 4.55 7.60 7.77 6.49 2.67 6.80 7.66 8.14 9.72 6.42 5.79 2.67 5.89 5.96 7.96 5.87 6.68 3.83 4.94 2.66 5.71 
4.04 1.27 3.45 5.05 9.44 1.08 2.89 1.17 3.82 6.06 7.08 6.10 8.54 8.42 10.17 10.92 3.37 9.53 4.95 1.67 6.09 6.01 10.41 8.91 1.25 1.92 9.86 9.68 1.84 2.76 7.44 6.24 0.41 8.08 3.82 6.75 3.90 3.65 3.14 9.56 5.24 9.81 6.51 7.89 10.41 0.86 8.26 5.29 7.51 9.02 
7.46 4.85 2.60 4.15 3.89 6.75 3.94 4.76 4.48 3.65 1.21 3.44 2.65 2.58 4.63 5.57 7.46 5.19 6.22 4.36 2.14 3.16 5.65 2.99 7.01 5.72 4.27 4.17 6.97 6.17 3.19 3.61 5.80 3.78 3.76 3.34 5.29 8.02 3.84 3.71 1.83 4.00 1.55 3.56 4.77 6.71 3.01 8.05 3.01 3.11 
0.92 3.25 5.25 3.13 10.48 3.34 2.80 3.90 6.97 8.54 7.77 4.59 8.61 9.08 9.43 9.87 7.21 7.85 1.46 3.49 5.42 8.29 12.11 9.15 4.75 5.66 9.23 10.76 5.62 1.09 9.29 8.66 4.22 6.72 6.64 8.91 7.34 7.45 5.98 9.38 4.98 9.55 7.85 9.73 9.78 3.67 7.58 1.63 6.48 9.09 
2.55 2.58 3.89 1.72 8.84 3.60 1.41 3.18 5.93 7.17 6.13 3.12 6.98 7.43 7.89 8.41 6.89 6.54 1.61 2.59 3.81 6.87 10.53 7.50 4.80 5.10 7.67 9.13 5.47 1.63 7.75 7.27 3.90 5.29 5.48 7.45 6.44 7.24 4.89 7.77 3.33 7.95 6.27 8.19 8.23 3.84 6.01 3.11 4.96 7.45 
1.54 2.28 4.72 3.94 10.44 1.87 2.65 2.87 6.00 7.88 7.79 5.33 8.89 9.15 10.03 10.59 5.81 8.77 2.86 2.68 5.87 7.71 11.83 9.38 3.29 4.40 9.79 10.70 4.19 0.60 8.90 8.03 2.91 7.49 5.80 8.39 6.26 6.01 5.11 9.78 5.24 9.98 7.63 9.36 10.35 2.21 8.12 2.79 7.12 9.38 
9.76 6.25 3.80 7.38 3.80 7.82 6.26 5.78 3.30 0.79 3.45 6.97 5.01 3.88 7.32 8.35 6.51 8.61 9.13 5.80 5.74 0.77 3.78 4.90 7.39 5.50 6.95 3.90 6.86 8.28 1.18 0.58 6.45 7.31 2.99 0.30 3.84 7.06 3.64 5.96 5.23 6.26 2.20 1.45 7.28 7.62 6.24 10.66 6.55 5.25 
3.48 2.75 3.37 1.08 7.96 4.16 1.18 3.25 5.62 6.57 5.24 2.31 6.05 6.53 7.00 7.55 7.03 5.79 2.20 2.59 2.89 6.23 9.70 6.58 5.19 5.15 6.77 8.24 5.74 2.48 6.99 6.65 4.15 4.46 5.09 6.76 6.21 7.43 4.56 6.84 2.41 7.03 5.46 7.42 7.33 4.34 5.10 3.96 4.08 6.52 
7.14 4.59 2.42 3.85 4.21 6.49 3.64 4.52 4.43 3.79 1.52 3.19 2.86 2.87 4.74 5.65 7.34 5.14 5.91 4.09 1.92 3.31 5.96 3.23 6.79 5.56 4.39 4.49 6.79 5.86 3.46 3.77 5.58 3.69 3.71 3.55 5.24 7.89 3.74 3.90 1.53 4.18 1.82 3.84 4.90 6.46 3.04 7.73 2.92 3.33 
11.34 8.83 6.41 7.63 1.19 10.72 7.92 8.68 7.51 5.44 2.80 6.42 2.05 1.43 3.49 4.41 10.80 5.83 9.83 8.33 5.18 5.04 3.41 1.46 10.85 9.30 3.21 1.31 10.65 10.13 3.62 5.25 9.67 5.24 6.91 4.54 8.24 11.37 7.28 2.09 5.47 2.26 3.48 3.48 3.24 10.66 3.76 11.78 4.81 1.74 
6.27 3.18 0.79 3.85 5.36 5.04 2.69 2.99 3.02 3.27 2.92 3.81 4.46 4.26 6.36 7.25 5.73 6.49 5.51 2.68 2.92 2.91 6.68 4.79 5.21 3.93 6.02 5.61 5.16 4.85 3.80 3.34 4.01 4.98 2.32 3.45 3.81 6.27 2.18 5.52 2.10 5.80 2.48 4.25 6.53 4.97 4.60 7.08 4.24 4.93 
7.27 4.77 2.62 3.90 4.09 6.67 3.79 4.71 4.61 3.90 1.38 3.17 2.66 2.72 4.55 5.46 7.54 4.99 5.99 4.28 1.87 3.41 5.89 3.05 6.99 5.76 4.19 4.37 6.98 6.01 3.46 3.86 5.77 3.55 3.89 3.60 5.42 8.09 3.93 3.70 1.57 3.98 1.82 3.83 4.71 6.64 2.86 7.83 2.78 3.14 
8.49 5.42 2.86 5.52 3.15 7.25 4.89 5.15 3.89 2.38 1.39 4.90 3.12 2.36 5.40 6.41 7.14 6.45 7.48 4.92 3.61 1.88 4.44 3.20 7.22 5.62 5.02 3.39 6.98 7.10 1.75 2.28 6.08 5.12 3.25 1.90 4.66 7.71 3.59 4.18 3.24 4.49 0.21 2.15 5.43 7.14 4.11 9.21 4.37 3.48 
0.75 2.97 5.26 3.79 10.79 2.65 2.98 3.60 6.73 8.50 8.10 5.23 9.08 9.44 10.04 10.53 6.62 8.58 2.30 3.32 5.95 8.29 12.29 9.59 4.09 5.20 9.82 11.06 5.00 0.78 9.40 8.63 3.71 7.39 6.48 8.95 7.02 6.81 5.79 9.90 5.41 10.09 8.05 9.86 10.37 3.00 8.15 1.98 7.10 9.55 
11.04 7.85 5.26 7.99 1.73 9.59 7.45 7.49 5.44 3.01 2.97 7.19 3.86 2.52 6.02 7.03 8.71 7.87 10.02 7.36 5.84 2.77 1.89 3.52 9.35 7.55 5.67 1.76 8.93 9.64 1.17 2.79 8.31 6.84 5.01 2.07 6.04 9.27 5.57 4.55 5.66 4.82 2.39 0.78 5.87 9.44 5.49 11.76 6.18 3.91 
6.25 2.60 2.40 5.88 7.78 3.50 3.75 1.94 1.41 3.83 5.84 6.46 7.52 7.05 9.52 10.41 2.57 9.54 6.60 2.45 5.92 3.90 8.36 7.77 2.80 0.92 9.17 7.98 2.30 4.81 5.46 4.03 2.04 8.02 1.62 4.64 1.51 3.11 1.13 8.60 5.03 8.89 4.93 5.88 9.67 3.22 7.76 7.43 7.32 7.96 
10.35 7.78 5.36 6.72 1.27 9.67 6.89 7.62 6.54 4.61 1.75 5.60 1.48 0.39 3.53 4.54 9.81 5.52 8.91 7.28 4.30 4.17 3.59 1.04 9.80 8.28 3.18 1.54 9.62 9.11 2.92 4.44 8.62 4.69 5.92 3.76 7.29 10.38 6.26 2.07 4.50 2.34 2.48 2.90 3.39 9.60 3.24 10.84 4.15 1.43 
10.90 8.59 6.26 7.09 1.83 10.48 7.56 8.48 7.59 5.70 2.59 5.83 1.42 1.35 2.75 3.70 10.84 5.07 9.30 8.09 4.64 5.26 4.14 0.85 10.71 9.26 2.46 2.01 10.58 9.74 3.98 5.53 9.51 4.53 6.96 4.84 8.35 11.41 7.26 1.33 5.02 1.52 3.52 3.92 2.52 10.44 3.05 11.28 4.14 1.03 
11.30 7.90 5.37 8.57 2.86 9.53 7.74 7.47 5.03 2.51 3.84 7.92 4.95 3.63 7.15 8.16 8.17 8.91 10.48 7.44 6.59 2.47 2.09 4.64 9.12 7.23 6.80 2.84 8.59 9.85 1.30 2.30 8.17 7.79 4.73 1.73 5.51 8.72 5.37 5.69 6.28 5.96 2.94 0.93 7.01 9.34 6.51 12.12 7.10 5.03 
0.71 4.21 6.29 3.88 11.45 3.99 3.84 4.86 7.96 9.57 8.74 5.31 9.50 10.03 10.16 10.53 7.98 8.39 1.80 4.50 6.28 9.32 13.13 10.04 5.43 6.54 9.98 11.73 6.35 1.98 10.31 9.69 5.06 7.39 7.66 9.94 8.30 8.16 6.99 10.22 5.91 10.37 8.86 10.76 10.52 4.35 8.36 0.63 7.23 9.96 
