1.90 8.76 5.13 8.65 4.35 4.57 6.89 7.44 3.91 5.32 8.20 10.10 4.75 9.45 3.90 7.98 3.85 9.54 9.12 9.64 1.61 4.46 1.09 4.01 9.18 5.30 7.48 5.53 8.38 4.17 7.44 2.83 2.29 7.82 7.05 8.73 3.22 7.42 3.39 5.25 5.16 3.89 1.83 5.36 4.70 5.01 9.23 9.18 7.22 4.77 8.24 4.00 6.98 8.08 7.87 3.43 5.77 4.12 4.17 5.79 
9.56 1.65 6.20 1.99 9.85 8.49 3.64 4.16 6.60 8.35 6.89 0.64 5.08 5.22 8.30 2.30 6.17 0.11 5.60 0.99 8.10 7.83 10.51 8.42 1.79 4.62 4.66 6.57 1.38 8.24 2.98 9.29 9.95 3.17 3.44 2.13 7.09 2.33 8.25 9.29 5.85 10.75 11.04 7.61 10.06 6.97 3.03 6.69 2.75 10.32 1.83 5.82 2.57 7.84 8.20 8.19 3.81 5.50 5.65 8.73 
2.97 5.52 4.96 5.34 3.49 5.98 3.43 3.84 3.93 2.86 4.78 7.27 3.32 5.81 5.33 4.70 3.32 6.62 5.50 7.03 2.04 5.47 4.29 2.11 5.87 3.73 3.84 2.11 5.79 2.03 5.47 5.20 3.32 4.34 3.61 5.38 3.63 4.99 4.88 3.46 1.53 4.17 4.63 2.44 3.79 1.77 5.71 5.67 5.03 4.03 5.84 3.02 4.26 4.90 4.83 4.86 2.98 2.57 3.08 3.43 
6.60 9.57 3.35 9.64 8.93 1.06 8.59 9.51 3.28 9.37 11.39 9.87 4.86 11.79 1.47 9.05 3.94 9.59 11.67 9.15 5.30 1.73 5.59 8.18 10.07 5.12 9.80 8.82 8.16 8.26 6.62 1.95 7.04 9.38 8.66 9.79 3.21 7.24 1.86 9.60 8.01 8.65 6.33 9.12 9.30 8.50 10.68 12.14 6.80 9.42 7.76 4.39 7.38 11.62 11.57 1.88 6.78 4.97 4.49 9.92 
2.73 7.03 7.19 6.77 1.45 7.92 4.83 4.76 6.09 0.94 4.21 9.05 5.62 6.05 7.23 6.21 5.53 8.36 5.58 8.94 3.25 7.50 4.49 0.37 7.27 6.03 4.50 2.04 7.76 0.28 7.67 6.75 2.71 5.58 5.03 6.75 5.67 7.08 6.73 1.17 2.56 2.56 4.44 1.24 1.65 1.50 6.74 5.28 7.19 1.91 7.90 5.28 6.26 3.83 3.56 6.73 5.06 4.86 5.35 1.42 
7.00 2.35 6.80 2.01 6.49 8.72 1.14 0.30 6.44 4.71 2.96 4.59 4.93 2.11 8.25 1.76 5.77 3.89 2.14 4.81 6.10 8.08 8.41 5.18 2.40 4.85 0.69 3.01 4.02 4.96 4.95 8.67 7.25 0.83 1.14 1.91 6.56 3.96 7.96 5.68 2.71 7.59 8.73 3.99 6.62 3.55 1.70 3.02 4.38 6.88 4.43 5.32 3.14 3.88 4.22 7.92 3.01 4.74 5.22 4.99 
5.44 4.65 7.41 4.33 4.36 8.88 2.70 2.12 6.66 2.46 1.66 6.87 5.50 3.05 8.29 3.95 5.98 6.16 2.59 6.99 5.11 8.31 7.09 3.24 4.75 5.66 1.69 1.12 6.01 3.01 6.53 8.31 5.57 3.09 2.87 4.25 6.54 5.66 7.88 3.41 1.72 5.55 7.22 1.80 4.43 1.69 3.96 2.55 5.96 4.68 6.32 5.57 4.76 2.05 2.21 7.86 3.99 4.99 5.55 2.66 
2.86 6.28 3.63 6.19 4.47 4.27 4.51 5.18 2.44 4.44 6.52 7.63 2.53 7.33 3.60 5.52 1.99 7.06 7.09 7.21 1.11 3.82 3.44 3.38 6.72 3.06 5.31 3.87 5.95 3.41 5.15 3.45 3.35 5.43 4.65 6.28 1.99 5.00 3.13 4.83 3.17 4.71 4.02 4.14 4.83 3.52 6.84 7.36 4.86 5.02 5.84 1.89 4.51 6.66 6.59 3.12 3.29 1.77 2.03 5.01 
3.55 4.97 5.08 4.78 3.79 6.30 2.84 3.23 4.16 2.83 4.30 6.80 3.32 5.22 5.68 4.14 3.51 6.13 4.92 6.60 2.63 5.76 4.90 2.35 5.31 3.66 3.24 1.71 5.38 2.22 5.21 5.67 3.87 3.74 3.03 4.81 3.95 4.65 5.26 3.56 0.96 4.59 5.23 2.28 4.05 1.52 5.11 5.15 4.74 4.31 5.47 3.16 3.86 4.51 4.50 5.24 2.61 2.63 3.17 3.38 
2.10 7.73 7.31 7.49 0.84 7.79 5.53 5.53 6.14 1.64 5.00 9.70 5.89 6.88 7.10 6.91 5.65 9.02 6.40 9.55 3.03 7.43 3.86 0.66 8.00 6.34 5.30 2.84 8.34 0.87 8.12 6.47 1.99 6.32 5.74 7.48 5.66 7.60 6.58 1.34 3.25 1.76 3.72 2.06 1.16 2.28 7.52 6.08 7.67 1.38 8.44 5.46 6.82 4.57 4.26 6.59 5.57 5.11 5.55 1.97 
4.05 4.48 5.10 4.28 4.17 6.49 2.35 2.75 4.28 3.03 4.05 6.35 3.26 4.79 5.89 3.66 3.60 5.67 4.53 6.18 3.09 5.92 5.39 2.73 4.81 3.53 2.79 1.63 4.98 2.58 4.92 5.98 4.36 3.24 2.54 4.31 4.15 4.29 5.50 3.83 0.68 5.03 5.73 2.40 4.42 1.62 4.61 4.83 4.42 4.68 5.11 3.22 3.47 4.36 4.40 5.47 2.28 2.65 3.21 3.55 
10.33 2.21 6.85 2.54 10.58 9.14 4.33 4.76 7.31 9.04 7.40 0.35 5.81 5.56 8.98 2.96 6.90 0.80 6.00 1.16 8.88 8.49 11.28 9.15 2.21 5.34 5.24 7.26 2.06 8.97 3.58 10.01 10.72 3.77 4.13 2.65 7.82 3.04 8.96 9.98 6.57 11.50 11.81 8.30 10.78 7.68 3.38 7.10 3.42 11.05 2.43 6.56 3.34 8.38 8.75 8.89 4.58 6.26 6.39 9.40 
5.10 4.97 7.38 4.65 3.97 8.77 2.95 2.45 6.58 2.07 1.86 7.17 5.50 3.43 8.16 4.24 5.91 6.46 2.96 7.25 4.86 8.22 6.77 2.87 5.09 5.69 2.05 0.84 6.25 2.64 6.68 8.13 5.21 3.41 3.13 4.58 6.43 5.84 7.74 3.03 1.63 5.17 6.88 1.41 4.04 1.37 4.33 2.83 6.12 4.29 6.53 5.52 4.95 2.06 2.13 7.72 4.09 4.94 5.50 2.29 
3.65 5.00 3.94 4.87 4.54 5.19 3.13 3.80 3.01 3.90 5.35 6.53 2.25 5.98 4.59 4.21 2.35 5.91 5.76 6.20 2.22 4.63 4.64 3.18 5.41 2.65 3.95 2.85 4.94 3.11 4.46 4.71 4.06 4.06 3.28 4.95 2.84 4.08 4.19 4.54 1.98 5.12 5.12 3.41 4.85 2.67 5.47 6.12 4.05 5.09 4.93 2.01 3.43 5.64 5.64 4.16 2.14 1.51 2.04 4.47 
7.39 4.97 9.15 4.63 5.95 10.80 3.75 2.76 8.54 4.01 0.62 7.17 7.23 1.80 10.23 4.53 7.85 6.51 1.22 7.51 7.16 10.20 9.08 5.08 4.86 7.29 2.25 3.15 6.81 4.86 7.71 10.33 7.47 3.60 3.83 4.48 8.49 6.74 9.85 4.81 3.72 7.19 9.16 3.55 5.92 3.69 3.72 0.50 7.14 6.14 7.22 7.42 5.89 1.56 2.03 9.82 5.48 6.82 7.37 3.95 
2.68 5.87 4.51 5.72 3.68 5.37 3.87 4.38 3.42 3.37 5.44 7.49 3.04 6.43 4.72 5.06 2.85 6.86 6.13 7.18 1.44 4.90 3.80 2.42 6.25 3.51 4.43 2.77 5.91 2.40 5.41 4.54 3.09 4.80 4.04 5.78 3.06 5.06 4.25 3.85 2.16 4.17 4.22 3.03 4.01 2.40 6.20 6.33 5.03 4.23 5.91 2.62 4.40 5.55 5.47 4.24 3.11 2.25 2.70 3.94 
1.36 7.42 5.00 7.28 3.30 5.17 5.43 5.90 3.76 3.85 6.60 8.96 4.03 7.85 4.47 6.62 3.42 8.36 7.51 8.60 0.44 4.86 2.24 2.57 7.81 4.57 5.90 3.92 7.33 2.69 6.63 3.83 1.85 6.36 5.61 7.34 3.18 6.42 3.95 3.95 3.57 3.30 2.67 3.80 3.66 3.41 7.75 7.57 6.32 3.81 7.27 3.38 5.85 6.51 6.33 3.96 4.57 3.27 3.53 4.36 
6.36 7.75 1.46 7.84 8.44 0.86 6.96 7.92 1.77 8.48 10.06 7.97 3.16 10.20 1.07 7.27 2.46 7.70 10.13 7.25 4.74 0.39 5.84 7.44 8.25 3.33 8.27 7.63 6.27 7.47 4.72 2.51 6.85 7.69 7.00 8.00 2.07 5.36 1.49 8.89 6.73 8.43 6.62 8.11 8.80 7.41 8.93 10.71 4.91 8.97 5.86 2.87 5.56 10.41 10.42 1.43 5.10 3.47 2.92 9.05 
7.00 4.46 8.52 4.11 5.73 10.18 3.12 2.15 7.92 3.78 0.80 6.68 6.59 1.69 9.63 3.96 7.23 6.01 1.14 6.98 6.66 9.58 8.65 4.74 4.39 6.65 1.63 2.69 6.23 4.51 7.09 9.76 7.11 3.03 3.21 3.97 7.88 6.12 9.25 4.65 3.15 6.96 8.78 3.23 5.74 3.25 3.31 1.05 6.52 5.98 6.63 6.80 5.27 1.81 2.24 9.22 4.84 6.20 6.74 3.81 
7.28 3.71 8.17 3.36 6.23 9.96 2.59 1.58 7.67 4.30 1.58 5.92 6.26 1.16 9.43 3.26 6.98 5.26 0.80 6.25 6.75 9.33 8.87 5.13 3.62 6.26 1.13 2.96 5.55 4.90 6.51 9.68 7.44 2.35 2.65 3.22 7.70 5.52 9.09 5.22 3.18 7.44 9.06 3.68 6.28 3.55 2.53 1.47 5.94 6.53 5.97 6.54 4.69 2.59 3.01 9.06 4.41 5.95 6.47 4.41 
3.61 6.62 7.57 6.34 2.08 8.49 4.46 4.22 6.54 0.28 3.35 8.73 5.87 5.29 7.82 5.83 5.93 8.03 4.79 8.70 3.96 8.03 5.36 1.23 6.81 6.22 3.89 1.53 7.58 1.04 7.67 7.45 3.59 5.11 4.66 6.30 6.19 6.99 7.34 1.20 2.33 3.29 5.32 0.51 2.15 1.16 6.17 4.43 7.16 2.40 7.77 5.63 6.13 2.95 2.69 7.33 5.01 5.15 5.68 0.82 
7.82 0.70 6.01 0.51 7.78 8.16 1.51 1.93 5.97 6.18 4.73 2.85 4.36 3.40 7.80 0.16 5.38 2.15 3.66 3.03 6.58 7.49 8.99 6.38 1.04 4.09 2.45 4.41 2.32 6.18 3.52 8.50 8.15 0.95 1.30 0.61 6.28 2.50 7.61 7.14 3.79 8.77 9.43 5.44 7.97 4.85 1.54 4.68 2.99 8.23 2.77 4.95 1.91 5.65 5.99 7.56 2.52 4.46 4.81 6.54 
5.73 6.96 0.93 7.03 7.69 1.56 6.07 7.02 0.86 7.63 9.14 7.37 2.28 9.30 1.31 6.45 1.54 7.03 9.23 6.68 4.03 0.89 5.44 6.62 7.46 2.51 7.36 6.73 5.62 6.64 4.15 2.55 6.23 6.82 6.11 7.19 1.30 4.67 1.41 8.07 5.82 7.77 6.20 7.23 8.05 6.52 8.08 9.79 4.25 8.23 5.26 1.95 4.78 9.50 9.52 1.34 4.22 2.55 2.01 8.20 
3.40 7.51 3.14 7.47 5.56 2.91 5.95 6.71 1.93 5.92 8.16 8.54 3.01 8.92 2.21 6.81 1.98 8.05 8.70 8.00 1.86 2.63 3.07 4.73 7.97 3.54 6.89 5.50 6.78 4.81 5.65 1.81 3.89 6.85 6.07 7.58 1.24 5.79 1.69 6.16 4.81 5.47 3.82 5.70 5.93 5.12 8.25 9.00 5.52 6.07 6.56 2.24 5.51 8.28 8.19 1.70 4.46 2.56 2.42 6.46 
1.26 7.30 5.28 7.14 2.93 5.55 5.26 5.67 4.05 3.43 6.23 8.93 4.17 7.56 4.86 6.49 3.66 8.30 7.20 8.60 0.79 5.22 2.47 2.16 7.68 4.70 5.64 3.57 7.33 2.28 6.72 4.25 1.70 6.17 5.44 7.19 3.49 6.44 4.33 3.54 3.29 3.03 2.80 3.40 3.29 3.04 7.55 7.22 6.37 3.45 7.30 3.58 5.82 6.11 5.93 4.35 4.54 3.39 3.71 3.94 
6.83 5.22 1.22 5.36 8.31 3.51 4.88 5.90 2.07 7.74 8.43 5.31 1.61 8.08 3.42 4.86 2.08 5.04 8.13 4.60 5.04 2.87 6.99 7.02 5.71 1.29 6.33 6.43 3.61 6.96 2.06 4.62 7.32 5.44 4.86 5.53 2.74 2.74 3.50 8.39 5.43 8.69 7.71 7.18 8.64 6.41 6.53 8.88 2.26 8.86 3.20 2.09 3.09 8.99 9.12 3.43 3.05 2.38 1.97 8.29 
2.29 9.67 5.83 9.57 4.70 4.95 7.79 8.32 4.65 5.92 8.95 11.00 5.61 10.29 4.34 8.90 4.67 10.45 9.94 10.54 2.51 4.95 0.66 4.61 10.10 6.16 8.34 6.31 9.28 4.79 8.30 3.07 2.53 8.72 7.96 9.64 3.96 8.31 3.86 5.71 6.01 4.01 1.36 6.04 5.02 5.77 10.13 9.96 8.10 5.05 9.12 4.85 7.89 8.76 8.52 3.91 6.69 5.01 5.02 6.34 
4.69 3.85 5.13 3.64 4.74 6.71 1.71 2.17 4.44 3.43 3.86 5.75 3.23 4.32 6.15 3.02 3.75 5.07 4.10 5.62 3.66 6.11 6.00 3.30 4.17 3.41 2.29 1.81 4.45 3.13 4.55 6.37 5.00 2.61 1.90 3.67 4.41 3.83 5.79 4.30 0.83 5.64 6.36 2.74 4.97 1.99 3.99 4.53 4.02 5.23 4.62 3.33 2.97 4.32 4.42 5.76 1.88 2.74 3.29 3.91 
3.98 5.53 6.84 5.26 3.02 8.01 3.36 3.18 5.91 1.36 2.93 7.64 5.05 4.51 7.37 4.74 5.27 6.93 4.07 7.61 3.83 7.49 5.65 1.78 5.74 5.34 2.90 0.45 6.49 1.55 6.65 7.20 4.10 4.04 3.56 5.22 5.66 5.93 6.92 2.29 1.28 4.16 5.76 0.63 3.16 0.28 5.16 3.94 6.13 3.42 6.70 4.92 5.06 2.88 2.79 6.90 3.99 4.39 4.94 1.80 
5.61 8.19 2.17 8.24 7.81 0.66 7.14 8.05 1.83 8.06 9.95 8.65 3.43 10.33 0.05 7.64 2.48 8.31 10.21 7.96 4.11 0.63 4.92 6.93 8.68 3.74 8.34 7.41 6.90 6.99 5.43 1.49 6.08 7.94 7.21 8.39 1.76 5.95 0.57 8.37 6.58 7.68 5.69 7.77 8.18 7.12 9.25 10.69 5.53 8.32 6.54 2.93 6.01 10.21 10.18 0.55 5.34 3.51 3.04 8.62 
0.85 8.20 6.73 8.00 1.65 6.89 6.04 6.23 5.50 2.85 6.13 10.00 5.57 7.83 6.19 7.37 5.11 9.35 7.39 9.75 2.19 6.60 2.59 1.61 8.52 6.08 6.08 3.71 8.50 1.83 8.03 5.40 0.78 6.91 6.24 8.02 4.93 7.67 5.66 2.58 3.83 1.59 2.50 3.14 2.00 3.12 8.21 7.19 7.65 2.11 8.52 5.01 6.97 5.77 5.49 5.68 5.68 4.78 5.13 3.23 
6.84 1.74 5.76 1.50 6.74 7.78 0.46 1.15 5.51 5.15 4.01 3.85 3.95 3.19 7.35 0.93 4.87 3.14 3.28 3.92 5.69 7.12 8.08 5.34 2.02 3.81 1.68 3.38 2.99 5.14 3.81 7.90 7.15 0.60 0.26 1.52 5.72 2.83 7.10 6.10 2.74 7.73 8.49 4.41 6.93 3.81 1.99 4.16 3.24 7.19 3.35 4.43 2.00 4.85 5.15 7.05 2.01 3.88 4.31 5.52 
8.42 2.59 8.14 2.27 7.66 10.15 2.57 1.79 7.88 5.78 3.13 4.63 6.33 1.09 9.71 2.47 7.22 4.02 1.53 5.09 7.61 9.50 9.89 6.45 2.33 6.19 1.81 4.24 4.65 6.22 5.90 10.18 8.64 1.81 2.50 2.08 8.05 4.88 9.44 6.72 4.14 8.83 10.17 5.10 7.74 4.81 1.11 2.64 5.36 8.00 5.13 6.78 4.21 4.15 4.59 9.39 4.39 6.21 6.67 5.94 
7.58 3.50 8.24 3.16 6.58 10.08 2.60 1.59 7.79 4.65 1.88 5.69 6.34 0.86 9.57 3.12 7.11 5.04 0.65 6.05 7.00 9.45 9.16 5.46 3.38 6.31 1.23 3.27 5.41 5.23 6.44 9.87 7.75 2.23 2.63 3.00 7.85 5.44 9.24 5.57 3.43 7.78 9.36 4.03 6.63 3.86 2.24 1.58 5.87 6.88 5.85 6.66 4.64 2.90 3.33 9.21 4.46 6.07 6.58 4.76 
8.26 2.35 7.87 2.02 7.57 9.89 2.32 1.59 7.62 5.71 3.21 4.44 6.06 1.31 9.45 2.20 6.96 3.82 1.69 4.87 7.41 9.23 9.71 6.33 2.13 5.92 1.68 4.12 4.40 6.11 5.63 9.93 8.49 1.54 2.24 1.84 7.79 4.61 9.18 6.66 3.98 8.72 10.00 5.02 7.67 4.70 0.93 2.80 5.09 7.92 4.88 6.52 3.93 4.22 4.65 9.14 4.12 5.96 6.41 5.89 
2.20 9.99 6.32 9.87 4.51 5.46 8.06 8.53 5.13 5.87 9.01 11.38 6.04 10.44 4.85 9.20 5.13 10.81 10.07 10.93 2.78 5.46 0.45 4.58 10.40 6.59 8.52 6.40 9.67 4.78 8.73 3.56 2.35 8.98 8.22 9.94 4.44 8.71 4.37 5.59 6.18 3.71 0.91 6.06 4.82 5.85 10.38 10.03 8.52 4.82 9.53 5.29 8.26 8.75 8.49 4.42 7.04 5.41 5.46 6.26 
6.68 3.25 7.31 2.91 5.89 9.09 1.78 0.81 6.81 4.03 2.06 5.49 5.40 1.85 8.57 2.67 6.12 4.80 1.63 5.72 6.01 8.47 8.21 4.66 3.27 5.40 0.29 2.45 4.91 4.44 5.74 8.85 6.88 1.74 1.86 2.80 6.85 4.78 8.24 4.98 2.46 7.04 8.45 3.33 5.98 3.03 2.39 2.27 5.17 6.24 5.29 5.68 3.92 2.96 3.31 8.20 3.56 5.08 5.60 4.24 
1.38 9.85 7.15 9.68 3.18 6.66 7.77 8.08 5.90 4.78 8.10 11.47 6.48 9.78 6.00 9.03 5.73 10.86 9.35 11.12 2.87 6.56 1.22 3.58 10.21 7.03 7.97 5.66 9.85 3.81 9.13 4.85 1.19 8.67 7.95 9.72 5.23 8.94 5.49 4.34 5.66 2.25 0.64 5.12 3.45 5.07 10.02 9.16 8.83 3.42 9.79 5.78 8.36 7.71 7.40 5.53 7.08 5.75 5.94 5.10 
1.73 10.15 7.21 9.98 3.58 6.58 8.09 8.43 5.97 5.19 8.50 11.73 6.64 10.15 5.94 9.33 5.84 11.12 9.73 11.35 3.07 6.52 1.07 3.98 10.52 7.19 8.34 6.04 10.09 4.21 9.31 4.73 1.59 8.99 8.27 10.03 5.29 9.16 5.44 4.74 6.01 2.61 0.33 5.51 3.84 5.46 10.35 9.56 9.03 3.80 10.00 5.93 8.61 8.12 7.81 5.49 7.33 5.93 6.09 5.50 
6.04 2.63 5.76 2.38 5.85 7.61 0.45 0.93 5.32 4.26 3.46 4.73 3.86 3.21 7.12 1.83 4.64 4.02 3.13 4.76 5.02 6.97 7.37 4.45 2.89 3.84 1.28 2.48 3.74 4.25 4.31 7.52 6.34 1.25 0.65 2.38 5.42 3.40 6.82 5.20 1.86 6.85 7.73 3.52 6.03 2.91 2.62 3.83 3.74 6.29 4.04 4.20 2.51 4.20 4.45 6.78 2.00 3.61 4.11 4.64 
4.92 3.82 3.69 3.74 5.63 5.43 2.24 3.12 3.14 4.67 5.29 5.26 1.77 5.40 4.93 3.07 2.46 4.65 5.29 4.93 3.44 4.79 5.86 4.21 4.26 1.93 3.42 3.22 3.67 4.09 3.33 5.39 5.33 3.11 2.33 3.84 3.25 2.84 4.64 5.44 2.22 6.32 6.37 4.04 5.91 3.27 4.50 5.87 2.87 6.16 3.69 2.01 2.15 5.79 5.90 4.60 0.86 1.42 1.93 5.20 
4.03 9.52 4.44 9.48 6.47 3.01 7.97 8.70 3.50 7.31 9.93 10.45 4.90 10.87 2.50 8.82 3.82 9.99 10.62 9.86 3.24 3.18 2.75 6.02 9.98 5.39 8.84 7.24 8.67 6.16 7.41 1.08 4.40 8.87 8.09 9.60 2.91 7.68 2.15 7.33 6.67 5.98 3.47 7.25 6.82 6.79 10.27 10.84 7.36 6.90 8.41 4.16 7.48 9.93 9.78 2.21 6.47 4.55 4.33 7.81 
2.83 9.83 5.61 9.73 5.26 4.54 8.02 8.60 4.48 6.41 9.37 11.05 5.58 10.63 3.96 9.07 4.58 10.52 10.30 10.55 2.78 4.60 1.23 5.10 10.26 6.12 8.65 6.71 9.31 5.27 8.24 2.62 3.09 8.95 8.17 9.82 3.80 8.33 3.51 6.25 6.34 4.58 1.89 6.50 5.58 6.18 10.36 10.36 8.09 5.62 9.12 4.81 7.96 9.22 9.00 3.57 6.80 5.03 4.99 6.85 
1.78 10.21 7.91 10.02 2.83 7.49 8.08 8.29 6.66 4.63 8.02 11.94 7.13 9.84 6.83 9.39 6.44 11.30 9.38 11.63 3.50 7.37 2.05 3.56 10.55 7.67 8.13 5.74 10.37 3.79 9.73 5.69 1.38 8.95 8.27 10.05 6.00 9.48 6.31 4.03 5.88 1.69 1.38 5.06 3.03 5.15 10.26 9.10 9.41 2.94 10.34 6.46 8.85 7.53 7.19 6.35 7.56 6.37 6.61 4.85 
8.14 1.49 7.15 1.15 7.71 9.23 1.84 1.51 6.99 5.94 3.85 3.65 5.40 2.19 8.83 1.36 6.36 3.00 2.52 4.03 7.12 8.57 9.48 6.39 1.34 5.20 1.86 4.24 3.52 6.17 4.77 9.40 8.41 0.92 1.70 0.98 7.22 3.76 8.59 6.90 3.88 8.81 9.84 5.21 7.85 4.77 0.51 3.60 4.25 8.11 4.00 5.92 3.12 4.84 5.23 8.55 3.48 5.38 5.79 6.20 
1.67 7.09 6.18 6.88 1.93 6.70 4.93 5.12 5.01 2.21 5.21 8.93 4.80 6.78 6.01 6.26 4.52 8.27 6.36 8.71 1.98 6.32 3.35 0.93 7.41 5.27 4.99 2.67 7.47 1.06 7.12 5.47 1.84 5.79 5.12 6.90 4.53 6.68 5.50 2.33 2.71 2.48 3.45 2.27 2.27 2.09 7.09 6.24 6.70 2.48 7.52 4.34 5.94 4.99 4.76 5.51 4.66 4.01 4.43 2.71 
5.21 6.40 8.64 6.07 3.42 9.82 4.44 3.86 7.73 1.57 1.98 8.62 6.81 4.22 9.17 5.70 7.08 7.92 3.66 8.74 5.48 9.30 6.97 2.84 6.47 7.06 3.39 1.92 7.75 2.65 8.17 8.93 5.18 4.84 4.62 5.99 7.47 7.34 8.71 2.24 2.92 4.67 6.92 1.46 3.35 2.08 5.59 3.05 7.61 3.56 8.04 6.72 6.45 1.36 1.08 8.70 5.55 6.18 6.73 1.37 
6.07 4.59 1.75 4.68 7.38 3.92 3.94 4.95 1.92 6.72 7.41 5.10 0.69 7.18 3.65 4.12 1.59 4.71 7.19 4.49 4.31 3.25 6.45 6.05 5.09 0.25 5.36 5.39 3.33 5.99 2.08 4.62 6.55 4.59 3.95 4.84 2.46 2.35 3.57 7.40 4.39 7.84 7.12 6.15 7.71 5.38 5.78 7.90 1.99 7.93 3.04 1.39 2.41 7.96 8.08 3.51 2.08 1.48 1.22 7.27 
7.34 1.72 4.59 1.82 7.77 6.80 1.97 2.87 4.69 6.44 5.73 2.82 3.08 4.77 6.49 1.35 4.16 2.21 4.94 2.58 5.88 6.13 8.29 6.33 2.22 2.73 3.40 4.70 1.41 6.17 2.12 7.31 7.74 2.11 1.84 2.00 5.08 1.11 6.36 7.33 3.85 8.61 8.81 5.71 8.01 5.01 3.00 5.87 1.56 8.27 1.67 3.76 0.47 6.54 6.81 6.30 1.58 3.37 3.60 6.88 
3.70 9.85 5.03 9.80 6.15 3.67 8.20 8.88 4.03 7.15 9.93 10.89 5.34 11.00 3.16 9.13 4.28 10.41 10.71 10.33 3.21 3.83 2.24 5.84 10.31 5.85 8.98 7.23 9.12 5.99 7.92 1.74 4.02 9.12 8.34 9.90 3.40 8.13 2.78 7.08 6.74 5.56 2.92 7.15 6.49 6.75 10.53 10.87 7.83 6.54 8.88 4.58 7.87 9.86 9.68 2.84 6.80 4.92 4.76 7.62 
5.86 7.80 1.67 7.87 7.98 0.74 6.86 7.81 1.56 8.10 9.82 8.18 3.10 10.08 0.58 7.28 2.25 7.87 9.99 7.48 4.26 0.17 5.30 7.02 8.30 3.36 8.12 7.34 6.45 7.06 4.95 1.99 6.34 7.64 6.92 8.03 1.69 5.51 0.94 8.47 6.47 7.92 6.07 7.76 8.34 7.08 8.92 10.51 5.08 8.50 6.07 2.69 5.62 10.13 10.12 0.88 5.03 3.28 2.77 8.67 
4.54 6.36 1.78 6.37 6.38 2.61 5.12 6.01 0.54 6.28 7.92 7.17 1.63 8.28 2.05 5.74 0.54 6.73 8.16 6.58 2.78 2.04 4.54 5.28 6.85 2.11 6.29 5.43 5.40 5.29 4.17 2.62 5.04 5.96 5.20 6.51 0.38 4.40 1.75 6.73 4.56 6.53 5.26 5.90 6.73 5.20 7.30 8.64 4.09 6.92 5.13 0.95 4.25 8.23 8.22 1.70 3.39 1.48 1.10 6.85 
1.58 7.81 4.79 7.68 3.81 4.70 5.89 6.42 3.53 4.49 7.23 9.23 4.06 8.43 4.00 7.02 3.31 8.65 8.11 8.82 0.60 4.45 1.84 3.20 8.22 4.61 6.46 4.55 7.55 3.33 6.73 3.24 2.07 6.82 6.06 7.76 2.89 6.61 3.48 4.55 4.14 3.65 2.42 4.45 4.18 4.05 8.23 8.20 6.46 4.30 7.45 3.35 6.11 7.16 6.98 3.50 4.87 3.35 3.51 4.99 
2.02 6.48 5.04 6.31 3.07 5.67 4.42 4.83 3.88 3.05 5.54 8.16 3.69 6.76 4.99 5.66 3.38 7.52 6.42 7.86 1.18 5.25 3.30 1.93 6.85 4.18 4.81 2.85 6.60 1.97 6.11 4.61 2.40 5.33 4.60 6.36 3.43 5.75 4.49 3.38 2.47 3.48 3.64 2.86 3.41 2.37 6.71 6.50 5.72 3.62 6.60 3.20 5.08 5.52 5.38 4.49 3.79 2.90 3.30 3.61 
1.87 10.35 7.58 10.18 3.45 6.99 8.27 8.56 6.35 5.15 8.50 11.98 6.97 10.23 6.34 9.54 6.20 11.37 9.79 11.63 3.37 6.92 1.48 3.99 10.72 7.52 8.45 6.11 10.36 4.22 9.62 5.14 1.63 9.16 8.45 10.22 5.67 9.45 5.84 4.63 6.14 2.38 0.73 5.52 3.68 5.52 10.51 9.57 9.33 3.61 10.29 6.26 8.87 8.08 7.75 5.89 7.59 6.25 6.42 5.43 
6.46 4.37 1.93 4.48 7.71 4.18 3.92 4.94 2.28 6.98 7.49 4.75 1.08 7.13 3.95 3.95 1.99 4.38 7.17 4.11 4.71 3.52 6.86 6.36 4.87 0.54 5.37 5.58 2.98 6.28 1.67 4.98 6.94 4.49 3.90 4.65 2.86 2.02 3.91 7.69 4.58 8.20 7.53 6.39 8.03 5.61 5.62 7.92 1.63 8.26 2.66 1.80 2.20 8.08 8.22 3.85 2.10 1.85 1.63 7.52 
8.47 2.45 4.46 2.72 9.14 6.75 3.47 4.32 4.95 7.90 7.19 2.08 3.52 6.01 6.60 2.56 4.59 1.81 6.26 1.47 6.86 6.11 9.20 7.70 2.87 3.01 4.85 6.19 0.39 7.55 1.23 7.65 8.90 3.46 3.32 2.92 5.49 0.77 6.58 8.78 5.30 9.90 9.80 7.19 9.40 6.46 3.99 7.25 1.04 9.66 0.17 4.29 1.51 8.03 8.31 6.52 2.75 4.07 4.11 8.36 
8.38 1.27 7.17 0.96 8.01 9.29 2.03 1.81 7.06 6.24 4.15 3.37 5.46 2.40 8.90 1.31 6.45 2.73 2.77 3.78 7.32 8.62 9.70 6.68 1.05 5.23 2.17 4.53 3.35 6.46 4.67 9.52 8.67 1.11 1.88 0.77 7.32 3.67 8.69 7.21 4.15 9.09 10.07 5.52 8.15 5.06 0.36 3.86 4.16 8.41 3.84 6.01 3.09 5.15 5.54 8.64 3.56 5.49 5.88 6.51 
6.28 4.61 1.70 4.71 7.60 3.93 4.06 5.07 2.01 6.93 7.57 5.02 0.90 7.29 3.69 4.16 1.74 4.65 7.31 4.38 4.52 3.26 6.64 6.27 5.11 0.45 5.50 5.58 3.25 6.20 1.93 4.71 6.76 4.67 4.05 4.88 2.59 2.29 3.64 7.62 4.59 8.05 7.31 6.36 7.93 5.58 5.83 8.04 1.90 8.15 2.93 1.58 2.42 8.14 8.26 3.58 2.21 1.69 1.42 7.48 
6.23 7.64 1.38 7.73 8.29 0.91 6.83 7.79 1.62 8.33 9.91 7.91 3.03 10.06 1.02 7.16 2.31 7.62 10.00 7.19 4.59 0.34 5.73 7.29 8.14 3.22 8.13 7.48 6.19 7.32 4.66 2.44 6.72 7.56 6.87 7.89 1.92 5.28 1.39 8.74 6.58 8.29 6.50 7.96 8.66 7.26 8.81 10.57 4.83 8.82 5.80 2.73 5.46 10.26 10.27 1.33 4.97 3.32 2.78 8.90 
1.11 8.53 7.17 8.31 1.36 7.29 6.35 6.49 5.93 2.84 6.20 10.37 6.01 7.99 6.59 7.70 5.55 9.70 7.54 10.13 2.62 7.02 2.76 1.71 8.84 6.51 6.31 3.90 8.89 1.94 8.45 5.76 0.83 7.20 6.55 8.33 5.36 8.07 6.07 2.42 4.11 1.15 2.54 3.23 1.69 3.31 8.48 7.27 8.06 1.76 8.92 5.45 7.36 5.77 5.46 6.09 6.07 5.22 5.57 3.15 
4.90 6.76 8.67 6.44 2.99 9.75 4.75 4.23 7.71 1.24 2.44 8.97 6.88 4.69 9.09 6.05 7.08 8.26 4.13 9.06 5.30 9.26 6.66 2.55 6.86 7.17 3.78 2.05 8.04 2.38 8.38 8.78 4.83 5.20 4.93 6.36 7.42 7.59 8.62 1.80 3.04 4.24 6.57 1.35 2.91 2.07 6.01 3.51 7.83 3.11 8.30 6.74 6.69 1.77 1.41 8.61 5.73 6.22 6.77 0.93 
4.11 7.39 2.50 7.39 6.23 2.26 6.02 6.85 1.36 6.46 8.51 8.25 2.71 9.09 1.57 6.74 1.62 7.80 8.92 7.66 2.51 1.93 3.74 5.32 7.87 3.19 7.07 5.90 6.48 5.38 5.24 1.61 4.59 6.89 6.12 7.51 0.72 5.49 1.08 6.77 5.13 6.17 4.49 6.20 6.59 5.57 8.26 9.30 5.17 6.74 6.21 1.99 5.31 8.70 8.64 1.08 4.38 2.44 2.15 7.02 
7.38 3.50 2.97 3.68 8.38 5.26 3.62 4.62 3.46 7.41 7.38 3.59 2.13 6.65 5.09 3.26 3.15 3.27 6.79 2.94 5.68 4.61 7.93 6.97 3.99 1.59 5.12 5.84 1.85 6.86 0.59 6.15 7.84 3.98 3.55 3.86 4.03 0.96 5.08 8.20 4.86 8.99 8.57 6.75 8.67 5.98 4.90 7.66 0.48 8.92 1.49 2.90 1.52 8.09 8.29 5.01 2.15 2.80 2.72 7.92 
9.15 6.37 11.10 6.03 7.41 12.78 5.57 4.55 10.51 5.57 2.36 8.41 9.18 2.71 12.21 6.10 9.82 7.82 2.40 8.89 9.07 12.18 10.88 6.78 6.13 9.21 4.09 5.05 8.37 6.56 9.45 12.30 9.16 5.23 5.62 5.86 10.47 8.44 11.83 6.21 5.69 8.66 10.89 5.27 7.31 5.54 4.90 1.56 8.88 7.50 8.83 9.39 7.65 2.65 3.04 11.80 7.37 8.79 9.34 5.35 
5.36 5.66 1.19 5.71 6.98 2.92 4.70 5.66 0.75 6.63 7.85 6.28 0.92 7.94 2.54 5.11 0.58 5.88 7.87 5.66 3.57 2.26 5.49 5.77 6.16 1.24 6.01 5.55 4.50 5.75 3.21 3.45 5.85 5.45 4.75 5.86 1.31 3.52 2.42 7.19 4.60 7.26 6.20 6.16 7.33 5.42 6.73 8.47 3.17 7.53 4.21 0.75 3.49 8.28 8.33 2.36 2.85 1.28 0.72 7.20 
2.47 6.77 3.90 6.67 4.28 4.27 4.95 5.59 2.67 4.47 6.77 8.13 2.97 7.70 3.59 6.00 2.31 7.56 7.43 7.71 0.68 3.88 2.94 3.31 7.20 3.51 5.69 4.08 6.44 3.37 5.62 3.24 2.96 5.88 5.10 6.75 2.12 5.49 3.08 4.76 3.48 4.40 3.54 4.25 4.64 3.68 7.29 7.65 5.34 4.82 6.33 2.29 5.01 6.84 6.74 3.09 3.78 2.24 2.44 5.02 
8.77 3.13 8.73 2.82 7.86 10.72 3.13 2.27 8.44 5.94 3.02 5.09 6.90 0.71 10.27 3.06 7.78 4.51 1.27 5.59 8.05 10.07 10.29 6.71 2.83 6.77 2.19 4.51 5.21 6.48 6.49 10.70 8.96 2.40 3.07 2.63 8.59 5.47 9.99 6.86 4.53 9.05 10.53 5.30 7.92 5.09 1.60 2.34 5.96 8.16 5.70 7.34 4.80 4.03 4.49 9.94 4.96 6.76 7.23 6.05 
8.92 5.99 10.74 5.66 7.26 12.44 5.19 4.17 10.17 5.39 2.09 8.05 8.82 2.34 11.88 5.72 9.48 7.45 2.02 8.52 8.79 11.83 10.64 6.56 5.76 8.84 3.72 4.77 7.99 6.35 9.07 11.99 8.95 4.85 5.24 5.48 10.13 8.06 11.50 6.07 5.37 8.51 10.67 5.04 7.17 5.28 4.53 1.20 8.50 7.37 8.45 9.05 7.27 2.51 2.93 11.47 7.01 8.45 8.99 5.20 
8.16 5.19 9.78 4.85 6.66 11.49 4.25 3.23 9.21 4.74 1.33 7.32 7.86 1.65 10.93 4.85 8.52 6.69 1.19 7.73 7.93 10.88 9.85 5.84 5.00 7.89 2.77 3.92 7.13 5.62 8.15 11.07 8.23 3.96 4.31 4.68 9.19 7.16 10.56 5.51 4.46 7.91 9.93 4.31 6.62 4.46 3.80 0.27 7.58 6.83 7.57 8.09 6.34 2.07 2.54 10.53 6.05 7.49 8.03 4.64 
7.75 1.20 6.54 0.86 7.49 8.63 1.36 1.38 6.39 5.79 4.06 3.44 4.80 2.68 8.23 0.79 5.77 2.75 2.92 3.71 6.65 7.96 9.03 6.12 1.26 4.60 1.85 4.04 3.05 5.91 4.22 8.83 8.05 0.46 1.19 0.76 6.64 3.20 8.01 6.75 3.56 8.54 9.42 5.05 7.65 4.54 1.04 3.95 3.68 7.91 3.51 5.33 2.53 5.01 5.36 7.96 2.88 4.80 5.20 6.10 
5.59 7.51 1.51 7.57 7.67 1.08 6.53 7.46 1.21 7.76 9.47 7.96 2.78 9.74 0.72 6.98 1.90 7.62 9.64 7.28 3.97 0.50 5.12 6.69 8.01 3.07 7.77 6.98 6.21 6.73 4.75 2.00 6.08 7.31 6.59 7.73 1.35 5.26 0.87 8.14 6.11 7.65 5.89 7.42 8.04 6.73 8.60 10.16 4.85 8.20 5.85 2.34 5.33 9.78 9.77 0.80 4.71 2.93 2.43 8.33 
8.17 3.05 3.80 3.29 9.02 6.09 3.72 4.65 4.36 7.90 7.49 2.73 3.02 6.49 5.95 3.02 4.05 2.50 6.69 2.04 6.50 5.44 8.79 7.59 3.50 2.49 5.17 6.25 1.08 7.46 0.54 7.05 8.61 3.86 3.60 3.48 4.93 0.69 5.96 8.75 5.31 9.70 9.41 7.21 9.30 6.47 4.55 7.64 0.54 9.55 0.62 3.79 1.58 8.29 8.53 5.90 2.64 3.65 3.61 8.39 
4.09 5.13 6.48 4.86 3.38 7.74 2.94 2.83 5.60 1.80 2.98 7.21 4.66 4.34 7.11 4.33 4.94 6.51 3.94 7.17 3.73 7.20 5.71 2.06 5.35 4.93 2.61 0.29 6.05 1.83 6.21 7.02 4.26 3.65 3.14 4.83 5.38 5.48 6.67 2.72 0.83 4.47 5.87 1.08 3.54 0.43 4.82 3.93 5.68 3.81 6.25 4.57 4.61 3.09 3.06 6.66 3.54 4.02 4.58 2.26 
8.17 4.87 9.57 4.53 6.76 11.32 4.00 2.98 9.03 4.82 1.42 6.99 7.65 1.32 10.77 4.55 8.34 6.37 0.87 7.41 7.86 10.70 9.84 5.87 4.68 7.66 2.54 3.88 6.83 5.64 7.87 10.95 8.25 3.66 4.05 4.36 9.03 6.87 10.41 5.62 4.35 8.00 9.94 4.34 6.73 4.44 3.47 0.38 7.31 6.95 7.27 7.91 6.07 2.27 2.75 10.38 5.82 7.31 7.84 4.75 
7.36 4.22 8.60 3.87 6.15 10.34 3.08 2.07 8.06 4.20 1.15 6.42 6.69 1.26 9.80 3.79 7.37 5.76 0.71 6.76 6.95 9.72 9.00 5.13 4.11 6.71 1.59 3.04 6.07 4.90 7.02 9.99 7.48 2.87 3.15 3.72 8.06 6.03 9.44 5.08 3.41 7.38 9.14 3.64 6.16 3.61 2.99 0.96 6.44 6.40 6.49 6.93 5.20 2.17 2.62 9.41 4.87 6.33 6.87 4.24 
5.87 4.83 7.94 4.50 4.60 9.43 3.03 2.30 7.21 2.66 1.11 7.07 6.03 2.77 8.84 4.18 6.52 6.37 2.26 7.25 5.63 8.85 7.54 3.60 4.88 6.17 1.80 1.61 6.33 3.37 6.95 8.85 5.96 3.29 3.19 4.40 7.09 6.05 8.43 3.56 2.27 5.83 7.65 2.09 4.63 2.14 3.98 2.05 6.37 4.87 6.67 6.11 5.15 1.57 1.80 8.41 4.46 5.52 6.08 2.75 
2.31 9.73 8.57 9.49 1.43 8.56 7.53 7.54 7.33 3.38 6.76 11.65 7.43 8.79 7.87 8.91 6.96 10.98 8.29 11.46 4.01 8.33 3.50 2.67 10.01 7.93 7.29 4.84 10.23 2.88 9.86 6.91 1.83 8.33 7.74 9.49 6.73 9.44 7.34 2.59 5.25 0.28 2.98 3.97 1.49 4.29 9.53 7.85 9.45 1.32 10.28 6.87 8.70 6.15 5.76 7.36 7.42 6.64 6.99 3.46 
3.52 5.03 5.20 4.83 3.68 6.41 2.89 3.23 4.27 2.71 4.22 6.88 3.44 5.19 5.78 4.20 3.62 6.21 4.88 6.69 2.66 5.87 4.90 2.24 5.36 3.78 3.22 1.61 5.48 2.11 5.33 5.75 3.82 3.77 3.08 4.85 4.06 4.75 5.35 3.44 0.91 4.50 5.22 2.16 3.95 1.40 5.13 5.08 4.85 4.20 5.58 3.27 3.96 4.41 4.39 5.33 2.72 2.75 3.30 3.26 
4.97 6.14 1.38 6.17 6.73 2.58 5.04 5.96 0.29 6.54 8.01 6.83 1.36 8.24 2.11 5.55 0.40 6.41 8.14 6.22 3.19 1.95 4.99 5.59 6.63 1.77 6.27 5.59 5.06 5.59 3.78 2.90 5.46 5.83 5.10 6.31 0.75 4.07 1.91 7.03 4.68 6.93 5.71 6.12 7.09 5.40 7.15 8.68 3.73 7.28 4.77 0.84 3.99 8.36 8.38 1.86 3.24 1.44 0.93 7.11 
