9.55 3.75 9.72 9.76 5.68 6.89 10.18 9.19 4.58 8.92 10.20 5.58 9.51 3.33 2.20 9.84 9.91 8.30 3.73 10.25 9.46 4.93 5.25 9.58 6.97 2.59 11.13 7.03 2.46 9.52 4.72 3.80 8.24 8.92 9.58 3.63 8.70 6.91 8.41 4.79 
7.46 0.17 7.97 10.32 2.35 5.10 9.72 8.11 1.57 9.54 8.64 2.01 9.65 0.79 2.33 9.98 7.65 5.33 5.69 8.54 9.65 2.35 3.30 9.30 5.62 3.59 10.09 5.05 5.21 9.69 1.52 4.02 7.19 9.99 7.94 2.33 9.33 3.31 9.17 6.39 
8.12 1.00 8.56 10.43 3.19 5.65 10.05 8.55 2.29 9.62 9.20 2.69 9.84 0.51 2.02 10.17 8.34 6.13 5.36 9.13 9.83 2.99 3.82 9.58 6.08 3.32 10.55 5.64 4.69 9.88 2.30 4.00 7.62 9.97 8.51 2.54 9.41 4.16 9.22 6.17 
6.76 9.48 5.93 0.79 9.11 6.00 2.88 4.21 8.60 0.06 5.59 11.04 1.27 10.10 7.78 1.40 7.32 8.73 5.40 6.00 1.13 7.90 6.87 2.30 5.13 6.62 4.67 6.34 6.87 1.20 8.83 5.68 4.16 1.21 5.63 7.26 0.27 10.45 0.61 4.31 
2.92 10.00 2.20 6.28 8.32 5.10 3.52 2.75 8.63 6.36 1.56 10.53 5.11 10.93 9.69 5.12 3.06 5.94 9.47 1.63 5.25 7.82 6.93 4.05 4.80 9.23 1.77 5.12 10.70 5.20 8.74 8.02 3.61 7.56 2.24 8.40 6.37 8.89 6.69 8.74 
4.64 4.32 5.55 10.42 2.17 3.88 8.68 6.61 3.27 9.84 6.34 3.59 9.36 5.17 5.84 9.62 4.51 1.60 8.33 6.04 9.42 3.12 3.56 8.56 4.75 6.53 8.22 3.54 8.56 9.43 3.14 6.03 6.03 10.73 5.69 4.63 9.68 1.55 9.71 8.49 
1.52 6.63 1.31 5.80 5.15 1.70 3.73 1.65 5.29 5.41 1.86 7.38 4.62 7.55 6.30 4.84 2.08 3.53 6.57 1.85 4.72 4.46 3.53 3.69 1.46 5.96 3.41 1.79 7.61 4.70 5.42 4.78 1.27 6.50 1.18 4.98 5.30 6.01 5.46 6.07 
5.98 9.99 5.04 1.27 9.28 5.87 1.52 3.37 8.94 1.62 4.55 11.35 0.51 10.71 8.56 0.19 6.50 8.37 6.63 4.98 0.57 8.17 7.10 1.21 5.02 7.53 3.28 6.17 8.09 0.51 9.16 6.45 3.67 2.69 4.76 7.81 1.74 10.48 2.14 5.58 
8.26 2.77 8.46 9.01 4.49 5.60 9.15 8.02 3.37 8.18 8.97 4.73 8.63 2.65 0.90 8.96 8.61 7.01 3.37 9.00 8.60 3.65 3.94 8.59 5.73 1.61 9.99 5.74 2.55 8.65 3.53 2.73 7.07 8.33 8.34 2.33 7.96 5.81 7.71 4.31 
2.53 7.27 1.83 4.58 6.04 2.48 2.58 0.69 6.00 4.23 1.88 8.25 3.40 8.14 6.55 3.62 3.09 4.73 6.18 2.13 3.49 5.17 4.14 2.47 1.81 5.97 2.69 2.70 7.38 3.48 6.17 4.74 0.29 5.36 1.55 5.37 4.14 7.05 4.33 5.50 
7.90 10.14 7.08 1.28 9.97 7.01 3.95 5.36 9.37 1.15 6.74 11.80 2.34 10.69 8.27 2.37 8.46 9.78 5.53 7.14 2.19 8.71 7.72 3.41 6.15 7.04 5.74 7.36 6.96 2.25 9.61 6.24 5.28 0.32 6.78 7.93 1.24 11.35 1.16 4.44 
7.98 7.08 7.56 4.71 7.63 5.91 6.11 6.20 6.73 3.91 7.64 8.99 4.89 7.40 4.89 5.16 8.52 8.61 1.67 7.90 4.79 6.32 5.62 5.42 5.30 3.59 7.63 6.26 3.05 4.86 6.98 3.30 5.52 3.61 7.30 5.08 3.72 9.14 3.35 0.75 
5.16 5.73 4.83 4.49 5.51 3.10 4.42 3.72 4.88 3.70 5.03 7.32 3.90 6.37 4.17 4.24 5.69 5.88 3.02 5.24 3.89 4.23 3.28 3.83 2.45 3.19 5.50 3.46 4.27 3.93 5.12 2.05 2.88 4.28 4.59 3.51 3.50 6.94 3.37 2.42 
5.99 9.90 5.07 1.18 9.21 5.82 1.59 3.38 8.87 1.49 4.59 11.28 0.39 10.62 8.46 0.06 6.52 8.35 6.50 5.02 0.44 8.10 7.03 1.22 4.97 7.42 3.36 6.13 7.97 0.38 9.08 6.34 3.65 2.57 4.78 7.72 1.61 10.43 2.00 5.44 
8.38 9.96 7.61 2.13 9.97 7.24 4.69 5.91 9.29 1.79 7.34 11.70 3.08 10.44 7.97 3.16 8.94 10.05 5.02 7.73 2.93 8.69 7.75 4.11 6.40 6.70 6.49 7.60 6.40 2.99 9.54 6.03 5.72 0.62 7.31 7.78 1.79 11.40 1.53 3.96 
6.34 5.80 6.02 4.75 6.02 4.15 5.29 4.86 5.21 3.91 6.21 7.58 4.46 6.29 3.86 4.78 6.87 6.84 1.88 6.42 4.41 4.71 3.92 4.64 3.58 2.66 6.55 4.49 3.24 4.46 5.46 1.86 4.05 4.14 5.78 3.64 3.69 7.51 3.44 1.24 
7.59 4.11 8.47 12.84 3.16 6.41 11.41 9.39 3.99 12.18 9.26 2.23 11.89 4.50 6.34 12.18 7.46 4.56 9.51 8.97 11.94 4.46 5.39 11.20 7.25 7.44 11.11 6.14 9.27 11.95 3.75 7.42 8.71 12.92 8.59 5.66 12.00 1.79 11.95 9.98 
8.03 6.09 7.75 5.76 6.87 5.70 6.83 6.58 5.89 4.93 7.94 8.04 5.78 6.33 3.83 6.08 8.54 8.22 0.49 8.15 5.70 5.60 5.05 6.16 5.23 2.54 8.21 6.01 1.90 5.76 6.14 2.57 5.79 4.75 7.51 4.23 4.73 8.39 4.39 0.69 
6.11 8.48 5.36 1.74 8.12 5.10 2.87 3.68 7.60 0.96 5.14 10.04 1.54 9.11 6.81 1.83 6.67 7.87 4.62 5.51 1.45 6.90 5.88 2.19 4.23 5.68 4.57 5.45 6.09 1.52 7.83 4.70 3.45 1.82 5.06 6.26 0.76 9.48 0.77 3.56 
6.46 9.50 5.60 0.72 9.04 5.84 2.47 3.88 8.57 0.44 5.24 11.01 0.86 10.15 7.88 1.00 7.01 8.53 5.63 5.65 0.72 7.85 6.81 1.91 4.97 6.75 4.27 6.17 7.11 0.78 8.80 5.76 3.90 1.61 5.30 7.29 0.57 10.34 0.96 4.56 
4.02 5.53 3.76 4.88 4.88 2.00 4.10 2.90 4.47 4.20 4.06 6.89 4.03 6.30 4.42 4.35 4.54 4.82 4.05 4.21 4.06 3.71 2.66 3.63 1.29 3.72 4.84 2.37 5.16 4.08 4.69 2.50 1.97 5.00 3.55 3.41 4.02 6.21 3.99 3.56 
6.98 2.86 7.78 11.74 1.98 5.45 10.47 8.52 2.72 11.06 8.55 1.20 10.84 3.37 5.06 11.14 6.95 4.08 8.22 8.31 10.88 3.24 4.23 10.21 6.25 6.15 10.33 5.22 7.99 10.90 2.47 6.15 7.77 11.75 7.86 4.38 10.87 1.05 10.80 8.71 
4.85 5.66 4.54 4.56 5.33 2.81 4.30 3.48 4.75 3.80 4.76 7.20 3.90 6.34 4.21 4.23 5.38 5.60 3.28 4.96 3.89 4.07 3.09 3.74 2.14 3.30 5.31 3.17 4.49 3.93 4.99 2.12 2.61 4.45 4.31 3.45 3.60 6.74 3.50 2.72 
7.63 2.45 8.38 11.99 2.33 5.89 10.89 9.00 2.74 11.27 9.14 0.48 11.14 2.76 4.76 11.45 7.64 4.82 8.04 8.93 11.17 3.42 4.47 10.59 6.64 5.94 10.87 5.70 7.67 11.20 2.49 6.11 8.20 11.89 8.44 4.31 11.07 1.84 10.98 8.62 
5.09 3.18 5.89 10.14 1.04 3.68 8.68 6.68 2.16 9.51 6.66 2.65 9.16 4.04 4.76 9.45 5.08 2.28 7.44 6.42 9.22 2.16 2.84 8.47 4.52 5.55 8.46 3.41 7.55 9.23 2.01 5.18 5.98 10.30 5.97 3.63 9.33 0.95 9.31 7.71 
7.96 8.90 7.29 2.72 9.03 6.52 4.83 5.66 8.30 2.06 7.14 10.68 3.31 9.35 6.87 3.49 8.53 9.35 3.90 7.49 3.18 7.73 6.84 4.18 5.72 5.60 6.58 6.88 5.29 3.25 8.55 4.97 5.29 1.39 7.00 6.74 1.94 10.49 1.55 2.84 
4.28 3.55 4.52 6.98 2.80 1.62 6.04 4.42 2.38 6.28 5.10 4.78 6.14 4.41 3.11 6.45 4.64 3.59 4.45 5.08 6.16 1.60 0.56 5.66 1.93 3.07 6.41 1.76 5.02 6.19 2.59 2.17 3.49 6.98 4.43 1.74 6.09 4.20 6.02 4.49 
7.31 8.13 6.70 2.90 8.23 5.75 4.57 5.12 7.50 2.10 6.60 9.90 3.18 8.61 6.15 3.43 7.88 8.58 3.35 6.93 3.07 6.93 6.03 3.88 4.97 4.89 6.23 6.12 4.80 3.14 7.75 4.20 4.66 1.89 6.41 5.96 1.92 9.69 1.54 2.25 
1.64 5.67 2.35 7.42 3.83 1.46 5.44 3.35 4.27 6.96 3.13 6.03 6.28 6.62 5.93 6.52 1.83 1.82 7.07 2.89 6.36 3.52 2.88 5.38 2.08 5.94 4.96 1.17 7.84 6.36 4.34 4.93 2.89 7.99 2.44 4.50 6.83 4.45 6.94 6.81 
5.89 2.36 6.62 10.44 0.69 4.17 9.19 7.26 1.64 9.75 7.38 1.77 9.53 3.16 4.21 9.83 5.92 3.19 7.16 7.17 9.57 1.99 2.93 8.91 4.95 5.15 9.11 3.95 7.10 9.59 1.42 4.99 6.49 10.47 6.68 3.29 9.57 0.92 9.51 7.56 
3.45 8.81 2.48 3.76 7.61 4.05 1.18 0.98 7.56 3.70 1.96 9.82 2.53 9.66 7.94 2.63 3.95 6.12 7.05 2.39 2.67 6.73 5.69 1.43 3.36 7.21 1.37 4.26 8.39 2.62 7.74 5.99 1.77 4.90 2.21 6.84 3.69 8.60 3.99 6.21 
10.27 4.84 10.34 9.73 6.72 7.61 10.45 9.66 5.60 8.90 10.77 6.69 9.62 4.43 3.10 9.94 10.66 9.23 3.56 10.86 9.56 5.89 6.08 9.81 7.58 3.08 11.54 7.79 2.11 9.62 5.76 4.29 8.73 8.75 10.18 4.50 8.69 7.99 8.37 4.66 
7.82 10.63 6.95 0.82 10.32 7.21 3.58 5.23 9.79 1.25 6.53 12.23 2.05 11.22 8.85 1.98 8.37 9.91 6.23 6.95 1.92 9.10 8.08 3.15 6.34 7.65 5.35 7.55 7.68 1.96 10.02 6.78 5.29 1.10 6.65 8.42 1.44 11.66 1.57 5.14 
2.35 6.74 1.86 4.98 5.49 1.93 3.12 1.22 5.46 4.56 2.12 7.69 3.83 7.62 6.10 4.07 2.91 4.26 5.96 2.28 3.91 4.63 3.60 2.96 1.28 5.59 3.20 2.15 7.10 3.91 5.62 4.37 0.44 5.64 1.63 4.88 4.45 6.51 4.59 5.37 
4.12 4.39 5.01 9.90 2.19 3.37 8.14 6.06 3.22 9.34 5.80 3.90 8.83 5.28 5.71 9.09 4.01 1.11 8.03 5.51 8.90 2.93 3.22 8.02 4.24 6.30 7.68 3.03 8.34 8.90 3.12 5.72 5.50 10.25 5.15 4.42 9.18 1.94 9.22 8.13 
5.24 9.33 4.32 1.84 8.54 5.11 1.04 2.62 8.25 1.87 3.87 10.65 0.62 10.08 8.01 0.75 5.77 7.60 6.32 4.29 0.75 7.47 6.39 0.49 4.26 7.03 2.83 5.40 7.76 0.71 8.46 5.90 2.90 3.05 4.03 7.18 1.91 9.73 2.27 5.31 
4.73 2.58 5.31 8.74 1.02 2.59 7.56 5.71 1.19 8.06 6.02 3.18 7.84 3.54 3.43 8.15 4.90 2.75 5.85 5.87 7.88 0.64 1.26 7.26 3.32 4.03 7.63 2.45 6.06 7.90 1.25 3.57 4.88 8.79 5.31 2.13 7.88 2.40 7.82 6.09 
6.82 2.38 7.03 8.13 3.45 4.16 7.95 6.67 2.35 7.31 7.56 4.32 7.59 2.78 0.57 7.93 7.17 5.67 3.30 7.57 7.58 2.38 2.51 7.42 4.32 1.20 8.66 4.29 3.12 7.62 2.57 1.68 5.71 7.65 6.91 0.92 7.10 4.90 6.90 3.95 
5.56 2.17 5.90 8.10 2.18 2.98 7.42 5.85 1.27 7.35 6.52 3.68 7.37 2.98 1.96 7.70 5.85 4.19 4.37 6.47 7.38 0.94 1.17 6.99 3.37 2.47 7.85 3.03 4.50 7.41 1.52 2.18 4.92 7.90 5.83 0.57 7.14 3.69 7.02 4.74 
7.60 1.31 8.24 11.27 2.13 5.53 10.41 8.63 2.01 10.51 8.97 0.71 10.50 1.60 3.63 10.82 7.69 5.06 6.96 8.80 10.52 2.82 3.89 10.04 6.19 4.85 10.57 5.40 6.51 10.55 1.81 5.15 7.77 11.05 8.26 3.37 10.31 2.45 10.18 7.61 
7.12 9.40 6.32 1.17 9.16 6.18 3.40 4.61 8.59 0.51 6.03 11.03 1.80 9.98 7.61 1.94 7.68 8.95 5.05 6.42 1.66 7.91 6.91 2.80 5.32 6.41 5.19 6.53 6.52 1.73 8.83 5.54 4.48 0.77 6.02 7.18 0.47 10.53 0.34 3.96 
4.60 3.44 5.39 9.75 1.25 3.24 8.22 6.21 2.28 9.13 6.17 3.12 8.75 4.35 4.82 9.03 4.59 1.83 7.32 5.92 8.80 2.09 2.59 8.02 4.10 5.50 7.97 2.96 7.53 8.81 2.18 5.03 5.53 9.96 5.48 3.59 8.96 1.42 8.95 7.52 
7.14 9.29 6.36 1.33 9.08 6.14 3.50 4.65 8.50 0.63 6.08 10.94 1.92 9.87 7.48 2.07 7.70 8.93 4.90 6.47 1.78 7.83 6.84 2.89 5.29 6.28 5.28 6.50 6.37 1.85 8.74 5.42 4.49 0.76 6.06 7.08 0.56 10.47 0.29 3.81 
4.10 3.21 4.70 8.41 1.50 2.07 7.08 5.17 1.81 7.76 5.42 3.72 7.46 4.17 3.88 7.75 4.27 2.26 6.00 5.26 7.50 1.14 1.19 6.81 2.85 4.32 7.06 1.88 6.35 7.52 1.88 3.69 4.38 8.55 4.71 2.50 7.58 2.65 7.56 6.13 
0.69 7.98 0.96 7.09 6.14 3.32 4.54 2.68 6.59 6.88 1.48 8.31 5.85 8.94 8.05 5.99 0.73 3.61 8.56 1.05 5.98 5.82 5.07 4.78 3.39 7.85 3.37 3.22 9.58 5.95 6.66 6.70 2.97 8.05 1.26 6.66 6.82 6.58 7.05 8.05 
5.12 3.07 5.90 10.09 0.93 3.65 8.66 6.67 2.05 9.45 6.67 2.60 9.12 3.93 4.65 9.41 5.12 2.35 7.34 6.44 9.17 2.05 2.75 8.43 4.48 5.43 8.45 3.38 7.44 9.18 1.89 5.08 5.95 10.23 5.98 3.52 9.27 0.98 9.24 7.62 
3.10 9.01 2.09 4.36 7.68 4.15 1.65 1.07 7.72 4.34 1.45 9.90 3.14 9.89 8.29 3.21 3.55 5.94 7.61 1.88 3.28 6.89 5.87 2.05 3.55 7.64 0.93 4.30 8.91 3.23 7.88 6.42 2.02 5.54 1.86 7.13 4.34 8.56 4.64 6.79 
6.62 1.08 7.03 9.13 2.22 4.11 8.57 7.02 1.10 8.35 7.66 2.92 8.46 1.82 1.55 8.79 6.87 4.88 4.72 7.60 8.46 1.56 2.28 8.13 4.54 2.62 9.02 4.12 4.47 8.50 1.26 2.86 6.09 8.81 6.97 1.13 8.14 3.58 7.98 5.32 
0.56 7.85 0.98 7.12 6.00 3.21 4.60 2.70 6.45 6.90 1.56 8.17 5.89 8.80 7.93 6.03 0.61 3.47 8.49 1.14 6.01 5.69 4.95 4.82 3.31 7.75 3.47 3.10 9.49 5.98 6.53 6.61 2.95 8.06 1.28 6.54 6.83 6.45 7.05 8.00 
3.43 10.18 2.54 5.48 8.64 5.24 2.73 2.47 8.83 5.62 1.76 10.87 4.34 11.09 9.66 4.32 3.68 6.47 9.13 2.03 4.49 8.01 7.05 3.32 4.81 9.09 0.93 5.32 10.42 4.43 8.97 7.86 3.41 6.81 2.46 8.43 5.65 9.33 5.99 8.32 
4.60 5.91 4.24 4.34 5.46 2.72 3.95 3.12 4.95 3.61 4.43 7.39 3.61 6.62 4.54 3.95 5.14 5.53 3.62 4.63 3.62 4.24 3.22 3.40 1.97 3.67 4.94 3.08 4.86 3.65 5.18 2.47 2.27 4.34 3.99 3.72 3.42 6.84 3.36 3.00 
7.56 10.19 6.70 0.75 9.90 6.83 3.47 4.98 9.36 0.86 6.33 11.80 1.87 10.78 8.40 1.87 8.11 9.56 5.80 6.74 1.73 8.67 7.66 2.97 5.96 7.20 5.26 7.17 7.26 1.78 9.59 6.33 4.98 0.79 6.41 7.97 1.02 11.25 1.12 4.71 
7.86 0.92 8.28 10.11 3.05 5.36 9.74 8.25 2.09 9.31 8.91 2.79 9.53 0.77 1.74 9.86 8.10 5.95 5.11 8.85 9.52 2.75 3.53 9.27 5.78 3.05 10.25 5.37 4.49 9.56 2.13 3.69 7.31 9.67 8.22 2.23 9.10 4.12 8.91 5.89 
9.21 5.02 9.17 8.11 6.50 6.61 8.93 8.31 5.38 7.27 9.52 7.00 8.04 4.91 2.79 8.35 9.66 8.62 1.93 9.65 7.97 5.43 5.34 8.29 6.43 2.10 10.12 6.84 0.48 8.03 5.58 3.12 7.41 7.12 8.98 3.93 7.07 7.92 6.74 3.03 
0.79 7.19 0.62 6.26 5.53 2.33 3.93 1.87 5.81 5.96 1.36 7.75 5.04 8.13 7.03 5.23 1.36 3.46 7.40 1.19 5.15 5.00 4.15 4.02 2.26 6.75 3.21 2.31 8.44 5.13 5.92 5.59 1.89 7.10 0.68 5.68 5.88 6.22 6.07 6.89 
3.96 9.33 2.96 3.47 8.17 4.61 0.73 1.54 8.10 3.53 2.36 10.37 2.28 10.17 8.39 2.31 4.43 6.68 7.32 2.80 2.42 7.27 6.22 1.22 3.90 7.61 1.21 4.83 8.69 2.37 8.28 6.40 2.31 4.72 2.70 7.33 3.55 9.16 3.89 6.42 
2.38 6.50 1.99 5.10 5.26 1.70 3.33 1.46 5.22 4.65 2.31 7.46 3.97 7.38 5.88 4.22 2.94 4.11 5.81 2.44 4.05 4.39 3.36 3.14 1.04 5.38 3.44 1.94 6.93 4.05 5.39 4.17 0.63 5.71 1.77 4.65 4.53 6.30 4.66 5.26 
8.30 1.66 8.65 10.02 3.74 5.73 9.85 8.49 2.71 9.20 9.25 3.49 9.52 1.30 1.47 9.85 8.57 6.57 4.68 9.22 9.50 3.27 3.92 9.34 6.05 2.72 10.48 5.78 3.91 9.54 2.79 3.58 7.53 9.47 8.57 2.43 8.98 4.85 8.76 5.55 
8.37 1.83 8.70 9.95 3.88 5.78 9.83 8.50 2.84 9.13 9.29 3.67 9.47 1.47 1.40 9.80 8.65 6.69 4.55 9.26 9.45 3.37 3.98 9.31 6.08 2.62 10.49 5.84 3.75 9.49 2.93 3.52 7.54 9.38 8.62 2.46 8.91 5.02 8.69 5.44 
8.27 8.88 7.63 3.12 9.12 6.74 5.24 6.02 8.34 2.48 7.50 10.70 3.73 9.30 6.80 3.91 8.84 9.55 3.71 7.84 3.60 7.81 6.95 4.59 5.96 5.51 6.98 7.10 5.06 3.67 8.59 4.97 5.61 1.74 7.34 6.75 2.36 10.59 1.97 2.69 
1.05 6.25 1.81 7.24 4.42 1.82 5.11 3.00 4.86 6.84 2.60 6.61 6.07 7.21 6.44 6.28 1.28 2.20 7.39 2.33 6.16 4.09 3.41 5.11 2.24 6.39 4.48 1.61 8.24 6.15 4.93 5.32 2.71 7.92 1.94 5.03 6.73 4.99 6.87 7.06 
7.90 8.28 7.31 3.33 8.54 6.24 5.18 5.75 7.75 2.60 7.23 10.11 3.75 8.70 6.21 3.98 8.46 9.05 3.17 7.55 3.63 7.22 6.38 4.50 5.49 4.92 6.86 6.60 4.56 3.70 8.00 4.37 5.26 2.11 7.02 6.16 2.44 10.01 2.04 2.12 
8.20 10.19 7.40 1.65 10.10 7.23 4.31 5.68 9.47 1.48 7.08 11.89 2.70 10.72 8.27 2.74 8.76 10.02 5.42 7.48 2.56 8.83 7.86 3.77 6.37 7.03 6.11 7.58 6.84 2.61 9.71 6.28 5.57 0.33 7.10 8.00 1.54 11.50 1.38 4.35 
7.77 10.49 6.90 0.81 10.20 7.11 3.58 5.18 9.66 1.14 6.50 12.10 2.02 11.08 8.70 1.98 8.32 9.83 6.08 6.92 1.89 8.97 7.95 3.12 6.23 7.50 5.36 7.45 7.52 1.93 9.89 6.64 5.22 0.96 6.61 8.28 1.31 11.54 1.42 4.98 
8.56 4.55 8.53 7.77 5.90 5.95 8.43 7.72 4.80 6.93 8.89 6.54 7.61 4.55 2.26 7.93 9.00 7.96 1.67 9.02 7.55 4.80 4.68 7.79 5.78 1.44 9.56 6.18 0.67 7.61 5.01 2.46 6.80 6.87 8.34 3.30 6.71 7.35 6.41 2.74 
5.78 2.64 6.55 10.53 0.86 4.18 9.21 7.25 1.89 9.86 7.31 1.93 9.60 3.44 4.48 9.90 5.79 3.01 7.39 7.09 9.64 2.17 3.06 8.95 4.99 5.40 9.07 3.95 7.36 9.66 1.68 5.20 6.50 10.59 6.62 3.52 9.67 0.67 9.63 7.76 
6.89 9.48 6.07 0.87 9.15 6.08 3.06 4.36 8.62 0.16 5.75 11.06 1.45 10.09 7.75 1.58 7.45 8.83 5.30 6.15 1.31 7.93 6.91 2.47 5.21 6.57 4.85 6.43 6.77 1.37 8.86 5.66 4.28 1.04 5.78 7.26 0.27 10.50 0.50 4.21 
5.97 2.71 6.76 10.77 1.09 4.42 9.44 7.48 2.08 10.10 7.52 1.80 9.84 3.46 4.64 10.14 5.97 3.15 7.59 7.29 9.88 2.40 3.30 9.19 5.23 5.59 9.29 4.18 7.53 9.90 1.85 5.42 6.74 10.84 6.83 3.72 9.92 0.50 9.87 7.98 
5.73 7.89 5.04 2.32 7.54 4.55 2.98 3.42 7.01 1.55 4.90 9.45 1.90 8.54 6.26 2.22 6.30 7.35 4.24 5.25 1.85 6.31 5.29 2.29 3.70 5.16 4.56 4.91 5.70 1.90 7.24 4.15 3.05 2.34 4.75 5.68 1.35 8.89 1.31 3.23 
7.94 0.65 8.45 10.68 2.80 5.57 10.15 8.56 2.05 9.88 9.12 2.10 10.03 0.31 2.46 10.36 8.13 5.79 5.83 9.02 10.03 2.83 3.76 9.71 6.07 3.75 10.55 5.53 5.23 10.07 2.00 4.31 7.64 10.29 8.42 2.69 9.67 3.64 9.50 6.59 
