1.82 4.86 6.44 7.89 8.96 
9.87 4.87 7.07 5.03 7.80 
7.40 5.53 9.50 9.44 3.19 
10.58 6.17 9.91 8.55 3.78 
4.77 4.37 7.72 8.28 5.83 
8.98 4.84 8.80 7.78 3.35 
10.10 5.10 7.70 5.76 7.09 
8.33 3.50 7.03 5.70 5.53 
2.61 2.48 4.44 5.52 8.34 
8.82 3.93 5.74 3.71 8.29 
7.32 2.48 6.15 5.08 5.89 
7.22 4.20 2.36 0.27 11.20 
9.38 5.58 9.62 8.71 2.39 
5.42 4.64 0.54 2.79 12.13 
8.75 4.85 8.89 8.01 2.98 
1.53 4.53 6.00 7.47 9.03 
9.78 7.19 11.30 10.81 0.88 
11.52 6.56 9.31 7.35 6.91 
9.70 6.58 10.70 10.02 0.92 
9.75 6.72 10.84 10.19 0.77 
5.31 2.67 1.59 1.87 10.10 
3.25 3.29 6.08 6.93 7.19 
7.57 3.10 4.05 2.11 9.09 
6.02 3.72 7.67 7.66 4.45 
9.02 6.61 10.70 10.33 1.59 
6.83 3.31 7.43 6.98 4.18 
3.75 1.50 4.58 5.12 7.47 
11.33 6.61 9.99 8.33 5.16 
2.36 2.74 4.55 5.72 8.47 
11.12 6.46 9.92 8.33 4.85 
7.04 4.46 8.51 8.30 3.42 
7.13 3.95 2.42 0.03 10.92 
9.14 4.88 8.79 7.69 3.57 
1.31 5.99 6.61 8.44 10.56 
4.13 2.07 5.53 5.95 6.64 
7.31 3.89 2.72 0.33 10.72 
11.02 6.32 9.75 8.15 4.96 
6.93 2.23 6.10 5.23 5.71 
0.43 5.43 5.54 7.49 10.80 
1.92 4.30 3.42 5.48 10.91 
4.23 3.67 1.07 3.21 11.10 
7.97 3.06 6.47 5.15 6.00 
10.03 6.06 10.04 8.97 2.54 
8.50 6.30 10.36 10.11 2.15 
11.08 6.20 9.30 7.51 5.98 
2.68 2.55 4.73 5.75 8.11 
8.52 5.11 9.23 8.56 2.39 
6.43 3.45 7.52 7.29 4.24 
2.83 2.78 5.25 6.20 7.74 
3.72 4.40 1.80 4.14 11.68 
12.63 7.62 9.91 7.74 8.29 
10.51 5.50 8.11 6.16 7.09 
8.88 3.91 6.08 4.14 7.82 
4.88 2.06 2.08 2.44 9.53 
10.46 6.50 10.46 9.36 2.45 
6.11 2.22 2.78 1.77 9.28 
9.18 4.51 5.52 3.25 9.31 
11.06 6.12 9.06 7.19 6.41 
9.60 4.71 6.37 4.20 8.58 
4.87 2.40 1.72 2.33 9.88 
5.73 3.53 7.43 7.49 4.74 
7.54 4.48 2.62 0.50 11.39 
6.74 1.76 5.28 4.28 6.65 
5.62 0.63 4.21 3.70 7.45 
4.11 3.20 6.51 7.07 6.33 
10.06 5.21 8.47 6.83 5.58 
5.89 2.96 1.75 1.29 10.28 
9.00 5.81 9.92 9.29 1.68 
9.09 4.56 5.20 2.86 9.72 
7.43 3.53 7.63 6.95 4.02 
4.72 1.27 5.15 5.24 6.60 
6.98 4.50 8.54 8.36 3.47 
4.82 0.24 4.19 4.17 7.43 
5.93 1.87 2.96 2.12 8.96 
1.91 3.81 3.39 5.29 10.40 
3.47 3.66 6.53 7.36 6.99 
8.40 3.74 7.46 6.25 4.92 
2.14 3.81 5.78 7.01 8.30 
5.96 2.74 6.81 6.60 4.91 
7.07 3.67 2.57 0.36 10.58 
1.89 5.40 6.82 8.36 9.33 
1.20 4.20 5.42 6.95 9.24 
2.79 3.12 2.65 4.38 10.12 
7.48 4.44 8.55 8.13 3.13 
1.27 4.20 4.02 5.93 10.44 
8.43 3.43 6.43 4.85 6.60 
9.42 5.23 9.15 8.05 3.28 
2.81 3.25 2.57 4.37 10.28 
7.88 3.93 3.60 1.24 10.27 
6.99 5.29 1.71 2.04 12.64 
7.42 3.89 2.89 0.50 10.63 
4.09 2.24 5.67 6.12 6.59 
6.97 2.99 3.12 1.29 9.66 
8.84 6.01 10.12 9.63 1.61 
4.41 1.58 2.58 3.10 9.05 
9.71 4.70 7.24 5.33 7.20 
10.97 6.00 7.85 5.63 8.59 
7.15 3.96 8.08 7.67 3.58 
6.09 2.61 2.33 1.38 9.78 
6.91 2.83 6.92 6.28 4.72 
7.35 2.45 6.01 4.88 6.10 
8.06 3.95 7.97 7.09 3.86 
6.81 1.87 5.48 4.50 6.44 
8.70 3.69 6.30 4.53 7.18 
8.46 3.77 7.44 6.20 5.02 
9.93 5.99 9.98 8.94 2.48 
6.54 3.81 1.73 0.71 11.03 
8.51 3.61 6.97 5.54 5.84 
3.72 3.50 1.59 3.60 10.84 
2.65 3.19 5.55 6.58 7.82 
7.77 3.04 4.61 2.75 8.54 
3.09 3.42 2.22 4.14 10.57 
1.60 3.43 4.16 5.73 9.49 
3.58 1.52 4.31 4.95 7.77 
3.96 1.11 3.58 4.11 8.22 
11.40 6.45 9.34 7.44 6.57 
1.45 3.64 4.13 5.79 9.73 
2.87 2.82 5.32 6.26 7.68 
4.44 2.07 5.72 6.01 6.34 
3.28 4.40 2.21 4.51 11.55 
8.96 3.98 7.00 5.35 6.39 
2.49 4.00 2.82 4.89 10.90 
11.87 6.88 9.45 7.40 7.41 
6.91 3.05 2.95 1.13 9.81 
2.31 3.42 3.06 4.86 10.19 
6.62 2.12 3.63 2.29 8.65 
2.88 2.54 4.99 5.92 7.82 
2.43 4.33 6.43 7.65 8.16 
10.38 5.51 8.69 6.99 5.75 
6.00 3.08 7.12 6.98 4.69 
7.16 5.48 9.39 9.41 3.49 
9.23 6.84 10.93 10.56 1.47 
7.64 2.92 6.67 5.58 5.42 
8.25 3.76 7.61 6.52 4.55 
2.76 3.26 5.71 6.71 7.69 
10.10 5.70 9.47 8.17 3.76 
6.34 3.51 7.56 7.37 4.26 
10.40 7.35 11.46 10.76 0.24 
8.95 6.01 10.12 9.58 1.53 
10.77 5.98 9.29 7.62 5.37 
10.53 6.81 10.83 9.83 1.83 
3.49 1.64 4.39 5.06 7.76 
5.77 4.81 0.71 2.63 12.29 
7.56 5.49 9.49 9.36 2.96 
7.06 5.98 2.03 2.95 13.41 
5.41 2.60 1.72 1.80 10.01 
8.74 5.00 9.07 8.25 2.71 
9.23 6.23 10.35 9.76 1.27 
6.43 2.72 2.63 1.27 9.72 
4.51 4.62 7.78 8.48 6.22 
