8.51 3.09 8.55 2.77 7.61 10.53 2.93 2.04 8.24 5.69 2.82 5.11 6.72 0.61 10.06 2.96 7.58 4.52 1.11 5.59 7.80 9.87 10.03 6.45 2.83 6.60 1.94 4.25 5.15 6.22 6.38 10.48 8.70 2.24 2.88 2.59 8.38 5.37 9.78 6.62 4.28 8.80 10.28 5.05 7.67 4.84 1.60 2.21 5.84 7.91 5.63 7.13 4.67 3.84 4.29 9.73 4.78 6.56 7.03 5.81 
8.21 3.68 8.78 3.35 7.14 10.67 3.12 2.13 8.37 5.20 2.15 5.77 6.90 0.23 10.17 3.43 7.70 5.16 0.40 6.21 7.64 10.03 9.79 6.06 3.47 6.84 1.85 3.89 5.69 5.83 6.82 10.49 8.37 2.61 3.12 3.17 8.45 5.81 9.85 6.10 4.08 8.35 9.99 4.60 7.17 4.48 2.25 1.50 6.27 7.41 6.15 7.25 5.06 3.16 3.62 9.81 4.99 6.66 7.16 5.26 
6.63 3.40 2.91 3.50 7.58 5.12 3.05 4.07 3.09 6.61 6.74 3.98 1.57 6.22 4.85 2.98 2.65 3.54 6.29 3.43 4.96 4.46 7.26 6.17 3.90 1.11 4.54 5.07 2.21 6.06 1.38 5.78 7.08 3.56 3.01 3.68 3.57 1.22 4.76 7.40 4.08 8.20 7.87 5.96 7.87 5.19 4.65 7.10 1.01 8.11 2.01 2.33 1.22 7.41 7.58 4.70 1.40 2.12 2.15 7.13 
3.11 7.07 7.55 6.80 1.51 8.32 4.88 4.72 6.46 0.56 3.93 9.14 5.93 5.87 7.64 6.27 5.89 8.44 5.37 9.07 3.67 7.89 4.87 0.79 7.28 6.32 4.42 2.00 7.91 0.68 7.89 7.17 3.06 5.58 5.08 6.77 6.06 7.27 7.14 0.86 2.66 2.71 4.79 1.05 1.62 1.52 6.69 5.01 7.40 1.88 8.07 5.62 6.43 3.48 3.19 7.14 5.25 5.18 5.69 1.00 
0.26 8.66 6.30 8.49 2.67 6.14 6.58 6.91 5.05 3.92 7.10 10.30 5.44 8.67 5.46 7.84 4.78 9.68 8.26 9.97 1.81 5.94 1.51 2.63 9.03 5.98 6.83 4.57 8.70 2.84 8.04 4.51 0.58 7.48 6.77 8.53 4.41 7.81 4.93 3.67 4.50 2.20 1.54 4.13 3.01 3.99 8.84 8.15 7.72 3.07 8.66 4.78 7.20 6.81 6.54 4.96 5.91 4.68 4.92 4.32 
2.38 6.82 6.64 6.58 1.74 7.35 4.62 4.67 5.53 1.44 4.48 8.78 5.11 6.16 6.66 6.00 4.98 8.09 5.71 8.62 2.70 6.93 4.11 0.31 7.09 5.53 4.47 2.05 7.42 0.30 7.24 6.20 2.45 5.42 4.83 6.58 5.10 6.70 6.16 1.72 2.34 2.65 4.14 1.51 2.01 1.46 6.66 5.53 6.78 2.26 7.52 4.74 5.90 4.21 3.98 6.16 4.66 4.34 4.81 1.96 
9.32 1.47 6.02 1.82 9.61 8.31 3.41 3.95 6.39 8.12 6.71 0.88 4.86 5.09 8.11 2.08 5.95 0.23 5.46 1.08 7.86 7.65 10.27 8.17 1.68 4.41 4.46 6.34 1.22 8.00 2.84 9.08 9.71 2.97 3.21 1.97 6.88 2.14 8.05 9.05 5.61 10.51 10.80 7.38 9.82 6.74 2.91 6.54 2.57 10.08 1.70 5.60 2.33 7.66 8.00 7.99 3.57 5.27 5.43 8.50 
5.29 9.93 4.22 9.94 7.72 2.26 8.60 9.41 3.59 8.46 10.90 10.60 5.17 11.64 2.02 9.30 4.10 10.22 11.44 9.95 4.33 2.67 4.02 7.19 10.42 5.58 9.61 8.22 8.83 7.31 7.43 0.97 5.67 9.47 8.70 10.07 3.18 7.86 1.94 8.53 7.56 7.26 4.72 8.34 8.07 7.81 10.84 11.75 7.48 8.16 8.51 4.51 7.80 10.98 10.85 2.01 6.94 5.01 4.66 8.97 
6.14 3.19 6.69 2.87 5.54 8.44 1.33 0.68 6.16 3.76 2.46 5.40 4.77 2.49 7.92 2.49 5.47 4.70 2.29 5.54 5.39 7.82 7.63 4.24 3.31 4.80 0.48 2.06 4.62 4.02 5.30 8.19 6.37 1.63 1.47 2.80 6.19 4.37 7.58 4.73 1.87 6.65 7.90 3.03 5.67 2.61 2.64 2.86 4.73 5.93 4.96 5.03 3.49 3.24 3.52 7.55 2.98 4.43 4.96 4.05 
3.61 5.41 6.24 5.16 3.07 7.38 3.21 3.22 5.29 1.74 3.46 7.43 4.47 4.82 6.74 4.59 4.65 6.73 4.43 7.34 3.26 6.86 5.22 1.68 5.66 4.79 3.04 0.76 6.18 1.48 6.21 6.59 3.79 3.98 3.41 5.14 5.04 5.55 6.29 2.57 0.94 4.09 5.39 1.13 3.27 0.37 5.21 4.42 5.70 3.54 6.34 4.31 4.70 3.49 3.42 6.28 3.55 3.79 4.33 2.26 
1.62 7.53 4.71 7.41 3.71 4.76 5.61 6.13 3.46 4.27 6.96 8.99 3.88 8.14 4.07 6.74 3.18 8.40 7.82 8.58 0.32 4.47 2.10 3.01 7.94 4.43 6.17 4.27 7.32 3.12 6.53 3.40 2.11 6.53 5.77 7.48 2.84 6.38 3.54 4.38 3.85 3.64 2.64 4.21 4.08 3.78 7.94 7.92 6.25 4.22 7.22 3.19 5.86 6.90 6.74 3.56 4.61 3.15 3.35 4.79 
4.43 7.04 8.54 6.74 2.45 9.50 4.97 4.53 7.53 0.82 2.96 9.23 6.80 5.17 8.83 6.30 6.91 8.52 4.62 9.28 4.95 9.03 6.19 2.12 7.17 7.12 4.12 2.11 8.21 1.97 8.45 8.45 4.34 5.49 5.16 6.67 7.19 7.70 8.34 1.26 3.07 3.70 6.07 1.21 2.37 1.98 6.39 4.04 7.92 2.57 8.45 6.60 6.82 2.31 1.94 8.34 5.78 6.10 6.64 0.39 
5.33 3.86 3.05 3.84 6.26 4.94 2.66 3.63 2.67 5.39 5.97 4.99 1.14 5.90 4.51 3.20 2.04 4.44 5.85 4.57 3.72 4.29 6.09 4.86 4.33 1.20 3.99 3.96 3.30 4.76 2.71 5.14 5.77 3.44 2.71 3.97 2.92 2.38 4.28 6.13 2.96 6.87 6.66 4.78 6.56 4.00 4.76 6.50 2.31 6.80 3.22 1.60 1.88 6.51 6.63 4.23 0.85 1.11 1.47 5.92 
0.75 9.03 6.32 8.87 3.10 5.98 6.98 7.35 5.07 4.41 7.60 10.61 5.60 9.14 5.31 8.22 4.87 10.00 8.74 10.25 1.99 5.83 1.02 3.13 9.41 6.15 7.28 5.05 8.98 3.34 8.25 4.27 0.93 7.89 7.16 8.92 4.41 8.07 4.78 4.14 4.95 2.48 1.08 4.63 3.42 4.48 9.26 8.64 7.95 3.46 8.91 4.91 7.50 7.31 7.04 4.82 6.22 4.87 5.07 4.80 
3.31 8.36 3.78 8.31 5.66 3.02 6.76 7.48 2.65 6.28 8.76 9.40 3.86 9.65 2.35 7.65 2.81 8.91 9.41 8.85 2.15 2.92 2.54 5.02 8.82 4.38 7.63 6.07 7.63 5.13 6.48 1.39 3.75 7.67 6.89 8.42 1.98 6.64 1.84 6.39 5.47 5.36 3.31 6.15 6.02 5.64 9.08 9.65 6.36 6.13 7.41 3.10 6.37 8.81 8.67 1.89 5.31 3.42 3.27 6.80 
2.47 7.15 3.86 7.06 4.48 4.00 5.38 6.02 2.61 4.81 7.20 8.45 3.15 8.15 3.31 6.40 2.37 7.90 7.88 8.00 0.77 3.66 2.66 3.62 7.59 3.70 6.13 4.51 6.74 3.70 5.83 2.84 2.96 6.30 5.52 7.15 1.99 5.78 2.79 5.05 3.92 4.48 3.31 4.63 4.85 4.09 7.72 8.10 5.60 5.00 6.60 2.43 5.33 7.26 7.14 2.80 4.14 2.48 2.59 5.36 
5.10 4.65 2.29 4.66 6.35 4.09 3.51 4.46 1.82 5.73 6.68 5.58 0.40 6.74 3.65 4.03 1.19 5.09 6.67 5.07 3.37 3.44 5.62 5.03 5.14 0.83 4.80 4.48 3.83 4.97 2.89 4.33 5.57 4.29 3.57 4.80 2.10 2.85 3.43 6.39 3.50 6.82 6.25 5.19 6.68 4.42 5.61 7.27 2.64 6.90 3.65 0.77 2.56 7.15 7.23 3.38 1.70 0.49 0.62 6.29 
5.80 8.35 2.26 8.41 8.02 0.46 7.34 8.26 2.02 8.28 10.17 8.77 3.62 10.53 0.25 7.81 2.69 8.45 10.42 8.08 4.32 0.64 5.07 7.15 8.85 3.91 8.55 7.63 7.03 7.21 5.54 1.55 6.27 8.13 7.40 8.57 1.98 6.09 0.77 8.59 6.80 7.87 5.84 7.99 8.39 7.34 9.43 10.90 5.66 8.53 6.66 3.13 6.17 10.44 10.40 0.76 5.53 3.72 3.23 8.84 
4.39 4.14 5.09 3.93 4.49 6.58 2.00 2.44 4.34 3.25 3.95 6.02 3.20 4.54 6.00 3.31 3.65 5.34 4.31 5.87 3.39 5.99 5.71 3.05 4.46 3.43 2.52 1.72 4.68 2.88 4.69 6.17 4.71 2.90 2.19 3.96 4.26 4.02 5.63 4.10 0.72 5.37 6.07 2.59 4.73 1.82 4.28 4.68 4.18 4.99 4.82 3.24 3.18 4.35 4.42 5.60 2.03 2.65 3.21 3.76 
4.81 7.26 1.85 7.28 6.87 1.74 6.07 6.96 0.91 6.99 8.82 7.93 2.49 9.23 1.12 6.66 1.44 7.53 9.10 7.30 3.17 1.28 4.44 5.90 7.75 2.89 7.24 6.28 6.16 5.94 4.81 1.79 5.30 6.90 6.15 7.42 0.63 5.18 0.80 7.35 5.45 6.86 5.20 6.67 7.24 6.00 8.24 9.56 4.81 7.40 5.85 1.88 5.11 9.09 9.06 0.75 4.32 2.43 2.01 7.56 
7.73 1.31 6.63 0.97 7.43 8.71 1.37 1.29 6.47 5.71 3.93 3.55 4.88 2.55 8.30 0.92 5.84 2.87 2.79 3.83 6.66 8.05 9.04 6.08 1.35 4.69 1.74 3.97 3.18 5.87 4.34 8.89 8.02 0.44 1.21 0.86 6.70 3.33 8.07 6.68 3.52 8.49 9.41 4.98 7.58 4.48 0.99 3.82 3.80 7.85 3.64 5.40 2.64 4.89 5.25 8.02 2.95 4.86 5.27 6.02 
7.56 2.15 7.18 1.81 7.00 9.16 1.57 0.86 6.89 5.18 3.10 4.38 5.35 1.78 8.71 1.75 6.23 3.70 1.95 4.69 6.66 8.51 8.98 5.71 2.10 5.23 1.09 3.52 4.04 5.48 5.12 9.18 7.80 0.90 1.51 1.67 7.05 4.11 8.44 6.15 3.27 8.11 9.29 4.47 7.11 4.07 1.20 2.96 4.57 7.37 4.48 5.78 3.36 4.07 4.46 8.39 3.41 5.21 5.67 5.43 
9.69 2.10 5.98 2.45 10.10 8.27 3.97 4.56 6.47 8.66 7.34 0.56 5.00 5.72 8.12 2.68 6.08 0.62 6.09 0.47 8.18 7.62 10.56 8.66 2.30 4.51 5.08 6.89 1.22 8.49 2.70 9.17 10.10 3.58 3.78 2.60 6.99 2.21 8.10 9.59 6.12 10.96 11.12 7.92 10.32 7.26 3.53 7.17 2.57 10.59 1.56 5.76 2.63 8.28 8.62 8.04 3.91 5.49 5.58 9.06 
5.77 2.83 5.52 2.60 5.65 7.34 0.64 1.22 5.05 4.13 3.60 4.87 3.61 3.49 6.84 2.01 4.36 4.16 3.39 4.84 4.72 6.70 7.08 4.24 3.12 3.63 1.52 2.36 3.77 4.05 4.23 7.22 6.07 1.52 0.84 2.61 5.13 3.36 6.53 5.06 1.65 6.63 7.45 3.39 5.85 2.75 2.91 4.03 3.66 6.11 4.04 3.92 2.46 4.29 4.50 6.49 1.80 3.33 3.84 4.54 
1.01 8.85 5.89 8.71 3.45 5.51 6.85 7.28 4.64 4.62 7.71 10.37 5.25 9.15 4.83 8.05 4.47 9.77 8.78 9.98 1.69 5.36 0.86 3.32 9.24 5.80 7.25 5.11 8.71 3.51 7.91 3.80 1.33 7.77 7.03 8.77 3.97 7.78 4.31 4.43 4.90 2.92 1.25 4.78 3.79 4.55 9.16 8.73 7.64 3.85 8.62 4.53 7.24 7.48 7.24 4.35 5.98 4.53 4.70 5.05 
0.26 8.75 6.52 8.57 2.48 6.38 6.65 6.94 5.27 3.80 7.04 10.42 5.62 8.66 5.69 7.92 4.99 9.79 8.24 10.10 2.01 6.17 1.65 2.54 9.10 6.15 6.84 4.55 8.84 2.75 8.21 4.75 0.35 7.54 6.83 8.61 4.64 7.95 5.16 3.51 4.53 1.96 1.58 4.06 2.81 3.96 8.89 8.09 7.88 2.86 8.80 4.97 7.33 6.72 6.44 5.19 6.04 4.86 5.12 4.18 
1.20 9.20 7.51 8.99 1.75 7.43 7.03 7.19 6.26 3.47 6.85 11.01 6.48 8.68 6.74 8.37 5.94 10.35 8.22 10.75 2.95 7.22 2.46 2.40 9.51 7.00 7.01 4.59 9.50 2.63 9.00 5.79 0.71 7.88 7.23 9.01 5.65 8.66 6.21 2.93 4.80 0.93 2.07 3.90 2.01 4.01 9.17 7.93 8.63 1.99 9.51 5.88 7.97 6.39 6.05 6.24 6.68 5.70 6.01 3.72 
1.28 8.19 5.19 8.06 3.64 4.98 6.24 6.73 3.94 4.50 7.39 9.65 4.50 8.69 4.29 7.40 3.74 9.07 8.34 9.25 0.98 4.77 1.44 3.20 8.59 5.05 6.74 4.73 7.98 3.35 7.17 3.41 1.74 7.17 6.41 8.13 3.28 7.04 3.76 4.47 4.41 3.35 1.98 4.54 4.00 4.20 8.57 8.38 6.90 4.10 7.88 3.79 6.53 7.26 7.05 3.79 5.28 3.79 3.95 4.98 
1.39 7.10 5.46 6.93 2.67 5.86 5.02 5.37 4.26 3.05 5.85 8.79 4.24 7.22 5.16 6.28 3.82 8.16 6.85 8.50 1.11 5.50 2.79 1.78 7.46 4.74 5.32 3.20 7.24 1.89 6.71 4.61 1.77 5.92 5.20 6.97 3.73 6.38 4.65 3.19 2.98 2.92 3.06 3.01 3.02 2.66 7.29 6.85 6.34 3.20 7.23 3.69 5.72 5.72 5.53 4.66 4.42 3.44 3.81 3.56 
3.36 5.64 3.47 5.55 4.69 4.46 3.89 4.61 2.40 4.38 6.13 7.00 2.08 6.80 3.83 4.88 1.81 6.43 6.58 6.60 1.69 3.94 4.07 3.46 6.07 2.59 4.77 3.56 5.33 3.44 4.61 3.89 3.82 4.81 4.03 5.64 2.11 4.40 3.41 4.89 2.76 5.08 4.63 3.98 5.03 3.29 6.22 6.93 4.29 5.24 5.25 1.58 3.88 6.36 6.33 3.39 2.65 1.28 1.67 4.95 
10.34 2.16 6.94 2.48 10.55 9.23 4.30 4.69 7.38 9.00 7.31 0.47 5.88 5.46 9.06 2.92 6.96 0.82 5.90 1.29 8.90 8.58 11.31 9.13 2.13 5.41 5.18 7.22 2.14 8.95 3.68 10.08 10.72 3.72 4.10 2.58 7.88 3.11 9.03 9.95 6.55 11.49 11.84 8.26 10.76 7.65 3.28 7.01 3.50 11.02 2.52 6.62 3.37 8.30 8.67 8.97 4.61 6.31 6.45 9.36 
4.98 5.98 1.40 6.01 6.70 2.73 4.88 5.81 0.44 6.46 7.88 6.69 1.21 8.09 2.27 5.39 0.29 6.27 8.00 6.09 3.20 2.09 5.05 5.53 6.47 1.63 6.13 5.48 4.91 5.53 3.65 3.05 5.47 5.68 4.94 6.16 0.87 3.93 2.07 6.97 4.56 6.92 5.77 6.03 7.05 5.30 6.99 8.54 3.59 7.24 4.63 0.70 3.83 8.25 8.27 2.02 3.08 1.29 0.78 7.03 
3.60 5.68 6.59 5.42 2.81 7.68 3.49 3.41 5.63 1.36 3.33 7.74 4.84 4.87 7.03 4.88 4.99 7.04 4.44 7.67 3.43 7.18 5.26 1.48 5.92 5.16 3.18 0.75 6.52 1.25 6.58 6.83 3.73 4.22 3.69 5.40 5.34 5.91 6.57 2.22 1.27 3.88 5.38 0.76 2.98 0.16 5.40 4.33 6.07 3.24 6.70 4.66 5.05 3.26 3.15 6.56 3.92 4.15 4.69 1.88 
6.97 4.58 1.86 4.73 8.28 4.15 4.37 5.39 2.52 7.56 8.00 4.67 1.60 7.53 4.02 4.25 2.37 4.39 7.61 3.98 5.21 3.50 7.29 6.94 5.07 1.11 5.84 6.15 2.96 6.86 1.45 5.16 7.46 4.87 4.33 4.91 3.15 2.08 4.05 8.27 5.15 8.75 7.98 6.96 8.60 6.19 5.92 8.40 1.61 8.83 2.56 2.25 2.47 8.62 8.77 3.99 2.61 2.39 2.10 8.10 
2.60 10.97 8.71 10.77 3.20 8.21 8.81 8.98 7.46 5.11 8.51 12.73 7.95 10.43 7.56 10.14 7.26 12.08 9.96 12.43 4.32 8.13 2.71 4.16 11.29 8.49 8.79 6.37 11.17 4.39 10.56 6.37 2.17 9.67 9.01 10.79 6.80 10.30 7.06 4.40 6.59 1.96 1.96 5.62 3.32 5.78 10.96 9.60 10.23 3.17 11.15 7.28 9.66 7.96 7.58 7.10 8.36 7.20 7.43 5.26 
10.60 2.67 6.81 3.00 10.93 9.09 4.73 5.21 7.35 9.44 7.88 0.45 5.91 6.07 8.97 3.37 6.98 1.15 6.50 0.99 9.09 8.46 11.48 9.50 2.70 5.41 5.70 7.66 2.13 9.32 3.52 10.05 10.99 4.22 4.53 3.12 7.89 3.12 8.98 10.38 6.94 11.83 12.04 8.69 11.15 8.06 3.89 7.61 3.45 11.41 2.41 6.67 3.54 8.85 9.22 8.91 4.82 6.41 6.49 9.81 
2.48 6.67 6.57 6.43 1.87 7.32 4.47 4.52 5.47 1.42 4.37 8.63 5.02 6.03 6.64 5.85 4.91 7.95 5.59 8.48 2.71 6.89 4.20 0.43 6.95 5.43 4.33 1.92 7.28 0.34 7.12 6.21 2.58 5.28 4.68 6.43 5.06 6.56 6.14 1.79 2.19 2.80 4.25 1.42 2.14 1.33 6.51 5.42 6.65 2.39 7.39 4.66 5.77 4.13 3.91 6.14 4.53 4.25 4.73 1.96 
5.95 2.70 4.24 2.63 6.39 6.22 1.43 2.44 3.96 5.15 5.02 4.23 2.39 4.67 5.80 1.97 3.32 3.59 4.67 3.99 4.54 5.56 6.96 4.94 3.15 2.29 2.86 3.49 2.77 4.79 2.87 6.40 6.33 2.15 1.44 2.74 4.19 2.11 5.56 6.02 2.55 7.20 7.46 4.45 6.64 3.71 3.48 5.41 2.32 6.90 2.90 2.88 1.26 5.69 5.89 5.51 0.45 2.36 2.76 5.63 
2.18 9.51 5.71 9.40 4.61 4.89 7.63 8.16 4.52 5.79 8.81 10.84 5.46 10.13 4.26 8.73 4.53 10.29 9.79 10.38 2.34 4.87 0.65 4.48 9.93 6.01 8.18 6.16 9.12 4.66 8.15 3.02 2.45 8.56 7.79 9.48 3.83 8.16 3.78 5.61 5.85 3.95 1.40 5.91 4.94 5.62 9.97 9.81 7.95 4.97 8.97 4.70 7.73 8.62 8.39 3.83 6.53 4.85 4.88 6.22 
6.16 2.33 5.00 2.17 6.30 6.96 0.67 1.68 4.68 4.88 4.35 4.18 3.14 3.91 6.51 1.52 4.03 3.50 3.92 4.09 4.92 6.30 7.33 4.87 2.71 3.05 2.13 3.14 2.97 4.69 3.43 7.05 6.51 1.45 0.70 2.24 4.88 2.54 6.26 5.79 2.32 7.22 7.76 4.15 6.52 3.47 2.83 4.68 2.85 6.79 3.22 3.59 1.64 5.08 5.31 6.21 1.21 3.03 3.47 5.31 
7.39 4.99 9.16 4.64 5.94 10.81 3.76 2.78 8.54 4.00 0.61 7.19 7.24 1.81 10.24 4.54 7.85 6.53 1.23 7.53 7.16 10.21 9.08 5.08 4.88 7.30 2.27 3.15 6.82 4.85 7.72 10.34 7.46 3.62 3.84 4.49 8.49 6.75 9.86 4.81 3.72 7.19 9.16 3.55 5.91 3.68 3.74 0.51 7.15 6.14 7.23 7.43 5.90 1.55 2.02 9.83 5.49 6.83 7.38 3.94 
6.14 3.88 7.36 3.55 5.22 9.02 2.13 1.34 6.75 3.34 1.68 6.11 5.44 2.29 8.46 3.23 6.06 5.41 1.92 6.29 5.61 8.41 7.73 4.04 3.93 5.51 0.85 1.84 5.40 3.81 6.10 8.63 6.31 2.33 2.27 3.45 6.72 5.17 8.09 4.29 2.06 6.39 7.92 2.66 5.30 2.43 3.09 2.22 5.52 5.55 5.76 5.63 4.29 2.44 2.73 8.06 3.72 5.03 5.57 3.54 
8.54 3.37 3.86 3.63 9.45 6.13 4.17 5.09 4.54 8.35 7.94 2.74 3.30 6.88 6.05 3.41 4.29 2.63 7.10 1.98 6.85 5.51 9.10 8.02 3.79 2.75 5.61 6.71 1.30 7.90 0.62 7.21 8.99 4.28 4.04 3.82 5.14 1.14 6.10 9.19 5.77 10.11 9.74 7.67 9.73 6.92 4.89 8.07 0.94 9.98 0.78 4.06 2.04 8.74 8.99 6.03 3.08 3.98 3.89 8.84 
5.15 4.51 6.97 4.20 4.25 8.44 2.45 2.02 6.22 2.42 2.09 6.69 5.07 3.29 7.85 3.76 5.54 5.98 2.88 6.76 4.72 7.87 6.76 3.03 4.65 5.25 1.68 0.83 5.75 2.80 6.18 7.89 5.30 2.96 2.64 4.14 6.10 5.34 7.45 3.39 1.29 5.40 6.93 1.70 4.35 1.42 3.96 2.94 5.62 4.61 6.03 5.14 4.44 2.47 2.59 7.42 3.60 4.55 5.11 2.71 
8.05 3.76 8.73 3.42 6.95 10.59 3.08 2.07 8.30 5.01 1.96 5.88 6.84 0.42 10.09 3.47 7.62 5.25 0.25 6.30 7.50 9.96 9.64 5.88 3.57 6.80 1.75 3.72 5.74 5.65 6.84 10.39 8.20 2.62 3.09 3.25 8.37 5.83 9.76 5.91 3.94 8.17 9.83 4.41 6.98 4.31 2.37 1.36 6.28 7.22 6.19 7.18 5.06 2.97 3.43 9.72 4.95 6.58 7.09 5.07 
4.32 8.76 3.46 8.75 6.69 2.15 7.35 8.15 2.57 7.27 9.63 9.57 4.06 10.37 1.57 8.10 2.97 9.15 10.16 8.96 3.14 2.23 3.38 6.03 9.24 4.51 8.34 6.96 7.80 6.13 6.49 0.36 4.76 8.23 7.46 8.88 2.04 6.81 1.17 7.42 6.28 6.37 4.14 7.11 7.05 6.56 9.61 10.48 6.47 7.16 7.51 3.35 6.67 9.73 9.62 1.23 5.74 3.80 3.51 7.80 
1.99 8.24 7.62 8.00 0.50 7.97 6.04 6.04 6.42 2.02 5.42 10.20 6.27 7.35 7.27 7.42 5.96 9.52 6.86 10.04 3.21 7.64 3.68 1.17 8.51 6.74 5.80 3.35 8.82 1.38 8.56 6.55 1.76 6.83 6.25 7.99 5.90 8.07 6.74 1.49 3.76 1.26 3.46 2.53 0.87 2.79 8.03 6.51 8.12 1.03 8.91 5.80 7.30 4.93 4.59 6.76 6.04 5.48 5.90 2.26 
6.30 6.72 0.42 6.82 8.17 1.88 6.02 7.01 1.25 7.98 9.27 6.94 2.25 9.27 1.83 6.27 1.80 6.66 9.24 6.23 4.56 1.24 6.07 7.04 7.22 2.34 7.38 6.96 5.23 7.04 3.70 3.16 6.79 6.72 6.05 6.98 1.84 4.32 2.02 8.48 6.02 8.31 6.82 7.54 8.52 6.81 7.92 9.87 3.87 8.71 4.83 2.14 4.54 9.70 9.74 1.95 4.15 2.70 2.14 8.55 
2.70 8.12 8.05 7.86 0.45 8.54 5.92 5.80 6.88 1.50 4.89 10.16 6.59 6.92 7.84 7.31 6.38 9.46 6.41 10.05 3.78 8.18 4.41 1.19 8.35 7.02 5.51 3.08 8.87 1.32 8.74 7.19 2.48 6.65 6.13 7.83 6.40 8.17 7.32 0.79 3.67 1.70 4.17 2.13 0.54 2.58 7.78 5.97 8.27 0.81 8.99 6.18 7.36 4.31 3.95 7.34 6.14 5.81 6.26 1.61 
7.84 6.01 10.13 5.66 6.12 11.69 4.80 3.83 9.45 4.26 1.17 8.19 8.21 2.60 11.11 5.59 8.77 7.54 2.09 8.55 7.83 11.11 9.58 5.47 5.87 8.30 3.32 3.82 7.87 5.26 8.78 11.12 7.85 4.67 4.90 5.51 9.36 7.80 10.70 4.92 4.54 7.36 9.58 3.97 6.03 4.28 4.70 0.98 8.20 6.22 8.29 8.35 6.95 1.36 1.78 10.68 6.50 7.76 8.31 4.06 
4.91 9.41 3.82 9.42 7.32 2.05 8.06 8.87 3.11 7.98 10.38 10.13 4.66 11.10 1.68 8.78 3.59 9.73 10.90 9.49 3.85 2.36 3.77 6.73 9.90 5.09 9.08 7.71 8.36 6.84 6.98 0.44 5.32 8.93 8.16 9.55 2.66 7.38 1.49 8.09 7.03 6.92 4.50 7.84 7.68 7.31 10.31 11.23 7.01 7.77 8.04 3.99 7.29 10.47 10.35 1.56 6.42 4.48 4.14 8.51 
2.99 5.55 4.43 5.40 3.87 5.42 3.56 4.09 3.38 3.40 5.27 7.17 2.86 6.17 4.78 4.74 2.78 6.54 5.89 6.87 1.74 4.92 4.11 2.55 5.93 3.31 4.16 2.63 5.61 2.51 5.15 4.70 3.39 4.48 3.73 5.46 3.08 4.76 4.34 3.95 1.94 4.43 4.54 3.00 4.19 2.32 5.89 6.13 4.75 4.42 5.62 2.50 4.09 5.43 5.37 4.32 2.80 2.08 2.57 3.97 
5.02 6.31 8.43 5.99 3.28 9.60 4.33 3.78 7.52 1.39 2.07 8.53 6.61 4.26 8.95 5.61 6.87 7.82 3.71 8.63 5.26 9.09 6.77 2.64 6.41 6.87 3.32 1.73 7.62 2.45 8.01 8.71 5.00 4.75 4.51 5.91 7.26 7.20 8.49 2.12 2.73 4.53 6.73 1.25 3.23 1.86 5.56 3.16 7.46 3.45 7.90 6.51 6.30 1.54 1.29 8.48 5.38 5.97 6.53 1.25 
6.57 6.49 0.29 6.61 8.38 2.20 5.92 6.92 1.50 8.11 9.26 6.63 2.20 9.16 2.21 6.08 1.95 6.37 9.15 5.91 4.81 1.60 6.41 7.21 6.99 2.20 7.31 7.02 4.94 7.20 3.38 3.54 7.07 6.57 5.93 6.78 2.14 4.05 2.40 8.65 6.06 8.56 7.16 7.64 8.73 6.90 7.75 9.82 3.59 8.92 4.52 2.23 4.33 9.73 9.79 2.34 4.05 2.75 2.20 8.68 
7.71 1.65 6.91 1.30 7.30 8.95 1.46 1.10 6.69 5.53 3.60 3.88 5.12 2.18 8.53 1.29 6.05 3.20 2.42 4.19 6.71 8.29 9.07 5.97 1.62 4.96 1.48 3.82 3.55 5.75 4.70 9.07 7.99 0.58 1.34 1.17 6.90 3.68 8.28 6.50 3.46 8.38 9.42 4.81 7.43 4.35 0.93 3.45 4.15 7.70 4.01 5.61 2.97 4.57 4.94 8.23 3.18 5.06 5.49 5.81 
6.28 5.25 8.57 4.91 4.80 10.05 3.58 2.76 7.83 2.86 0.58 7.49 6.66 2.72 9.45 4.65 7.15 6.80 2.15 7.71 6.16 9.48 7.98 3.94 5.24 6.80 2.23 2.14 6.85 3.72 7.53 9.44 6.33 3.73 3.72 4.79 7.71 6.61 9.04 3.68 2.89 6.04 8.04 2.41 4.78 2.62 4.25 1.64 6.96 5.01 7.20 6.74 5.72 0.99 1.31 9.02 5.07 6.16 6.71 2.82 
7.90 1.65 4.74 1.86 8.37 7.00 2.49 3.32 4.98 7.02 6.19 2.28 3.41 5.05 6.74 1.58 4.50 1.71 5.28 1.99 6.40 6.33 8.80 6.93 2.13 2.99 3.85 5.29 0.83 6.76 1.89 7.65 8.31 2.46 2.33 2.05 5.43 0.91 6.65 7.93 4.44 9.20 9.34 6.30 8.61 5.60 3.12 6.26 1.42 8.87 1.17 4.13 0.85 7.03 7.32 6.59 2.12 3.79 3.97 7.46 
3.28 5.65 3.57 5.55 4.59 4.55 3.87 4.57 2.50 4.28 6.05 7.04 2.17 6.75 3.92 4.88 1.91 6.46 6.53 6.65 1.64 4.03 4.04 3.36 6.08 2.67 4.72 3.47 5.38 3.34 4.68 3.95 3.74 4.79 4.01 5.64 2.20 4.46 3.49 4.78 2.68 4.99 4.58 3.88 4.93 3.19 6.21 6.86 4.35 5.14 5.30 1.68 3.91 6.27 6.24 3.47 2.67 1.37 1.77 4.85 
7.55 4.18 8.70 3.83 6.34 10.46 3.14 2.12 8.18 4.40 1.30 6.36 6.79 1.08 9.93 3.78 7.49 5.71 0.52 6.72 7.13 9.84 9.19 5.33 4.05 6.80 1.67 3.23 6.06 5.10 7.05 10.14 7.68 2.87 3.20 3.67 8.19 6.05 9.58 5.27 3.58 7.57 9.33 3.83 6.36 3.80 2.90 0.93 6.48 6.60 6.49 7.05 5.23 2.31 2.77 9.54 4.95 6.45 6.98 4.43 
2.12 10.13 6.62 9.99 4.33 5.79 8.16 8.60 5.42 5.77 8.96 11.56 6.28 10.46 5.17 9.33 5.38 10.99 10.08 11.13 2.92 5.79 0.49 4.50 10.53 6.83 8.57 6.40 9.87 4.70 8.96 3.89 2.19 9.08 8.33 10.06 4.73 8.92 4.69 5.44 6.22 3.47 0.61 6.00 4.62 5.83 10.47 10.00 8.74 4.61 9.74 5.53 8.44 8.67 8.40 4.75 7.20 5.62 5.70 6.14 
8.73 1.28 7.38 1.03 8.35 9.52 2.37 2.15 7.32 6.58 4.39 3.22 5.71 2.50 9.16 1.52 6.71 2.62 2.92 3.69 7.66 8.86 10.04 7.02 0.93 5.46 2.49 4.88 3.38 6.81 4.78 9.81 9.01 1.45 2.21 0.84 7.60 3.78 8.95 7.54 4.49 9.44 10.41 5.85 8.48 5.41 0.31 4.03 4.29 8.75 3.88 6.28 3.27 5.40 5.81 8.90 3.83 5.77 6.14 6.83 
7.99 5.24 9.71 4.90 6.47 11.39 4.22 3.21 9.12 4.55 1.14 7.39 7.79 1.76 10.83 4.87 8.43 6.75 1.26 7.78 7.78 10.78 9.68 5.66 5.07 7.83 2.73 3.77 7.16 5.43 8.15 10.94 8.05 3.97 4.28 4.73 9.08 7.15 10.45 5.31 4.33 7.72 9.75 4.12 6.42 4.29 3.88 0.17 7.57 6.63 7.59 8.00 6.33 1.87 2.34 10.42 6.00 7.40 7.94 4.44 
7.22 2.34 7.02 1.99 6.66 8.96 1.37 0.53 6.68 4.86 2.92 4.58 5.16 1.89 8.49 1.83 6.01 3.89 1.96 4.84 6.35 8.31 8.65 5.37 2.34 5.08 0.77 3.18 4.11 5.15 5.10 8.92 7.47 0.91 1.35 1.88 6.81 4.10 8.21 5.82 2.94 7.78 8.96 4.14 6.78 3.73 1.53 2.89 4.54 7.04 4.53 5.56 3.31 3.86 4.23 8.16 3.24 4.99 5.46 5.11 
8.75 6.06 10.69 5.73 7.06 12.36 5.18 4.17 10.09 5.20 1.94 8.15 8.77 2.43 11.79 5.76 9.40 7.54 2.07 8.59 8.66 11.76 10.48 6.39 5.85 8.81 3.70 4.64 8.04 6.17 9.08 11.88 8.77 4.88 5.24 5.55 10.05 8.08 11.41 5.87 5.27 8.31 10.50 4.87 6.97 5.13 4.63 1.15 8.52 7.16 8.49 8.98 7.28 2.31 2.72 11.38 6.97 8.38 8.92 5.00 
2.78 7.96 3.89 7.89 5.07 3.47 6.27 6.95 2.67 5.64 8.14 9.12 3.64 9.09 2.78 7.22 2.67 8.60 8.83 8.61 1.51 3.28 2.33 4.39 8.41 4.18 7.07 5.45 7.37 4.50 6.32 2.01 3.25 7.19 6.41 7.99 1.98 6.39 2.26 5.77 4.87 4.86 3.07 5.52 5.43 5.01 8.60 9.04 6.15 5.56 7.18 2.88 6.04 8.17 8.04 2.29 4.91 3.10 3.05 6.17 
4.96 7.71 2.09 7.74 7.11 1.38 6.54 7.43 1.34 7.33 9.25 8.34 2.94 9.70 0.71 7.12 1.90 7.95 9.56 7.69 3.40 1.07 4.42 6.21 8.21 3.32 7.69 6.69 6.57 6.26 5.19 1.42 5.44 7.37 6.62 7.89 1.08 5.60 0.34 7.65 5.88 7.03 5.19 7.04 7.48 6.39 8.70 10.00 5.22 7.63 6.25 2.34 5.56 9.49 9.45 0.29 4.79 2.90 2.47 7.89 
7.55 3.72 8.38 3.38 6.49 10.19 2.76 1.74 7.90 4.55 1.68 5.91 6.47 0.89 9.67 3.33 7.21 5.25 0.54 6.26 7.02 9.56 9.15 5.40 3.59 6.45 1.34 3.23 5.62 5.17 6.63 9.94 7.71 2.43 2.80 3.22 7.94 5.63 9.33 5.46 3.45 7.70 9.33 3.94 6.53 3.82 2.46 1.37 6.06 6.77 6.05 6.77 4.82 2.70 3.14 9.30 4.61 6.18 6.70 4.64 
1.90 6.87 6.14 6.65 2.02 6.74 4.69 4.88 4.99 2.07 4.99 8.72 4.70 6.53 6.06 6.04 4.47 8.05 6.12 8.51 2.06 6.34 3.57 0.84 7.18 5.15 4.74 2.43 7.28 0.93 6.97 5.57 2.08 5.55 4.89 6.67 4.53 6.50 5.55 2.29 2.47 2.67 3.69 2.07 2.35 1.85 6.85 6.02 6.54 2.57 7.34 4.27 5.75 4.79 4.58 5.55 4.48 3.91 4.35 2.60 
6.78 4.91 8.68 4.56 5.37 10.27 3.44 2.52 8.02 3.43 0.35 7.14 6.76 2.14 9.69 4.37 7.33 6.46 1.57 7.42 6.55 9.68 8.46 4.47 4.86 6.86 1.99 2.54 6.63 4.24 7.42 9.75 6.85 3.44 3.55 4.43 7.94 6.47 9.30 4.26 3.14 6.62 8.55 2.94 5.36 3.07 3.80 1.12 6.84 5.59 7.01 6.91 5.60 1.32 1.74 9.27 5.07 6.32 6.87 3.41 
7.75 0.74 5.80 0.65 7.79 7.96 1.52 2.06 5.78 6.23 4.89 2.78 4.17 3.62 7.61 0.17 5.20 2.07 3.86 2.90 6.48 7.29 8.90 6.38 1.16 3.89 2.58 4.45 2.13 6.19 3.29 8.33 8.10 1.10 1.32 0.79 6.10 2.28 7.43 7.17 3.78 8.76 9.35 5.48 7.98 4.88 1.76 4.86 2.77 8.25 2.57 4.78 1.69 5.79 6.12 7.38 2.36 4.30 4.63 6.59 
2.58 11.03 8.52 10.84 3.50 7.92 8.90 9.11 7.28 5.37 8.77 12.74 7.85 10.64 7.28 10.21 7.11 12.11 10.17 12.42 4.22 7.87 2.41 4.35 11.37 8.39 8.95 6.55 11.15 4.58 10.48 6.06 2.20 9.78 9.10 10.87 6.60 10.26 6.78 4.71 6.71 2.28 1.64 5.84 3.65 5.96 11.09 9.86 10.17 3.52 11.11 7.16 9.65 8.25 7.89 6.83 8.36 7.11 7.31 5.56 
8.95 2.13 8.12 1.87 8.34 10.22 2.79 2.25 7.98 6.48 3.93 3.98 6.39 1.79 9.81 2.27 7.35 3.42 2.29 4.51 8.03 9.55 10.36 7.08 1.77 6.18 2.43 4.88 4.23 6.86 5.61 10.39 9.20 1.90 2.67 1.67 8.21 4.61 9.58 7.44 4.67 9.48 10.68 5.79 8.44 5.44 0.61 3.40 5.11 8.69 4.74 6.91 4.05 4.95 5.38 9.53 4.46 6.37 6.78 6.67 
10.66 2.95 6.63 3.29 11.08 8.90 4.93 5.47 7.24 9.63 8.19 0.71 5.84 6.42 8.81 3.60 6.90 1.40 6.84 0.85 9.12 8.28 11.48 9.64 3.03 5.33 5.97 7.86 2.10 9.47 3.35 9.93 11.06 4.48 4.74 3.42 7.80 3.07 8.84 10.56 7.10 11.94 12.06 8.89 11.30 8.24 4.23 7.94 3.34 11.57 2.30 6.60 3.58 9.15 9.51 8.77 4.87 6.38 6.43 10.02 
6.12 2.37 5.02 2.21 6.25 6.97 0.64 1.65 4.69 4.83 4.30 4.23 3.16 3.89 6.52 1.55 4.04 3.55 3.89 4.14 4.89 6.32 7.30 4.82 2.74 3.08 2.09 3.08 3.03 4.64 3.48 7.05 6.47 1.45 0.69 2.27 4.88 2.59 6.26 5.74 2.26 7.17 7.73 4.10 6.47 3.41 2.84 4.64 2.91 6.73 3.28 3.59 1.70 5.03 5.26 6.22 1.23 3.04 3.48 5.26 
7.24 1.31 5.23 1.27 7.42 7.36 1.29 2.10 5.17 5.94 4.96 3.07 3.56 3.96 7.00 0.65 4.58 2.38 4.13 3.03 5.91 6.70 8.33 5.99 1.77 3.30 2.63 4.18 2.04 5.81 2.93 7.71 7.60 1.30 1.12 1.40 5.49 1.92 6.82 6.87 3.42 8.33 8.80 5.21 7.63 4.55 2.30 5.07 2.37 7.89 2.39 4.16 1.18 5.81 6.10 6.77 1.75 3.68 4.02 6.35 
8.59 3.26 3.98 3.53 9.46 6.25 4.12 5.02 4.64 8.35 7.88 2.61 3.38 6.79 6.17 3.33 4.38 2.50 7.02 1.86 6.91 5.63 9.17 8.03 3.68 2.83 5.55 6.69 1.18 7.91 0.72 7.31 9.04 4.20 3.99 3.72 5.24 1.11 6.21 9.19 5.75 10.14 9.81 7.66 9.74 6.91 4.79 7.99 0.97 9.99 0.66 4.14 2.00 8.68 8.94 6.14 3.08 4.04 3.97 8.83 
5.59 2.94 4.47 2.82 5.93 6.35 1.26 2.20 4.06 4.67 4.64 4.62 2.57 4.48 5.88 2.15 3.40 3.97 4.42 4.43 4.27 5.70 6.69 4.49 3.35 2.56 2.57 3.01 3.23 4.33 3.35 6.38 5.96 2.12 1.35 2.90 4.22 2.59 5.61 5.54 2.07 6.77 7.15 3.97 6.17 3.23 3.51 5.10 2.80 6.43 3.38 2.95 1.73 5.27 5.44 5.56 0.76 2.38 2.85 5.15 
1.00 8.02 6.68 7.82 1.58 6.91 5.86 6.04 5.46 2.68 5.93 9.84 5.48 7.63 6.22 7.20 5.05 9.18 7.19 9.60 2.18 6.61 2.76 1.42 8.34 5.98 5.89 3.51 8.35 1.64 7.92 5.47 0.98 6.72 6.06 7.84 4.91 7.53 5.69 2.44 3.64 1.67 2.69 2.95 1.94 2.92 8.02 6.99 7.52 2.07 8.38 4.94 6.82 5.59 5.31 5.71 5.53 4.69 5.06 3.06 
6.07 3.71 7.14 3.39 5.24 8.81 1.91 1.17 6.54 3.39 1.91 5.95 5.21 2.39 8.26 3.05 5.85 5.24 2.06 6.11 5.48 8.20 7.63 4.02 3.79 5.28 0.72 1.80 5.20 3.79 5.87 8.45 6.25 2.16 2.05 3.30 6.52 4.95 7.90 4.35 1.91 6.39 7.84 2.69 5.33 2.39 3.00 2.43 5.30 5.59 5.54 5.42 4.06 2.66 2.94 7.87 3.49 4.82 5.36 3.62 
5.40 3.89 6.59 3.60 4.74 8.18 1.82 1.46 5.92 2.99 2.39 6.07 4.67 3.09 7.61 3.14 5.23 5.36 2.77 6.13 4.77 7.58 6.93 3.44 4.06 4.79 1.22 1.26 5.12 3.22 5.60 7.76 5.61 2.36 2.01 3.55 5.86 4.74 7.23 3.95 1.20 5.85 7.17 2.25 4.87 1.81 3.44 3.07 5.04 5.13 5.41 4.81 3.84 2.95 3.13 7.21 3.07 4.21 4.76 3.31 
4.23 4.70 6.07 4.45 3.77 7.42 2.51 2.52 5.23 2.29 3.17 6.75 4.22 4.25 6.81 3.89 4.56 6.05 3.90 6.69 3.65 6.86 5.76 2.39 4.95 4.47 2.38 0.67 5.56 2.18 5.71 6.80 4.45 3.27 2.71 4.44 5.07 4.98 6.39 3.19 0.33 4.80 5.99 1.58 3.96 0.87 4.51 4.03 5.18 4.23 5.75 4.18 4.11 3.41 3.43 6.37 3.04 3.61 4.17 2.76 
6.39 2.33 4.33 2.30 6.82 6.40 1.46 2.47 4.17 5.54 5.19 3.78 2.57 4.63 6.01 1.65 3.57 3.14 4.69 3.54 4.97 5.73 7.39 5.38 2.80 2.37 2.95 3.85 2.33 5.22 2.59 6.69 6.78 2.01 1.41 2.43 4.46 1.74 5.81 6.42 2.94 7.64 7.89 4.83 7.07 4.11 3.25 5.50 2.02 7.33 2.50 3.14 0.86 5.92 6.14 5.75 0.72 2.65 3.00 6.01 
1.28 9.15 7.57 8.93 1.60 7.53 6.98 7.11 6.33 3.34 6.73 10.98 6.51 8.58 6.84 8.32 5.99 10.32 8.11 10.73 3.01 7.31 2.61 2.29 9.46 7.03 6.92 4.50 9.48 2.52 9.01 5.91 0.81 7.82 7.17 8.95 5.72 8.65 6.31 2.78 4.73 0.80 2.23 3.78 1.86 3.91 9.10 7.81 8.63 1.84 9.50 5.92 7.95 6.25 5.91 6.34 6.66 5.73 6.05 3.58 
7.00 3.37 2.97 3.51 7.96 5.23 3.27 4.28 3.30 6.98 7.01 3.72 1.86 6.37 5.01 3.04 2.92 3.33 6.47 3.13 5.32 4.57 7.61 6.55 3.86 1.35 4.77 5.42 1.95 6.44 0.99 6.00 7.46 3.69 3.21 3.69 3.82 0.97 4.95 7.78 4.44 8.59 8.23 6.33 8.26 5.56 4.70 7.32 0.65 8.50 1.69 2.63 1.26 7.70 7.89 4.89 1.73 2.47 2.45 7.50 
5.11 4.27 2.72 4.26 6.19 4.54 3.06 4.01 2.26 5.45 6.26 5.34 0.80 6.28 4.09 3.62 1.62 4.81 6.22 4.88 3.44 3.89 5.77 4.83 4.75 1.04 4.35 4.12 3.62 4.75 2.86 4.72 5.57 3.85 3.12 4.39 2.50 2.66 3.86 6.15 3.13 6.74 6.37 4.88 6.50 4.10 5.18 6.83 2.53 6.74 3.50 1.18 2.25 6.75 6.84 3.81 1.27 0.70 1.05 6.00 
3.77 5.15 6.07 4.90 3.33 7.28 2.95 3.00 5.16 1.98 3.44 7.16 4.27 4.68 6.65 4.33 4.50 6.47 4.31 7.07 3.30 6.75 5.33 1.93 5.41 4.58 2.85 0.75 5.91 1.73 5.96 6.55 3.98 3.74 3.15 4.90 4.93 5.29 6.21 2.83 0.68 4.34 5.54 1.34 3.54 0.57 4.98 4.36 5.45 3.80 6.08 4.15 4.44 3.55 3.51 6.19 3.30 3.61 4.16 2.50 
1.24 7.25 5.61 7.07 2.53 5.97 5.15 5.49 4.40 3.00 5.88 8.95 4.41 7.30 5.28 6.43 3.97 8.31 6.92 8.66 1.21 5.62 2.72 1.72 7.60 4.91 5.42 3.25 7.40 1.85 6.88 4.69 1.61 6.05 5.34 7.11 3.87 6.55 4.76 3.10 3.08 2.75 2.95 3.01 2.89 2.70 7.41 6.89 6.51 3.06 7.40 3.85 5.88 5.72 5.52 4.77 4.59 3.61 3.97 3.51 
6.23 5.60 0.70 5.70 7.84 2.95 4.99 5.99 1.36 7.40 8.37 5.90 1.33 8.23 2.78 5.16 1.46 5.58 8.23 5.22 4.45 2.29 6.32 6.60 6.10 1.27 6.38 6.21 4.16 6.56 2.69 3.93 6.73 5.64 5.00 5.87 2.04 3.23 2.82 8.00 5.23 8.14 7.04 6.89 8.18 6.13 6.82 8.90 2.79 8.39 3.79 1.57 3.42 8.87 8.96 2.75 3.11 1.99 1.49 7.97 
2.57 6.38 3.96 6.27 4.14 4.56 4.52 5.14 2.77 4.15 6.34 7.81 2.82 7.25 3.88 5.60 2.32 7.22 6.99 7.41 0.88 4.12 3.28 3.06 6.80 3.35 5.24 3.67 6.14 3.10 5.41 3.64 3.05 5.45 4.68 6.35 2.30 5.22 3.40 4.51 3.03 4.39 3.82 3.88 4.50 3.28 6.87 7.22 5.10 4.69 6.06 2.21 4.68 6.44 6.35 3.39 3.43 2.04 2.34 4.71 
5.92 9.68 3.67 9.72 8.31 1.49 8.53 9.40 3.30 8.87 11.10 10.18 4.91 11.66 1.50 9.11 3.90 9.84 11.50 9.49 4.76 2.04 4.80 7.65 10.18 5.25 9.65 8.47 8.43 7.74 6.95 1.26 6.34 9.36 8.61 9.87 3.05 7.48 1.66 9.04 7.73 7.95 5.53 8.69 8.67 8.11 10.70 11.90 7.06 8.77 8.06 4.34 7.52 11.26 11.17 1.71 6.78 4.89 4.47 9.41 
9.62 1.17 7.33 1.30 9.48 9.58 3.25 3.35 7.50 7.78 5.74 2.01 5.90 3.78 9.30 1.96 6.96 1.56 4.24 2.64 8.37 8.91 10.79 8.10 0.77 5.54 3.76 6.04 2.75 7.90 4.34 10.12 9.95 2.45 3.06 1.28 7.89 3.47 9.17 8.74 5.52 10.51 11.23 7.04 9.64 6.53 1.64 5.36 3.96 9.90 3.27 6.56 3.27 6.75 7.15 9.11 4.22 6.13 6.41 8.08 
7.02 1.76 4.66 1.78 7.37 6.82 1.57 2.50 4.65 6.02 5.34 3.17 3.03 4.49 6.47 1.20 4.07 2.52 4.63 2.98 5.60 6.15 8.02 5.93 2.25 2.75 3.02 4.28 1.83 5.77 2.45 7.22 7.40 1.81 1.44 1.93 4.99 1.47 6.30 6.92 3.43 8.23 8.52 5.29 7.61 4.59 2.86 5.52 1.88 7.87 2.09 3.66 0.64 6.14 6.40 6.25 1.33 3.21 3.51 6.46 
4.09 5.91 2.37 5.88 5.73 3.37 4.49 5.34 1.25 5.53 7.16 6.93 1.45 7.59 2.79 5.23 0.71 6.43 7.44 6.41 2.30 2.82 4.36 4.57 6.38 2.00 5.58 4.66 5.17 4.57 4.14 3.14 4.58 5.35 4.59 6.00 1.04 4.19 2.43 6.02 3.79 5.99 5.03 5.13 6.08 4.43 6.73 7.89 3.95 6.28 4.98 0.70 3.88 7.45 7.44 2.39 2.87 0.94 0.87 6.10 
3.26 5.46 3.90 5.34 4.35 4.95 3.59 4.24 2.87 3.92 5.65 6.95 2.37 6.39 4.32 4.67 2.26 6.34 6.16 6.60 1.76 4.43 4.18 3.06 5.87 2.83 4.37 3.07 5.33 3.03 4.75 4.34 3.69 4.52 3.74 5.41 2.60 4.44 3.90 4.47 2.28 4.84 4.68 3.50 4.68 2.80 5.93 6.47 4.38 4.91 5.29 1.98 3.83 5.87 5.84 3.88 2.56 1.58 2.05 4.49 
4.15 4.71 3.42 4.63 5.15 4.85 3.04 3.84 2.60 4.48 5.69 6.09 1.65 6.08 4.30 3.96 1.92 5.51 5.92 5.72 2.58 4.26 4.99 3.79 5.15 2.04 4.07 3.31 4.45 3.72 3.87 4.60 4.59 3.94 3.16 4.73 2.56 3.55 3.95 5.14 2.37 5.70 5.52 3.96 5.46 3.20 5.35 6.38 3.49 5.70 4.40 1.52 2.97 6.05 6.09 3.91 1.72 0.96 1.52 5.04 
5.80 8.08 1.98 8.14 7.98 0.54 7.10 8.03 1.78 8.17 9.99 8.49 3.35 10.30 0.31 7.55 2.45 8.16 10.20 7.79 4.26 0.38 5.16 7.06 8.58 3.63 8.33 7.47 6.75 7.11 5.26 1.74 6.28 7.88 7.16 8.30 1.81 5.80 0.79 8.51 6.62 7.88 5.93 7.86 8.34 7.20 9.17 10.70 5.38 8.49 6.37 2.90 5.90 10.27 10.25 0.75 5.28 3.49 2.99 8.74 
5.53 4.03 6.89 3.72 4.73 8.47 2.04 1.53 6.22 2.92 2.09 6.23 4.97 2.91 7.90 3.31 5.53 5.52 2.56 6.33 4.98 7.88 7.10 3.49 4.16 5.10 1.19 1.27 5.35 3.26 5.88 8.02 5.71 2.48 2.21 3.66 6.15 5.00 7.52 3.88 1.43 5.87 7.30 2.20 4.84 1.85 3.47 2.79 5.31 5.10 5.65 5.11 4.10 2.65 2.85 7.49 3.37 4.51 5.06 3.20 
7.15 6.36 9.93 6.01 5.31 11.36 4.89 3.99 9.17 3.52 1.13 8.58 8.02 3.23 10.75 5.85 8.49 7.91 2.67 8.88 7.28 10.80 8.91 4.78 6.28 8.17 3.46 3.37 8.10 4.58 8.86 10.66 7.13 4.91 5.01 5.87 9.01 7.92 10.32 4.11 4.21 6.55 8.86 3.32 5.20 3.75 5.17 1.64 8.28 5.39 8.48 8.09 7.04 0.60 0.93 10.30 6.44 7.50 8.06 3.26 
2.09 9.33 8.27 9.09 1.07 8.35 7.13 7.14 7.04 3.01 6.41 11.25 7.09 8.41 7.65 8.50 6.65 10.58 7.91 11.07 3.73 8.10 3.45 2.26 9.60 7.58 6.89 4.44 9.84 2.48 9.49 6.75 1.66 7.92 7.33 9.08 6.46 9.05 7.12 2.27 4.85 0.18 3.01 3.59 1.20 3.88 9.13 7.49 9.07 1.09 9.90 6.54 8.31 5.82 5.45 7.15 7.03 6.29 6.66 3.13 
1.97 9.92 6.43 9.79 4.24 5.65 7.95 8.40 5.23 5.63 8.80 11.35 6.07 10.28 5.03 9.12 5.18 10.78 9.90 10.93 2.71 5.63 0.29 4.35 10.32 6.62 8.38 6.22 9.66 4.55 8.76 3.77 2.09 8.88 8.13 9.85 4.54 8.71 4.54 5.33 6.03 3.43 0.65 5.85 4.54 5.66 10.27 9.84 8.53 4.55 9.54 5.32 8.23 8.53 8.26 4.59 6.99 5.42 5.49 6.02 
