9.87 4.96 8.11 6.43 5.89 
7.94 4.89 9.00 8.53 2.65 
10.03 5.19 6.57 4.30 9.05 
3.26 3.88 6.58 7.50 7.24 
9.42 5.58 9.61 8.67 2.46 
6.45 5.35 1.35 2.62 12.80 
6.79 1.79 5.19 4.14 6.80 
7.24 4.81 2.04 1.13 11.98 
3.19 1.86 4.20 5.04 8.09 
7.69 2.68 5.62 4.17 6.96 
6.52 2.72 2.76 1.32 9.64 
8.01 3.61 4.24 2.06 9.46 
7.66 3.33 7.31 6.42 4.52 
4.83 3.99 0.46 2.81 11.47 
8.97 5.95 10.07 9.50 1.55 
9.47 4.52 7.60 5.92 6.16 
4.01 4.65 7.56 8.40 6.77 
9.94 5.89 9.84 8.75 2.77 
6.07 2.97 7.03 6.83 4.71 
5.81 2.92 6.94 6.84 4.89 
1.13 4.89 4.35 6.41 11.03 
6.56 2.89 2.62 1.12 9.85 
5.85 0.87 4.26 3.60 7.46 
8.90 3.90 6.82 5.14 6.61 
3.86 3.55 6.66 7.36 6.58 
10.65 5.66 8.35 6.42 6.93 
7.71 3.40 3.92 1.81 9.50 
7.26 2.62 6.49 5.55 5.39 
9.73 4.73 7.50 5.67 6.77 
4.67 3.76 0.63 2.81 11.23 
9.39 4.73 5.65 3.34 9.46 
7.48 4.17 2.74 0.32 11.00 
11.53 6.52 8.85 6.74 7.84 
5.14 0.21 4.01 3.78 7.60 
4.31 1.85 5.45 5.77 6.58 
9.13 4.12 6.83 5.05 6.93 
1.25 3.76 4.48 6.10 9.59 
0.90 4.83 4.50 6.50 10.85 
8.19 3.18 5.98 4.36 7.01 
9.54 7.14 11.23 10.83 1.28 
6.52 2.50 3.00 1.61 9.34 
9.14 4.32 7.76 6.29 5.37 
1.92 3.33 3.63 5.28 9.78 
11.00 6.00 8.08 5.92 8.20 
9.95 5.13 8.47 6.88 5.38 
9.41 4.41 6.83 4.90 7.41 
9.87 7.35 11.45 10.98 0.95 
6.13 4.28 0.90 1.66 11.68 
6.91 4.49 8.52 8.36 3.53 
6.88 5.26 1.61 2.11 12.64 
10.39 5.63 9.02 7.43 5.15 
3.29 3.27 2.06 3.92 10.49 
6.17 3.20 1.81 1.00 10.44 
3.72 1.29 3.95 4.55 7.99 
6.67 2.42 3.33 1.87 9.07 
10.49 6.42 10.34 9.18 2.75 
6.64 5.63 1.62 2.82 13.08 
3.65 1.77 4.84 5.43 7.35 
4.62 3.53 7.02 7.47 5.82 
4.71 4.52 0.92 3.36 11.97 
