6.57 5.07 4.26 4.10 8.85 2.63 2.77 5.94 3.56 3.16 
7.25 1.93 7.20 0.85 9.92 3.59 4.90 1.76 1.29 7.11 
5.56 7.04 2.10 6.62 7.06 4.05 2.97 8.18 6.51 0.40 
5.28 3.10 7.57 4.59 7.44 5.26 6.00 3.26 5.84 8.55 
7.86 3.42 6.94 1.92 10.49 3.56 4.72 3.57 0.67 6.40 
3.00 8.60 4.91 9.42 0.56 7.19 6.26 9.72 10.22 6.64 
3.51 3.52 2.82 3.62 6.03 0.99 0.75 4.74 4.12 3.33 
2.77 8.09 3.39 8.68 1.99 6.19 5.09 9.29 9.32 5.06 
2.80 3.54 5.37 4.82 5.10 4.06 4.29 4.44 5.97 6.62 
4.06 4.22 2.39 4.03 6.40 1.28 0.26 5.40 4.27 2.49 
1.73 5.90 1.82 6.37 3.43 3.85 2.81 7.13 6.98 3.54 
3.31 6.34 0.24 6.44 4.76 3.69 2.39 7.57 6.77 2.01 
5.57 2.34 4.89 1.58 8.19 1.31 2.59 3.27 1.84 4.76 
1.70 7.11 4.73 8.08 1.22 6.13 5.45 8.18 8.99 6.49 
8.32 3.02 8.04 1.86 10.99 4.46 5.74 2.59 1.49 7.76 
6.07 4.91 3.76 4.08 8.34 2.28 2.27 5.87 3.70 2.77 
6.22 3.11 8.31 4.52 8.42 5.69 6.57 2.89 5.73 9.16 
8.11 4.00 6.90 2.51 10.71 3.71 4.77 4.22 1.27 6.20 
5.30 0.42 5.90 1.45 7.96 2.57 3.74 1.65 2.68 6.28 
5.23 0.38 6.01 1.71 7.87 2.76 3.89 1.59 2.95 6.45 
4.22 6.52 7.68 7.93 4.87 7.25 7.27 7.12 9.13 9.24 
1.72 6.09 1.89 6.57 3.26 4.06 3.00 7.31 7.19 3.64 
2.53 3.63 2.91 4.13 5.14 1.91 1.61 4.87 4.86 3.92 
5.31 4.77 3.02 4.17 7.55 1.89 1.54 5.83 4.02 2.26 
5.23 2.40 7.22 3.89 7.55 4.68 5.51 2.61 5.14 8.09 
6.96 6.17 4.13 5.25 9.01 3.53 3.27 7.08 4.70 2.65 
2.99 6.23 0.56 6.41 4.46 3.69 2.42 7.47 6.80 2.32 
4.76 2.63 4.07 2.31 7.36 0.46 1.76 3.74 2.72 4.12 
6.06 5.45 3.43 4.68 8.19 2.67 2.35 6.44 4.33 2.23 
1.49 6.87 4.65 7.84 1.46 5.93 5.27 7.93 8.76 6.40 
4.76 6.98 1.24 6.77 6.11 4.06 2.82 8.18 6.84 0.79 
2.65 7.36 2.15 7.78 3.03 5.17 3.99 8.59 8.31 3.82 
7.59 7.23 4.45 6.31 9.44 4.52 4.09 8.15 5.72 2.75 
2.25 3.47 3.49 4.21 4.92 2.40 2.31 4.67 5.09 4.61 
3.83 2.03 5.49 3.34 6.37 3.16 3.82 2.99 4.53 6.38 
5.39 5.13 2.86 4.54 7.53 2.22 1.70 6.20 4.37 1.93 
3.76 5.08 6.97 6.51 5.21 6.02 6.20 5.69 7.72 8.39 
4.28 6.36 7.72 7.78 5.05 7.17 7.23 6.93 8.99 9.25 
4.47 4.58 2.38 4.24 6.72 1.59 0.75 5.72 4.34 2.13 
9.49 3.95 9.46 3.15 12.16 5.86 7.16 3.10 2.94 9.21 
1.81 5.63 1.71 6.08 3.70 3.54 2.50 6.86 6.68 3.38 
6.13 4.22 4.27 3.28 8.55 1.92 2.39 5.10 2.87 3.50 
2.96 5.22 6.28 6.56 4.37 5.71 5.72 5.98 7.72 7.77 
6.88 7.08 3.64 6.32 8.64 4.22 3.57 8.09 5.89 1.90 
6.88 4.89 4.75 3.80 9.24 2.73 3.10 5.68 3.14 3.70 
5.47 5.63 2.64 5.06 7.48 2.68 1.97 6.71 4.88 1.47 
9.71 4.21 9.55 3.30 12.38 5.97 7.25 3.41 2.96 9.24 
1.99 7.56 3.86 8.32 1.14 6.04 5.11 8.72 9.09 5.62 
6.80 1.20 7.33 1.36 9.44 3.82 5.08 0.59 2.38 7.51 
2.98 8.56 4.41 9.29 1.11 6.93 5.93 9.71 10.02 6.11 
7.42 5.14 5.28 3.94 9.79 3.21 3.64 5.83 3.12 4.16 
1.80 5.99 5.31 7.14 2.82 5.67 5.32 6.94 8.19 6.96 
1.35 6.49 2.66 7.12 2.44 4.72 3.76 7.68 7.81 4.43 
2.41 3.49 4.79 4.65 4.87 3.59 3.73 4.50 5.74 6.03 
2.07 5.46 1.51 5.84 4.04 3.25 2.18 6.69 6.40 3.12 
8.61 4.53 7.27 3.04 11.20 4.19 5.19 4.70 1.78 6.46 
3.28 8.88 5.12 9.70 0.76 7.46 6.52 10.00 10.50 6.84 
3.32 2.79 5.46 4.10 5.76 3.62 4.07 3.69 5.27 6.54 
5.47 1.68 7.09 3.15 7.93 4.25 5.20 1.86 4.40 7.80 
2.30 7.56 5.35 8.58 1.18 6.72 6.07 8.59 9.53 7.12 
