11.55 8.46 5.87 8.34 1.21 10.24 7.96 8.13 6.18 3.75 3.19 7.43 3.73 2.42 5.74 6.72 9.45 7.78 10.43 7.97 6.09 3.51 1.46 3.30 10.05 8.26 5.41 1.14 9.65 10.18 1.90 3.54 8.98 6.87 5.73 2.81 6.79 10.01 6.27 4.27 6.01 4.51 2.88 1.53 5.55 10.09 5.46 12.22 6.25 3.69 
10.24 8.13 5.93 6.36 2.53 10.03 6.99 8.08 7.51 5.84 2.34 5.05 0.73 1.49 2.09 3.10 10.68 4.25 8.57 7.64 3.92 5.37 4.88 0.46 10.35 9.02 1.75 2.75 10.30 9.14 4.29 5.69 9.14 3.68 6.84 5.06 8.30 11.25 7.06 0.63 4.39 0.91 3.49 4.31 1.96 10.01 2.20 10.56 3.31 0.24 
10.76 8.41 6.06 6.97 1.72 10.30 7.40 8.29 7.39 5.49 2.39 5.73 1.33 1.14 2.85 3.82 10.64 5.11 9.19 7.91 4.52 5.06 4.05 0.74 10.52 9.06 2.54 1.91 10.38 9.59 3.79 5.32 9.32 4.50 6.75 4.64 8.15 11.20 7.06 1.40 4.88 1.62 3.31 3.74 2.65 10.26 3.02 11.15 4.08 0.99 
5.55 2.48 3.66 6.28 9.37 2.35 4.05 1.98 2.98 5.46 7.29 7.16 8.91 8.56 10.77 11.60 1.86 10.47 6.43 2.65 6.90 5.54 10.00 9.21 1.25 0.74 10.43 9.58 0.71 4.29 7.10 5.66 1.16 8.97 3.26 6.28 2.78 2.22 2.71 9.97 6.01 10.25 6.48 7.52 10.96 2.00 8.93 6.81 8.33 9.37 
0.90 4.34 6.36 3.83 11.46 4.17 3.90 4.99 8.08 9.65 8.75 5.25 9.47 10.03 10.09 10.45 8.14 8.29 1.71 4.61 6.25 9.40 13.16 10.02 5.60 6.69 9.92 11.74 6.52 2.11 10.36 9.77 5.21 7.31 7.76 10.01 8.43 8.33 7.10 10.18 5.90 10.33 8.90 10.81 10.46 4.52 8.31 0.51 7.17 9.93 
7.98 7.62 6.68 4.10 6.88 9.23 6.01 7.93 9.05 8.54 5.05 2.80 4.15 5.43 3.13 3.08 11.50 0.75 5.85 7.28 3.11 8.04 9.22 4.67 10.13 9.58 3.17 7.13 10.50 7.45 7.71 8.48 8.98 1.11 8.34 8.12 9.84 11.99 8.17 4.06 3.99 4.00 6.22 7.95 3.55 9.38 2.39 7.78 1.88 4.33 
3.45 2.96 3.58 0.90 8.06 4.32 1.41 3.47 5.85 6.77 5.34 2.22 6.09 6.61 6.97 7.49 7.25 5.67 2.04 2.81 2.90 6.43 9.84 6.63 5.38 5.37 6.75 8.34 5.94 2.54 7.16 6.85 4.36 4.38 5.32 6.94 6.45 7.65 4.79 6.86 2.49 7.04 5.60 7.58 7.30 4.50 5.08 3.85 4.03 6.56 
4.17 2.11 4.29 5.78 10.27 0.86 3.68 2.04 4.36 6.72 7.93 6.90 9.41 9.27 11.03 11.78 3.16 10.35 5.42 2.53 6.94 6.72 11.15 9.78 0.59 2.22 10.73 10.50 1.52 3.11 8.20 6.91 1.04 8.91 4.47 7.46 4.29 3.31 3.82 10.43 6.10 10.68 7.33 8.64 11.28 0.50 9.13 5.46 8.36 9.89 
10.37 7.44 4.88 7.05 1.14 9.27 6.80 7.18 5.63 3.47 1.89 6.13 2.61 1.28 4.81 5.82 8.94 6.62 9.16 6.94 4.78 3.08 2.77 2.30 9.22 7.55 4.45 1.36 8.93 9.03 1.66 3.28 8.10 5.62 5.08 2.56 6.33 9.50 5.52 3.35 4.73 3.63 1.81 1.60 4.68 9.16 4.25 10.99 4.98 2.68 
3.03 1.77 3.06 2.12 8.35 3.12 0.58 2.33 5.04 6.36 5.66 3.32 6.70 7.01 7.86 8.47 6.09 6.80 2.50 1.71 3.69 6.09 9.90 7.19 4.15 4.26 7.61 8.62 4.73 1.73 7.06 6.47 3.15 5.43 4.60 6.69 5.55 6.46 4.00 7.57 3.04 7.78 5.64 7.51 8.17 3.29 5.94 3.82 4.99 7.18 
6.63 3.61 4.41 7.39 9.76 3.35 5.16 3.08 3.05 5.55 7.90 8.20 9.59 9.10 11.56 12.43 0.72 11.44 7.58 3.75 7.83 5.72 10.12 9.83 2.00 1.29 11.21 9.94 1.02 5.42 7.33 5.76 2.31 9.92 3.54 6.44 2.55 1.13 3.18 10.67 6.93 10.96 6.96 7.72 11.73 2.99 9.77 7.91 9.25 10.03 
8.36 4.65 2.90 6.99 6.09 5.88 5.25 4.05 1.00 1.65 4.87 7.08 6.61 5.77 8.86 9.85 4.07 9.55 8.26 4.32 6.12 1.93 6.20 6.68 5.18 3.22 8.48 6.23 4.54 6.87 3.52 1.87 4.42 8.08 1.17 2.58 1.40 4.62 1.83 7.68 5.36 7.98 3.65 3.87 8.92 5.61 7.39 9.43 7.31 6.97 
6.06 2.70 0.12 4.13 5.89 4.50 2.59 2.41 2.44 3.20 3.57 4.30 5.16 4.88 7.08 7.96 5.02 7.14 5.56 2.21 3.55 2.94 7.02 5.46 4.56 3.22 6.73 6.13 4.46 4.60 4.08 3.31 3.38 5.63 1.78 3.58 3.19 5.56 1.51 6.22 2.68 6.51 2.95 4.53 7.25 4.40 5.30 6.97 4.90 5.62 
4.26 2.05 4.19 5.76 10.15 0.95 3.65 1.95 4.22 6.59 7.84 6.87 9.32 9.17 10.96 11.71 3.06 10.31 5.46 2.47 6.88 6.59 11.03 9.69 0.54 2.08 10.66 10.38 1.42 3.17 8.07 6.78 0.92 8.86 4.34 7.33 4.16 3.23 3.69 10.34 6.04 10.60 7.22 8.52 11.21 0.59 9.06 5.54 8.30 9.80 
7.36 4.12 4.41 7.76 9.36 4.13 5.55 3.51 2.61 5.01 7.70 8.44 9.42 8.83 11.49 12.40 0.71 11.56 8.16 4.16 7.95 5.24 9.55 9.62 2.84 1.59 11.13 9.52 1.87 6.08 6.85 5.22 2.95 10.05 3.22 5.93 1.96 1.27 3.02 10.51 7.05 10.80 6.66 7.22 11.63 3.78 9.76 8.62 9.34 9.84 
7.16 3.62 1.27 5.29 5.41 5.25 3.76 3.17 1.69 2.05 3.54 5.31 5.27 4.69 7.40 8.35 4.81 7.85 6.75 3.18 4.37 1.86 6.20 5.46 4.99 3.29 7.03 5.62 4.66 5.68 3.23 2.18 3.93 6.37 0.98 2.57 2.50 5.38 1.26 6.35 3.59 6.65 2.55 3.68 7.51 5.07 5.79 8.12 5.61 5.68 
10.91 10.17 8.72 6.96 6.61 11.91 8.64 10.37 10.84 9.69 5.94 5.54 4.34 5.60 2.07 1.08 13.68 2.21 8.80 9.77 5.35 9.19 8.90 4.57 12.66 11.81 2.42 6.79 12.89 10.29 8.36 9.57 11.46 3.40 10.12 9.03 11.65 14.21 10.13 3.53 6.22 3.28 7.23 8.44 2.26 12.01 3.37 10.73 3.92 4.19 
8.86 5.24 3.01 6.93 4.92 6.69 5.50 4.71 2.04 0.48 3.95 6.78 5.66 4.71 7.95 8.96 5.25 8.89 8.48 4.83 5.67 0.78 5.05 5.67 6.17 4.25 7.57 5.05 5.61 7.37 2.33 0.69 5.28 7.48 1.80 1.40 2.58 5.81 2.49 6.69 5.01 7.00 2.67 2.68 7.97 6.47 6.62 9.84 6.71 5.98 
5.39 1.88 2.66 5.51 8.44 2.55 3.29 1.25 2.35 4.71 6.30 6.28 7.91 7.58 9.77 10.61 2.59 9.53 5.94 1.89 5.94 4.72 9.18 8.21 1.96 0.68 9.43 8.65 1.71 4.00 6.24 4.90 1.09 8.02 2.46 5.47 2.42 3.05 1.83 8.97 5.04 9.25 5.53 6.68 9.96 2.27 7.94 6.60 7.37 8.37 
5.15 2.20 3.68 6.04 9.51 1.94 3.82 1.78 3.27 5.71 7.35 6.97 8.92 8.64 10.73 11.54 2.22 10.33 6.09 2.44 6.78 5.76 10.22 9.24 0.92 1.06 10.40 9.72 0.79 3.91 7.29 5.91 0.82 8.84 3.48 6.50 3.13 2.52 2.89 9.98 5.90 10.25 6.59 7.73 10.93 1.59 8.86 6.41 8.22 9.39 
5.27 2.46 1.12 2.97 6.21 4.36 1.68 2.46 3.55 4.24 3.61 3.22 4.95 4.98 6.59 7.38 5.77 6.29 4.50 1.98 2.68 3.92 7.66 5.35 4.77 3.86 6.27 6.47 4.91 3.88 4.81 4.33 3.55 4.77 2.93 4.47 4.26 6.27 2.55 5.95 1.78 6.20 3.41 5.25 6.81 4.35 4.71 6.06 4.10 5.43 
10.22 9.14 7.54 6.19 5.43 10.93 7.67 9.30 9.60 8.40 4.65 4.74 3.06 4.34 0.87 0.56 12.50 1.97 8.19 8.72 4.31 7.90 7.76 3.33 11.60 10.66 1.18 5.63 11.78 9.47 7.08 8.28 10.39 2.59 8.88 7.74 10.41 13.03 8.92 2.32 5.15 2.10 5.94 7.17 1.20 11.01 2.17 10.18 2.93 2.93 
5.84 2.59 0.28 3.83 5.95 4.43 2.32 2.37 2.73 3.47 3.55 4.01 5.08 4.88 6.93 7.80 5.20 6.91 5.27 2.09 3.30 3.19 7.18 5.41 4.58 3.36 6.59 6.20 4.55 4.39 4.25 3.57 3.38 5.39 2.08 3.80 3.47 5.73 1.77 6.14 2.43 6.41 3.04 4.71 7.12 4.35 5.13 6.72 4.68 5.55 
10.81 9.48 7.69 6.77 4.87 11.31 8.08 9.58 9.61 8.21 4.51 5.31 2.80 3.96 0.54 0.67 12.62 2.81 8.84 9.04 4.70 7.72 7.15 2.92 11.89 10.83 0.90 5.04 12.01 9.98 6.75 8.08 10.67 3.24 8.91 7.48 10.42 13.17 9.01 1.85 5.48 1.57 5.78 6.79 0.52 11.37 2.45 10.84 3.42 2.55 
8.33 7.44 6.14 4.31 5.73 9.17 5.90 7.66 8.40 7.64 4.03 2.86 3.01 4.31 2.19 2.44 11.07 1.16 6.30 7.05 2.65 7.14 8.08 3.52 9.94 9.17 2.14 5.99 10.20 7.61 6.69 7.57 8.75 0.70 7.69 7.16 9.20 11.58 7.60 2.93 3.54 2.91 5.26 6.89 2.60 9.28 1.28 8.30 1.21 3.19 
7.41 3.86 3.54 7.22 8.24 4.40 5.09 3.21 1.50 3.89 6.64 7.74 8.38 7.73 10.49 11.42 1.83 10.72 7.91 3.77 7.11 4.12 8.45 8.55 3.33 1.50 10.13 8.40 2.50 6.02 5.73 4.11 3.00 9.20 2.14 4.81 0.85 2.39 2.07 9.46 6.24 9.76 5.57 6.10 10.61 4.06 8.81 8.63 8.48 8.79 
6.63 4.51 2.78 3.06 4.83 6.39 3.29 4.57 5.05 4.67 2.12 2.29 2.98 3.37 4.48 5.29 7.74 4.45 5.20 4.05 1.03 4.20 6.74 3.46 6.88 5.88 4.16 5.11 7.00 5.45 4.35 4.65 5.66 2.95 4.33 4.45 5.84 8.27 4.23 3.91 0.76 4.14 2.70 4.71 4.70 6.41 2.61 7.10 2.19 3.46 
7.03 3.37 2.74 6.51 7.58 4.23 4.44 2.72 0.87 3.38 5.88 6.97 7.60 7.00 9.70 10.63 2.49 9.92 7.34 3.19 6.32 3.54 7.95 7.79 3.39 1.43 9.34 7.76 2.72 5.59 5.14 3.59 2.77 8.40 1.39 4.26 0.73 3.06 1.26 8.69 5.44 8.99 4.84 5.54 9.82 3.93 8.01 8.20 7.67 8.02 
4.80 4.57 4.47 0.82 7.55 6.02 2.95 5.00 6.91 7.28 4.94 0.79 5.19 6.01 5.59 5.98 8.75 4.01 2.81 4.33 2.06 6.86 9.59 5.77 7.05 6.83 5.43 7.83 7.54 4.17 7.22 7.31 5.97 2.84 6.28 7.23 7.60 9.19 5.89 5.76 2.24 5.88 5.58 7.59 5.96 6.20 3.84 4.83 2.68 5.61 
9.05 7.83 6.25 5.00 4.97 9.63 6.37 7.99 8.38 7.35 3.62 3.55 2.30 3.64 1.32 1.84 11.22 1.77 7.09 7.41 3.00 6.85 7.33 2.75 10.29 9.36 1.22 5.21 10.47 8.23 6.20 7.25 9.08 1.52 7.66 6.77 9.19 11.75 7.66 2.04 3.84 1.99 4.90 6.36 1.71 9.71 0.91 9.09 1.66 2.38 
2.06 1.65 4.02 3.49 9.73 1.84 1.97 2.29 5.41 7.21 7.10 4.83 8.23 8.46 9.44 10.03 5.53 8.29 2.83 2.01 5.26 7.02 11.12 8.71 3.16 3.97 9.18 10.00 3.97 0.61 8.20 7.35 2.53 6.97 5.16 7.70 5.72 5.80 4.48 9.13 4.59 9.34 6.92 8.65 9.74 2.12 7.52 3.22 6.55 8.72 
12.03 8.74 6.18 9.06 2.31 10.43 8.44 8.35 6.04 3.52 4.04 8.26 4.80 3.46 6.84 7.82 9.21 8.84 11.07 8.27 6.92 3.42 1.05 4.39 10.09 8.22 6.51 2.19 9.59 10.61 1.98 3.31 9.10 7.86 5.70 2.68 6.55 9.76 6.31 5.37 6.74 5.62 3.43 1.53 6.65 10.26 6.49 12.79 7.22 4.78 
6.24 3.60 4.84 7.43 10.39 2.93 5.21 3.16 3.75 6.26 8.42 8.35 10.07 9.66 11.97 12.81 1.19 11.68 7.39 3.83 8.11 6.41 10.84 10.34 1.50 1.73 11.63 10.58 0.62 5.14 8.01 6.48 2.20 10.18 4.18 7.14 3.31 1.24 3.74 11.14 7.22 11.42 7.54 8.42 12.15 2.57 10.13 7.53 9.54 10.52 
3.46 2.13 2.88 1.71 7.89 3.64 0.54 2.61 5.04 6.15 5.19 2.80 6.17 6.52 7.31 7.92 6.39 6.28 2.59 1.95 3.14 5.85 9.52 6.67 4.60 4.51 7.06 8.17 5.11 2.25 6.72 6.25 3.53 4.89 4.55 6.41 5.61 6.79 3.99 7.03 2.50 7.24 5.25 7.16 7.62 3.78 5.39 4.13 4.44 6.65 
7.45 7.09 6.24 3.56 6.87 8.69 5.48 7.42 8.63 8.24 4.86 2.26 4.15 5.38 3.43 3.50 11.02 1.28 5.33 6.77 2.69 7.75 9.18 4.70 9.61 9.09 3.42 7.13 9.99 6.90 7.52 8.19 8.46 0.92 7.93 7.87 9.41 11.50 7.73 4.19 3.54 4.18 5.98 7.78 3.85 8.84 2.38 7.27 1.61 4.39 
3.70 1.37 3.74 5.00 9.74 0.70 2.91 1.44 4.21 6.43 7.33 6.13 8.75 8.68 10.31 11.04 3.64 9.58 4.74 1.83 6.20 6.37 10.75 9.14 1.29 2.30 10.01 9.98 2.05 2.49 7.79 6.61 0.80 8.15 4.20 7.11 4.29 3.88 3.51 9.75 5.37 10.00 6.81 8.24 10.57 0.55 8.40 4.97 7.61 9.23 
7.66 6.16 4.59 3.67 4.74 7.98 4.75 6.30 6.80 6.05 2.57 2.30 2.15 3.21 2.81 3.52 9.55 2.76 5.87 5.73 1.37 5.55 6.99 2.74 8.60 7.68 2.54 5.02 8.78 6.71 5.23 5.99 7.39 1.40 6.08 5.61 7.60 10.07 6.02 2.68 2.16 2.82 3.71 5.49 3.11 8.05 0.88 7.87 0.70 2.54 
8.99 6.25 3.80 5.61 2.36 8.13 5.46 6.07 5.10 3.47 0.46 4.70 1.95 1.20 4.26 5.28 8.32 5.59 7.72 5.75 3.35 2.98 4.21 1.99 8.24 6.74 3.88 2.64 8.07 7.69 2.24 3.34 7.07 4.41 4.44 2.79 5.87 8.89 4.73 2.98 3.29 3.29 1.05 2.46 4.26 8.06 3.19 9.58 3.71 2.27 
8.06 5.82 3.73 4.37 3.52 7.72 4.71 5.80 5.63 4.56 1.02 3.30 1.58 1.99 3.47 4.41 8.63 4.25 6.56 5.34 1.97 4.06 5.61 2.03 8.09 6.87 3.10 3.80 8.10 6.89 3.67 4.48 6.87 2.97 4.92 4.07 6.44 9.18 5.01 2.60 2.18 2.87 2.17 3.93 3.60 7.71 1.93 8.50 2.24 2.07 
10.62 8.90 6.90 6.60 3.70 10.77 7.61 8.93 8.67 7.12 3.50 5.18 1.75 2.80 0.91 1.84 11.77 3.46 8.77 8.43 4.30 6.64 6.00 1.76 11.23 10.03 0.71 3.87 11.27 9.65 5.60 6.98 10.01 3.37 7.98 6.36 9.46 12.33 8.14 0.70 4.97 0.39 4.72 5.62 0.66 10.80 2.13 10.78 3.28 1.41 
6.06 2.83 3.63 6.57 9.15 2.89 4.34 2.27 2.59 5.10 7.18 7.36 8.84 8.41 10.77 11.64 1.51 10.61 6.86 2.93 7.00 5.22 9.66 9.11 1.75 0.49 10.43 9.35 0.99 4.77 6.80 5.31 1.63 9.10 2.96 5.95 2.30 1.96 2.50 9.92 6.11 10.20 6.30 7.21 10.95 2.54 8.97 7.32 8.43 9.29 
7.84 7.01 5.83 3.82 5.93 8.72 5.46 7.26 8.14 7.53 4.02 2.37 3.20 4.45 2.66 2.94 10.72 1.35 5.81 6.64 2.28 7.03 8.25 3.75 9.52 8.82 2.58 6.19 9.81 7.13 6.68 7.46 8.34 0.21 7.43 7.09 8.94 11.23 7.31 3.27 3.18 3.28 5.19 6.92 3.06 8.84 1.43 7.80 0.90 3.44 
6.15 2.86 3.54 6.57 9.02 3.00 4.34 2.28 2.44 4.95 7.07 7.33 8.74 8.30 10.69 11.56 1.52 10.56 6.91 2.94 6.95 5.07 9.51 9.00 1.90 0.41 10.34 9.21 1.14 4.84 6.66 5.16 1.71 9.04 2.82 5.81 2.14 2.00 2.37 9.81 6.05 10.10 6.17 7.07 10.86 2.66 8.89 7.40 8.37 9.19 
7.07 5.75 4.40 3.06 5.29 7.53 4.27 5.94 6.71 6.21 2.95 1.68 2.76 3.74 3.32 3.94 9.32 2.78 5.24 5.34 0.91 5.72 7.49 3.35 8.23 7.42 3.09 5.57 8.46 6.16 5.56 6.16 7.02 1.28 6.00 5.86 7.51 9.83 5.88 3.30 1.79 3.44 3.98 5.85 3.65 7.61 1.43 7.25 0.54 3.16 
2.88 4.46 5.57 1.88 9.74 5.22 3.21 5.07 7.76 8.76 7.06 3.11 7.49 8.23 7.86 8.15 8.75 5.96 0.69 4.47 4.29 8.41 11.66 8.07 6.53 6.99 7.72 10.03 7.28 2.94 9.08 8.84 5.74 5.04 7.26 8.91 8.30 9.08 6.70 8.08 4.20 8.20 7.49 9.49 8.24 5.51 6.15 2.57 4.99 7.92 
8.34 7.40 6.06 4.31 5.62 9.14 5.87 7.61 8.32 7.54 3.92 2.86 2.89 4.19 2.13 2.44 11.00 1.27 6.33 7.00 2.59 7.04 7.96 3.41 9.89 9.11 2.07 5.87 10.15 7.60 6.57 7.46 8.70 0.72 7.60 7.04 9.12 11.51 7.52 2.83 3.48 2.81 5.15 6.78 2.54 9.24 1.16 8.33 1.16 3.08 
1.44 2.29 4.53 3.36 10.09 2.34 2.27 2.93 6.05 7.77 7.42 4.77 8.44 8.76 9.50 10.04 6.16 8.18 2.31 2.61 5.37 7.56 11.57 8.95 3.73 4.63 9.27 10.36 4.58 0.05 8.68 7.91 3.18 6.93 5.77 8.22 6.37 6.41 5.09 9.30 4.78 9.50 7.33 9.13 9.83 2.66 7.60 2.57 6.58 8.93 
9.22 6.96 4.74 5.46 2.61 8.85 5.88 6.89 6.38 4.89 1.20 4.28 0.55 1.08 2.84 3.86 9.51 4.36 7.67 6.47 3.02 4.40 4.88 0.86 9.16 7.83 2.46 2.88 9.10 8.06 3.56 4.76 7.95 3.39 5.69 4.20 7.17 10.08 5.89 1.63 3.34 1.93 2.45 3.70 2.85 8.83 1.98 9.63 2.81 0.98 
3.00 4.46 5.51 1.76 9.62 5.27 3.18 5.07 7.72 8.69 6.95 2.98 7.36 8.11 7.72 8.01 8.77 5.82 0.81 4.46 4.17 8.34 11.55 7.94 6.58 6.99 7.58 9.91 7.31 3.01 8.98 8.76 5.76 4.90 7.22 8.83 8.28 9.10 6.67 7.95 4.09 8.07 7.39 9.39 8.10 5.56 6.02 2.71 4.85 7.79 
0.10 3.79 6.05 4.14 11.45 3.35 3.69 4.42 7.55 9.30 8.75 5.60 9.63 10.07 10.44 10.87 7.36 8.81 2.27 4.13 6.44 9.08 13.02 10.16 4.78 6.00 10.25 11.73 5.72 1.58 10.16 9.43 4.50 7.72 7.30 9.73 7.84 7.52 6.61 10.40 5.98 10.58 8.77 10.61 10.80 3.71 8.60 1.26 7.50 10.10 
5.47 2.24 0.51 3.62 6.30 4.10 1.98 2.06 2.86 3.80 3.85 3.93 5.33 5.20 7.11 7.95 5.10 6.96 4.96 1.73 3.34 3.54 7.55 5.69 4.32 3.22 6.78 6.55 4.35 4.02 4.62 3.91 3.10 5.44 2.26 4.16 3.56 5.62 1.84 6.37 2.45 6.64 3.40 5.08 7.32 4.03 5.28 6.37 4.75 5.81 
6.15 3.29 4.40 7.11 9.94 2.85 4.88 2.81 3.33 5.84 7.98 7.99 9.63 9.21 11.54 12.39 1.17 11.29 7.18 3.48 7.71 5.98 10.41 9.90 1.48 1.28 11.20 10.14 0.49 4.98 7.57 6.05 1.93 9.79 3.74 6.71 2.93 1.42 3.29 10.70 6.82 10.98 7.10 7.98 11.72 2.49 9.71 7.43 9.14 10.08 
10.47 8.09 5.75 6.71 1.71 9.99 7.09 7.98 7.09 5.24 2.08 5.49 1.12 0.86 2.91 3.90 10.33 5.04 8.92 7.59 4.26 4.80 4.07 0.54 10.20 8.75 2.57 1.94 10.07 9.29 3.58 5.08 9.01 4.35 6.45 4.41 7.86 10.90 6.75 1.44 4.58 1.69 3.02 3.56 2.74 9.94 2.87 10.88 3.89 0.89 
10.67 7.25 4.73 8.02 3.03 8.88 7.12 6.81 4.40 1.89 3.49 7.44 4.78 3.51 7.05 8.08 7.59 8.65 9.90 6.79 6.13 1.82 2.68 4.55 8.48 6.60 6.69 3.07 7.96 9.22 0.83 1.68 7.52 7.46 4.09 1.08 4.92 8.14 4.72 5.62 5.77 5.91 2.46 0.68 6.95 8.69 6.25 11.51 6.74 4.93 
3.03 3.50 4.40 1.02 8.77 4.57 2.10 4.07 6.63 7.60 6.06 2.47 6.67 7.29 7.32 7.75 7.82 5.75 1.26 3.44 3.44 7.26 10.61 7.23 5.77 5.99 7.14 9.05 6.43 2.49 7.96 7.68 4.85 4.60 6.12 7.77 7.20 8.19 5.57 7.36 3.18 7.51 6.39 8.38 7.68 4.81 5.50 3.20 4.38 7.12 
2.05 1.84 4.36 4.05 10.18 1.42 2.49 2.40 5.53 7.47 7.57 5.39 8.75 8.94 9.99 10.60 5.31 8.86 3.23 2.28 5.82 7.31 11.50 9.22 2.82 3.89 9.74 10.44 3.70 0.90 8.55 7.62 2.40 7.54 5.35 8.01 5.76 5.52 4.65 9.66 5.13 9.88 7.33 9.01 10.30 1.74 8.07 3.30 7.12 9.24 
3.69 2.25 2.77 1.62 7.66 3.83 0.62 2.69 4.99 6.01 4.96 2.62 5.93 6.29 7.08 7.70 6.46 6.09 2.72 2.02 2.90 5.69 9.31 6.43 4.75 4.56 6.82 7.94 5.22 2.49 6.53 6.10 3.65 4.69 4.47 6.25 5.59 6.88 3.94 6.79 2.26 7.00 5.05 6.97 7.38 3.97 5.16 4.33 4.22 6.41 
10.76 8.17 5.72 7.12 0.98 10.05 7.29 8.00 6.82 4.80 2.15 5.98 1.77 0.79 3.64 4.62 10.10 5.76 9.32 7.66 4.70 4.38 3.34 1.25 10.16 8.61 3.31 1.22 9.95 9.52 3.03 4.61 8.99 5.01 6.22 3.91 7.56 10.67 6.58 2.17 4.91 2.42 2.78 2.94 3.45 9.98 3.54 11.24 4.49 1.62 
10.78 8.14 5.67 7.18 0.82 10.02 7.30 7.96 6.72 4.66 2.15 6.07 1.91 0.82 3.82 4.80 10.01 5.92 9.37 7.64 4.77 4.25 3.18 1.41 10.10 8.53 3.49 1.08 9.88 9.53 2.87 4.47 8.94 5.14 6.12 3.77 7.45 10.58 6.50 2.35 4.95 2.59 2.70 2.78 3.63 9.94 3.68 11.29 4.61 1.78 
7.81 4.23 3.70 7.49 8.10 4.81 5.40 3.58 1.45 3.68 6.63 7.95 8.37 7.67 10.53 11.48 2.06 10.85 8.26 4.11 7.27 3.95 8.20 8.52 3.75 1.92 10.16 8.25 2.89 6.41 5.55 3.90 3.42 9.34 2.15 4.62 0.67 2.60 2.21 9.45 6.40 9.76 5.51 5.90 10.63 4.48 8.89 9.02 8.61 8.77 
4.26 4.40 4.64 0.59 8.09 5.72 2.81 4.89 7.04 7.60 5.45 1.38 5.77 6.56 6.17 6.53 8.67 4.49 2.23 4.23 2.60 7.20 10.09 6.35 6.82 6.77 6.01 8.38 7.38 3.74 7.65 7.64 5.80 3.39 6.44 7.61 7.69 9.08 6.00 6.35 2.67 6.47 6.02 8.04 6.55 5.93 4.43 4.24 3.27 6.20 
7.66 4.00 3.18 7.07 7.53 4.81 5.03 3.35 0.85 3.16 6.03 7.46 7.77 7.08 9.93 10.88 2.56 10.30 7.96 3.81 6.72 3.40 7.71 7.92 3.89 1.95 9.56 7.69 3.13 6.22 5.00 3.38 3.37 8.79 1.56 4.08 0.13 3.12 1.69 8.86 5.87 9.16 4.91 5.37 10.03 4.50 8.31 8.84 8.05 8.17 
7.00 3.92 4.54 7.66 9.72 3.73 5.43 3.36 2.97 5.43 7.95 8.42 9.65 9.12 11.66 12.55 0.44 11.62 7.92 4.02 8.01 5.64 9.99 9.87 2.38 1.49 11.31 9.89 1.39 5.77 7.25 5.65 2.65 10.10 3.52 6.34 2.40 0.97 3.23 10.73 7.11 11.03 6.96 7.63 11.82 3.36 9.90 8.27 9.42 10.08 
6.25 3.52 4.70 7.35 10.24 2.94 5.13 3.07 3.60 6.11 8.28 8.26 9.93 9.51 11.84 12.68 1.11 11.58 7.36 3.74 8.00 6.26 10.68 10.20 1.52 1.58 11.50 10.43 0.58 5.13 7.85 6.32 2.14 10.08 4.03 6.99 3.16 1.24 3.59 11.00 7.11 11.29 7.39 8.26 12.02 2.58 10.01 7.54 9.43 10.38 
10.08 6.73 4.18 7.36 2.85 8.41 6.51 6.32 4.13 1.70 2.87 6.77 4.26 3.05 6.56 7.59 7.39 8.05 9.26 6.26 5.47 1.46 3.04 4.08 8.09 6.26 6.19 2.95 7.64 8.64 0.25 1.48 7.08 6.83 3.72 0.75 4.73 7.95 4.31 5.16 5.10 5.45 1.79 0.54 6.49 8.23 5.65 10.90 6.10 4.45 
8.99 7.89 6.39 4.94 5.26 9.67 6.40 8.07 8.55 7.58 3.87 3.49 2.58 3.92 1.46 1.82 11.35 1.48 6.99 7.48 3.05 7.08 7.62 3.04 10.36 9.48 1.43 5.50 10.57 8.20 6.46 7.49 9.16 1.39 7.83 7.02 9.36 11.88 7.81 2.31 3.91 2.24 5.14 6.63 1.87 9.76 1.10 8.99 1.66 2.67 
5.73 2.61 3.67 6.40 9.32 2.53 4.17 2.09 2.87 5.36 7.28 7.25 8.91 8.54 10.80 11.64 1.72 10.54 6.59 2.76 6.96 5.45 9.91 9.20 1.40 0.64 10.46 9.53 0.74 4.46 7.02 5.57 1.33 9.04 3.18 6.19 2.63 2.10 2.66 9.98 6.06 10.26 6.44 7.44 10.99 2.18 8.97 6.99 8.39 9.37 
9.20 8.13 6.63 5.16 5.34 9.91 6.64 8.31 8.79 7.78 4.06 3.70 2.71 4.04 1.33 1.59 11.59 1.43 7.18 7.72 3.30 7.28 7.70 3.13 10.61 9.73 1.36 5.57 10.82 8.43 6.63 7.69 9.40 1.58 8.07 7.20 9.59 12.12 8.05 2.33 4.16 2.23 5.34 6.78 1.75 10.00 1.32 9.18 1.90 2.75 
5.33 1.65 2.08 5.05 7.92 2.78 2.87 1.00 2.18 4.35 5.73 5.75 7.32 7.02 9.18 10.02 3.11 8.97 5.66 1.52 5.36 4.32 8.74 7.63 2.45 1.18 8.84 8.14 2.30 3.88 5.79 4.54 1.38 7.45 2.11 5.06 2.44 3.60 1.43 8.39 4.47 8.66 4.99 6.23 9.37 2.56 7.35 6.49 6.79 7.79 
10.71 8.54 6.29 6.84 2.30 10.44 7.44 8.47 7.76 5.97 2.64 5.53 1.18 1.58 2.28 3.24 10.97 4.61 9.05 8.05 4.40 5.52 4.62 0.73 10.73 9.34 1.98 2.49 10.64 9.60 4.32 5.81 9.52 4.12 7.10 5.15 8.54 11.54 7.37 0.85 4.85 1.04 3.70 4.30 2.06 10.41 2.66 11.04 3.78 0.71 
