5.70 3.47 6.55 10.97 1.63 4.49 9.46 7.44 2.73 10.34 7.33 2.43 9.98 4.22 5.33 10.27 5.62 2.73 8.17 7.07 10.04 2.89 3.65 9.27 5.34 6.21 9.17 4.20 8.19 10.05 2.53 5.94 6.77 11.13 6.66 4.31 10.16 0.35 10.14 8.49 
7.28 8.10 6.67 2.90 8.20 5.72 4.55 5.10 7.47 2.11 6.58 9.87 3.17 8.59 6.13 3.42 7.85 8.54 3.33 6.91 3.06 6.90 6.00 3.87 4.94 4.87 6.21 6.08 4.79 3.13 7.72 4.17 4.63 1.91 6.38 5.93 1.92 9.65 1.55 2.24 
0.57 7.66 1.36 7.49 5.75 3.18 5.00 3.06 6.26 7.24 1.98 7.89 6.26 8.62 7.86 6.41 0.21 3.11 8.59 1.57 6.38 5.52 4.85 5.20 3.38 7.75 3.90 3.02 9.54 6.35 6.32 6.64 3.21 8.39 1.64 6.45 7.17 6.12 7.37 8.15 
4.86 9.64 3.88 2.51 8.67 5.15 0.26 2.30 8.48 2.67 3.33 10.83 1.37 10.43 8.47 1.35 5.36 7.44 7.01 3.77 1.51 7.67 6.60 0.57 4.36 7.57 2.05 5.41 8.44 1.45 8.68 6.41 2.84 3.83 3.61 7.55 2.72 9.77 3.09 6.04 
2.59 5.38 3.51 8.80 3.27 2.52 6.81 4.71 4.04 8.32 4.29 5.29 7.66 6.33 6.18 7.90 2.47 0.47 7.90 3.98 7.75 3.46 3.24 6.77 3.31 6.48 6.20 2.16 8.48 7.74 4.03 5.64 4.28 9.32 3.66 4.77 8.19 3.44 8.27 7.80 
3.34 8.19 2.45 3.70 7.07 3.52 1.51 0.73 6.97 3.48 2.13 9.26 2.47 9.03 7.27 2.65 3.88 5.78 6.42 2.52 2.58 6.14 5.09 1.45 2.77 6.54 2.03 3.76 7.74 2.56 7.15 5.32 1.20 4.67 2.16 6.19 3.43 8.12 3.69 5.60 
6.85 8.48 6.16 2.10 8.36 5.58 3.75 4.52 7.72 1.27 5.99 10.15 2.33 9.03 6.63 2.57 7.42 8.40 4.08 6.35 2.21 7.09 6.12 3.08 4.75 5.42 5.46 5.94 5.55 2.28 7.97 4.58 4.18 1.43 5.87 6.27 1.08 9.77 0.73 2.98 
4.69 7.03 4.10 3.28 6.48 3.40 2.94 2.64 6.04 2.61 4.09 8.47 2.49 7.74 5.63 2.82 5.25 6.19 4.26 4.38 2.50 5.30 4.25 2.34 2.54 4.68 4.17 3.75 5.62 2.53 6.26 3.53 2.05 3.50 3.82 4.85 2.44 7.80 2.46 3.41 
5.25 2.06 5.81 9.00 0.86 3.03 7.94 6.14 0.67 8.29 6.51 2.80 8.14 3.02 3.06 8.45 5.42 3.22 5.71 6.38 8.17 0.46 1.47 7.61 3.70 3.79 8.08 2.92 5.80 8.20 0.73 3.49 5.29 8.96 5.80 1.88 8.10 2.37 8.02 6.05 
7.23 6.93 6.78 4.15 7.26 5.25 5.35 5.40 6.43 3.32 6.84 8.77 4.19 7.35 4.86 4.48 7.77 8.01 2.02 7.11 4.11 5.94 5.15 4.66 4.59 3.58 6.84 5.61 3.49 4.17 6.68 3.03 4.73 3.24 6.51 4.82 3.12 8.75 2.78 0.93 
4.43 6.01 4.05 4.29 5.49 2.63 3.79 2.93 5.01 3.58 4.23 7.45 3.51 6.73 4.69 3.84 4.98 5.45 3.82 4.44 3.52 4.28 3.25 3.25 1.85 3.84 4.75 2.99 5.05 3.56 5.24 2.64 2.08 4.35 3.81 3.83 3.39 6.84 3.35 3.18 
9.13 4.92 9.09 8.10 6.39 6.52 8.89 8.25 5.28 7.27 9.45 6.90 8.02 4.82 2.69 8.33 9.57 8.52 1.93 9.58 7.95 5.33 5.24 8.25 6.35 2.00 10.07 6.76 0.50 8.01 5.48 3.04 7.35 7.13 8.91 3.83 7.06 7.82 6.73 3.03 
3.03 8.79 2.03 4.28 7.49 3.94 1.63 0.84 7.51 4.22 1.46 9.71 3.05 9.67 8.06 3.14 3.50 5.81 7.37 1.89 3.19 6.68 5.66 1.95 3.33 7.40 1.16 4.11 8.67 3.14 7.67 6.18 1.79 5.42 1.78 6.90 4.20 8.40 4.50 6.57 
9.51 3.22 9.75 10.23 5.27 6.86 10.47 9.35 4.21 9.39 10.28 4.96 9.91 2.68 2.15 10.24 9.83 8.02 4.32 10.29 9.86 4.67 5.13 9.90 7.03 2.89 11.32 6.97 3.15 9.92 4.32 4.05 8.39 9.46 9.63 3.52 9.17 6.41 8.90 5.36 
2.83 8.09 1.92 4.23 6.85 3.29 1.89 0.22 6.82 4.02 1.61 9.06 2.99 8.96 7.32 3.16 3.36 5.37 6.71 1.99 3.11 5.99 4.96 1.95 2.63 6.68 1.90 3.49 7.98 3.08 6.99 5.45 1.06 5.20 1.62 6.18 3.97 7.82 4.22 5.95 
5.77 3.04 6.58 10.78 1.24 4.36 9.37 7.38 2.31 10.12 7.36 2.11 9.82 3.80 4.90 10.11 5.74 2.89 7.79 7.11 9.87 2.54 3.37 9.14 5.19 5.81 9.16 4.10 7.77 9.88 2.10 5.58 6.66 10.89 6.67 3.92 9.94 0.29 9.91 8.14 
2.59 9.82 2.07 6.82 8.06 4.99 4.06 3.01 8.44 6.85 1.62 10.24 5.63 10.77 9.67 5.66 2.63 5.54 9.67 1.52 5.77 7.64 6.81 4.54 4.80 9.29 2.36 4.96 10.84 5.72 8.53 8.09 3.78 8.05 2.19 8.33 6.85 8.53 7.15 8.99 
7.41 10.01 6.57 0.75 9.72 6.66 3.39 4.85 9.17 0.69 6.21 11.62 1.78 10.60 8.23 1.81 7.97 9.39 5.66 6.62 1.64 8.49 7.48 2.86 5.79 7.04 5.18 7.00 7.11 1.69 9.41 6.16 4.83 0.76 6.27 7.79 0.85 11.07 0.94 4.56 
2.63 9.48 1.76 5.71 7.89 4.56 2.95 2.06 8.13 5.74 1.01 10.11 4.51 10.41 9.08 4.55 2.89 5.68 8.78 1.23 4.65 7.30 6.38 3.43 4.19 8.58 1.33 4.61 10.02 4.60 8.25 7.36 2.93 6.94 1.72 7.81 5.74 8.55 6.05 8.04 
2.63 9.58 1.81 5.91 7.95 4.66 3.15 2.25 8.22 5.95 1.11 10.17 4.72 10.51 9.22 4.75 2.86 5.68 8.97 1.26 4.86 7.40 6.49 3.64 4.33 8.74 1.50 4.70 10.20 4.81 8.34 7.52 3.10 7.15 1.81 7.94 5.95 8.58 6.26 8.24 
7.66 3.05 7.79 8.19 4.42 5.00 8.34 7.27 3.30 7.35 8.27 5.05 7.80 3.17 0.74 8.13 8.05 6.67 2.70 8.32 7.76 3.39 3.46 7.77 5.04 0.78 9.22 5.17 2.20 7.82 3.50 1.92 6.32 7.53 7.65 1.92 7.13 5.84 6.89 3.56 
3.96 3.62 4.70 8.97 1.54 2.46 7.44 5.44 2.30 8.37 5.46 3.69 7.96 4.57 4.62 8.25 4.02 1.57 6.83 5.24 8.02 1.83 2.02 7.24 3.32 5.13 7.22 2.18 7.17 8.03 2.27 4.52 4.74 9.21 4.76 3.28 8.20 2.19 8.20 6.94 
7.43 5.51 7.21 5.78 6.20 5.05 6.57 6.13 5.24 4.94 7.44 7.43 5.65 5.81 3.30 5.96 7.94 7.54 0.60 7.64 5.58 4.92 4.36 5.91 4.62 2.00 7.84 5.36 1.96 5.64 5.49 1.88 5.29 4.93 6.98 3.57 4.73 7.72 4.42 0.86 
1.37 5.95 1.93 6.97 4.21 1.37 4.95 2.85 4.56 6.53 2.69 6.43 5.81 6.90 6.03 6.04 1.70 2.31 6.93 2.49 5.90 3.77 3.03 4.90 1.79 5.94 4.49 1.18 7.78 5.89 4.65 4.87 2.43 7.58 1.99 4.62 6.41 4.91 6.52 6.60 
1.84 9.12 1.49 6.96 7.31 4.34 4.24 2.82 7.72 6.89 1.34 9.48 5.73 10.07 9.06 5.81 1.85 4.76 9.27 1.04 5.87 6.94 6.14 4.63 4.25 8.75 2.72 4.29 10.38 5.83 7.81 7.57 3.43 8.09 1.69 7.69 6.86 7.75 7.14 8.66 
2.07 6.27 1.86 5.54 4.93 1.38 3.71 1.74 4.96 5.09 2.33 7.15 4.41 7.17 5.80 4.66 2.62 3.67 5.99 2.37 4.49 4.13 3.14 3.56 0.92 5.41 3.67 1.57 7.04 4.49 5.12 4.22 1.04 6.13 1.70 4.52 4.96 5.92 5.08 5.50 
4.55 2.88 4.96 7.85 1.93 2.06 6.83 5.10 1.58 7.15 5.61 3.93 6.99 3.79 2.99 7.31 4.82 3.21 4.99 5.53 7.02 0.76 0.32 6.48 2.62 3.32 7.07 2.05 5.35 7.05 1.76 2.69 4.21 7.85 4.91 1.57 6.96 3.36 6.89 5.17 
6.17 10.14 5.23 1.15 9.45 6.05 1.68 3.56 9.10 1.58 4.73 11.52 0.62 10.85 8.69 0.29 6.69 8.56 6.69 5.16 0.65 8.33 7.27 1.40 5.20 7.64 3.42 6.35 8.16 0.60 9.32 6.57 3.86 2.60 4.94 7.96 1.73 10.66 2.12 5.63 
5.34 2.02 5.94 9.24 0.60 3.21 8.15 6.33 0.69 8.54 6.65 2.58 8.38 2.97 3.22 8.69 5.49 3.18 5.95 6.50 8.41 0.72 1.71 7.83 3.91 4.00 8.25 3.08 6.00 8.43 0.66 3.74 5.49 9.22 5.94 2.10 8.35 2.12 8.27 6.30 
5.85 9.98 4.91 1.43 9.23 5.80 1.36 3.25 8.92 1.76 4.41 11.32 0.58 10.71 8.59 0.32 6.37 8.28 6.71 4.84 0.67 8.14 7.07 1.09 4.96 7.57 3.12 6.10 8.17 0.60 9.13 6.47 3.59 2.85 4.63 7.81 1.88 10.42 2.27 5.66 
0.65 6.94 0.90 6.52 5.24 2.15 4.24 2.16 5.56 6.19 1.68 7.46 5.31 7.89 6.87 5.50 1.20 3.13 7.39 1.46 5.42 4.76 3.94 4.31 2.20 6.65 3.54 2.09 8.38 5.40 5.66 5.50 2.07 7.31 1.00 5.50 6.10 5.90 6.27 6.93 
8.87 4.84 8.82 7.86 6.24 6.27 8.62 7.98 5.13 7.02 9.18 6.83 7.75 4.80 2.57 8.07 9.32 8.31 1.70 9.31 7.69 5.15 5.02 7.98 6.09 1.78 9.80 6.51 0.40 7.75 5.34 2.78 7.07 6.91 8.64 3.64 6.81 7.68 6.49 2.79 
3.64 8.28 2.76 3.39 7.23 3.70 1.33 1.04 7.08 3.18 2.43 9.40 2.17 9.10 7.28 2.35 4.19 6.03 6.28 2.82 2.28 6.27 5.20 1.17 2.92 6.50 2.14 3.96 7.63 2.26 7.27 5.29 1.39 4.36 2.46 6.25 3.13 8.31 3.39 5.43 
7.30 3.62 8.16 12.39 2.67 6.00 11.01 9.02 3.49 11.72 8.94 1.81 11.45 4.06 5.84 11.75 7.21 4.30 9.00 8.67 11.50 3.97 4.91 10.79 6.83 6.94 10.77 5.74 8.78 11.51 3.24 6.92 8.31 12.45 8.26 5.16 11.54 1.39 11.49 9.48 
3.63 3.69 4.11 7.68 2.22 1.34 6.34 4.46 2.32 7.04 4.80 4.42 6.71 4.64 3.94 7.01 3.88 2.42 5.63 4.68 6.76 1.51 0.91 6.07 2.11 4.14 6.38 1.21 6.15 6.78 2.44 3.34 3.65 7.86 4.10 2.51 6.87 3.38 6.86 5.65 
8.75 5.03 8.67 7.54 6.34 6.18 8.36 7.77 5.24 6.70 9.00 7.03 7.46 5.04 2.74 7.77 9.21 8.30 1.37 9.14 7.39 5.21 5.01 7.71 5.95 1.80 9.56 6.43 0.24 7.45 5.46 2.67 6.88 6.57 8.47 3.70 6.50 7.80 6.17 2.46 
5.86 9.85 4.92 1.33 9.13 5.72 1.44 3.24 8.80 1.60 4.44 11.21 0.39 10.57 8.43 0.17 6.38 8.23 6.52 4.87 0.49 8.03 6.96 1.08 4.87 7.40 3.22 6.02 7.99 0.42 9.01 6.32 3.53 2.70 4.64 7.67 1.70 10.33 2.10 5.48 
4.03 5.73 3.72 4.68 5.08 2.13 3.92 2.78 4.67 4.01 3.98 7.09 3.83 6.49 4.58 4.15 4.56 4.95 4.09 4.15 3.86 3.91 2.85 3.44 1.37 3.86 4.69 2.49 5.24 3.88 4.88 2.63 1.86 4.83 3.50 3.60 3.83 6.40 3.82 3.55 
7.55 2.62 8.32 12.03 2.32 5.87 10.88 8.97 2.82 11.32 9.08 0.69 11.17 2.96 4.91 11.48 7.54 4.70 8.18 8.86 11.20 3.46 4.50 10.59 6.64 6.08 10.82 5.67 7.83 11.22 2.57 6.21 8.19 11.96 8.38 4.42 11.12 1.69 11.04 8.74 
7.81 0.78 8.38 10.99 2.47 5.57 10.31 8.63 1.97 10.21 9.08 1.45 10.29 0.85 3.01 10.61 7.96 5.47 6.38 8.95 10.29 2.80 3.81 9.90 6.15 4.28 10.60 5.48 5.84 10.33 1.84 4.71 7.73 10.68 8.37 3.00 10.00 3.10 9.85 7.08 
8.34 1.95 8.66 9.82 3.95 5.74 9.73 8.42 2.89 8.99 9.24 3.82 9.35 1.63 1.28 9.68 8.64 6.72 4.38 9.22 9.32 3.39 3.95 9.20 6.02 2.47 10.42 5.81 3.58 9.37 2.99 3.40 7.47 9.23 8.57 2.40 8.77 5.12 8.55 5.28 
4.90 6.58 4.40 3.65 6.16 3.30 3.51 3.06 5.64 2.92 4.48 8.09 2.98 7.26 5.10 3.32 5.46 6.12 3.73 4.74 2.97 4.94 3.92 2.90 2.49 4.12 4.70 3.66 5.07 3.01 5.88 2.99 2.36 3.66 4.14 4.37 2.72 7.53 2.67 2.93 
3.73 9.36 2.72 3.81 8.13 4.58 1.05 1.46 8.11 3.87 2.08 10.35 2.62 10.22 8.50 2.65 4.18 6.52 7.55 2.52 2.76 7.28 6.24 1.56 3.91 7.77 0.90 4.77 8.91 2.71 8.28 6.55 2.32 5.07 2.48 7.41 3.89 9.08 4.22 6.68 
1.38 8.67 1.33 7.21 6.82 3.99 4.54 2.91 7.28 7.08 1.49 8.98 5.97 9.63 8.72 6.07 1.30 4.21 9.12 1.08 6.10 6.51 5.76 4.88 4.00 8.48 3.15 3.90 10.17 6.06 7.35 7.32 3.38 8.27 1.60 7.33 7.04 7.22 7.29 8.56 
6.56 9.72 5.69 0.53 9.24 6.02 2.45 3.97 8.78 0.57 5.30 11.22 0.84 10.37 8.10 0.91 7.11 8.68 5.84 5.71 0.70 8.05 7.01 1.93 5.14 6.97 4.25 6.35 7.32 0.76 9.01 5.99 4.04 1.64 5.39 7.51 0.74 10.53 1.12 4.76 
5.00 2.33 5.58 8.95 0.82 2.86 7.81 5.97 0.95 8.26 6.29 2.92 8.07 3.29 3.32 8.38 5.16 2.93 5.87 6.15 8.10 0.59 1.43 7.50 3.57 3.99 7.90 2.72 6.02 8.12 0.99 3.62 5.14 8.96 5.58 2.08 8.07 2.27 8.01 6.16 
2.00 8.11 1.02 5.14 6.65 3.18 2.63 0.79 6.78 4.97 0.70 8.88 3.91 9.02 7.61 4.04 2.49 4.81 7.38 1.04 4.03 5.95 4.98 2.83 2.74 7.11 1.92 3.29 8.57 4.00 6.92 5.89 1.48 6.15 0.75 6.36 4.92 7.47 5.17 6.69 
1.61 6.09 1.74 6.21 4.56 1.19 4.28 2.21 4.73 5.77 2.38 6.79 5.07 7.02 5.88 5.31 2.10 3.02 6.43 2.30 5.15 3.91 3.02 4.18 1.22 5.64 4.00 1.22 7.38 5.15 4.86 4.50 1.68 6.82 1.68 4.53 5.65 5.42 5.77 6.02 
4.57 2.82 5.21 8.94 0.94 2.63 7.65 5.74 1.47 8.28 5.95 3.17 8.00 3.78 3.82 8.30 4.70 2.40 6.22 5.78 8.05 1.03 1.55 7.37 3.41 4.42 7.62 2.43 6.45 8.06 1.47 3.94 4.95 9.04 5.24 2.53 8.09 2.14 8.06 6.44 
8.78 1.72 9.19 10.75 3.91 6.27 10.53 9.11 3.00 9.93 9.82 3.22 10.23 0.95 2.20 10.56 9.02 6.85 5.38 9.76 10.21 3.68 4.44 10.03 6.65 3.45 11.11 6.29 4.52 10.26 3.02 4.30 8.16 10.20 9.13 3.05 9.71 4.84 9.49 6.27 
8.86 10.96 8.02 2.01 10.88 7.98 4.77 6.30 10.24 2.11 7.66 12.67 3.20 11.47 9.01 3.17 9.42 10.76 6.08 8.07 3.06 9.61 8.64 4.29 7.12 7.75 6.55 8.33 7.46 3.10 10.49 7.04 6.25 1.10 7.72 8.76 2.22 12.28 2.12 5.02 
7.05 8.90 6.31 1.74 8.75 5.90 3.67 4.63 8.13 0.96 6.09 10.56 2.15 9.46 7.06 2.35 7.61 8.70 4.47 6.46 2.02 7.48 6.51 3.02 5.05 5.85 5.42 6.26 5.93 2.09 8.37 5.01 4.38 1.03 6.01 6.69 0.80 10.15 0.40 3.37 
6.86 7.08 6.37 3.72 7.25 5.02 4.84 4.95 6.48 2.88 6.40 8.86 3.70 7.55 5.10 4.00 7.42 7.81 2.47 6.69 3.62 5.94 5.09 4.16 4.31 3.85 6.35 5.37 3.94 3.68 6.73 3.14 4.32 2.92 6.10 4.91 2.67 8.72 2.35 1.39 
7.03 2.71 7.19 7.98 3.83 4.36 7.93 6.74 2.73 7.15 7.69 4.68 7.50 3.03 0.57 7.83 7.40 6.00 2.95 7.73 7.47 2.75 2.79 7.38 4.45 0.84 8.72 4.52 2.73 7.52 2.95 1.55 5.79 7.44 7.06 1.26 6.94 5.29 6.72 3.65 
4.04 9.81 3.03 3.84 8.57 5.01 1.09 1.89 8.55 3.99 2.34 10.78 2.70 10.66 8.94 2.68 4.47 6.90 7.92 2.76 2.85 7.72 6.68 1.72 4.35 8.18 0.71 5.20 9.29 2.79 8.72 6.97 2.77 5.17 2.81 7.85 4.03 9.49 4.38 7.02 
7.13 4.00 7.11 6.95 4.89 4.52 7.24 6.37 3.85 6.11 7.50 5.94 6.60 4.30 1.78 6.93 7.57 6.65 1.69 7.61 6.56 3.67 3.36 6.64 4.36 0.49 8.26 4.76 1.92 6.62 4.09 1.03 5.44 6.28 6.93 2.21 5.89 6.39 5.64 2.37 
8.19 7.14 7.78 4.87 7.75 6.10 6.32 6.42 6.83 4.08 7.86 9.06 5.08 7.44 4.93 5.35 8.73 8.79 1.64 8.12 4.98 6.44 5.77 5.63 5.50 3.63 7.85 6.44 2.95 5.05 7.08 3.41 5.74 3.73 7.52 5.17 3.89 9.26 3.52 0.85 
6.84 9.61 6.00 0.67 9.24 6.12 2.89 4.28 8.73 0.18 5.65 11.17 1.28 10.23 7.91 1.38 7.39 8.84 5.51 6.06 1.13 8.02 7.00 2.33 5.24 6.75 4.69 6.46 6.98 1.20 8.96 5.81 4.25 1.19 5.70 7.39 0.40 10.57 0.71 4.42 
7.77 7.70 7.25 3.84 8.04 5.94 5.44 5.77 7.21 3.06 7.24 9.54 4.11 8.09 5.59 4.37 8.33 8.72 2.53 7.54 4.00 6.72 5.92 4.75 5.24 4.29 7.05 6.30 3.93 4.07 7.46 3.80 5.20 2.71 6.98 5.60 2.88 9.53 2.50 1.48 
7.35 2.64 7.53 8.27 3.95 4.69 8.27 7.10 2.84 7.44 8.04 4.63 7.82 2.84 0.33 8.15 7.72 6.25 3.04 8.07 7.79 2.94 3.08 7.72 4.80 0.97 9.07 4.84 2.65 7.84 3.04 1.87 6.14 7.70 7.40 1.50 7.23 5.38 7.00 3.82 
1.63 5.67 2.22 7.10 3.92 1.21 5.16 3.08 4.28 6.64 2.97 6.14 5.97 6.62 5.80 6.21 1.92 2.12 6.81 2.77 6.05 3.50 2.78 5.08 1.77 5.76 4.75 0.97 7.63 6.05 4.37 4.71 2.58 7.66 2.27 4.39 6.51 4.64 6.61 6.53 
9.38 5.24 9.32 8.12 6.72 6.79 9.01 8.43 5.60 7.29 9.66 7.22 8.08 5.12 3.02 8.39 9.83 8.82 1.95 9.80 8.01 5.65 5.54 8.36 6.59 2.30 10.23 7.03 0.48 8.07 5.81 3.29 7.54 7.09 9.13 4.14 7.08 8.14 6.75 3.04 
4.88 5.26 4.65 4.95 4.98 2.66 4.65 3.71 4.38 4.19 4.93 6.82 4.29 5.94 3.83 4.62 5.39 5.41 3.16 5.09 4.29 3.71 2.75 4.11 2.09 2.98 5.59 3.01 4.29 4.33 4.61 1.77 2.81 4.80 4.43 3.06 3.98 6.41 3.87 2.73 
5.20 4.03 5.20 6.18 3.96 2.61 5.81 4.61 3.23 5.40 5.63 5.65 5.53 4.70 2.67 5.86 5.64 4.99 3.06 5.71 5.53 2.65 1.87 5.30 2.44 2.07 6.57 2.88 3.81 5.57 3.47 0.90 3.65 5.93 5.04 1.82 5.20 5.45 5.06 3.07 
3.11 4.30 3.84 8.32 2.35 1.78 6.65 4.62 2.92 7.75 4.60 4.54 7.26 5.26 4.96 7.54 3.21 1.28 6.76 4.38 7.33 2.27 2.02 6.49 2.65 5.26 6.38 1.45 7.27 7.34 2.95 4.47 3.97 8.66 3.90 3.54 7.60 3.02 7.63 6.74 
5.72 8.73 4.92 1.55 8.21 5.00 2.20 3.20 7.77 1.03 4.63 10.20 0.93 9.41 7.19 1.25 6.28 7.70 5.20 5.02 0.87 7.03 5.99 1.53 4.13 6.12 3.92 5.34 6.67 0.93 7.99 5.07 3.12 2.18 4.62 6.53 0.94 9.50 1.20 4.17 
7.97 3.62 8.04 7.98 4.98 5.32 8.32 7.39 3.87 7.14 8.47 5.62 7.68 3.69 1.32 8.00 8.38 7.15 2.23 8.55 7.63 3.91 3.89 7.73 5.27 0.77 9.31 5.51 1.61 7.69 4.08 2.00 6.45 7.23 7.88 2.42 6.92 6.42 6.65 3.17 
2.09 8.72 1.11 5.50 7.16 3.79 2.83 1.42 7.37 5.42 0.33 9.39 4.27 9.64 8.31 4.36 2.46 5.08 8.09 0.73 4.41 6.54 5.61 3.17 3.42 7.83 1.62 3.85 9.30 4.37 7.50 6.61 2.21 6.62 0.99 7.03 5.39 7.88 5.67 7.39 
8.49 6.99 8.11 5.35 7.73 6.30 6.78 6.81 6.77 4.56 8.22 8.94 5.56 7.23 4.73 5.83 9.02 8.93 1.36 8.48 5.46 6.44 5.83 6.09 5.75 3.44 8.28 6.64 2.55 5.53 7.02 3.40 6.09 4.19 7.86 5.10 4.37 9.25 4.00 0.94 
2.51 6.72 2.02 4.84 5.52 1.97 3.06 1.24 5.46 4.41 2.25 7.72 3.70 7.59 6.03 3.95 3.08 4.37 5.82 2.42 3.79 4.63 3.59 2.87 1.26 5.48 3.24 2.21 6.97 3.78 5.63 4.26 0.35 5.49 1.78 4.83 4.30 6.57 4.44 5.21 
3.87 3.83 4.14 6.92 2.85 1.22 5.83 4.12 2.58 6.24 4.74 4.93 6.02 4.72 3.51 6.33 4.23 3.27 4.78 4.70 6.06 1.76 0.70 5.48 1.63 3.47 6.10 1.35 5.40 6.08 2.77 2.52 3.22 7.01 4.06 2.13 6.06 4.17 6.02 4.74 
0.55 6.93 0.97 6.65 5.19 2.18 4.36 2.29 5.54 6.32 1.76 7.41 5.44 7.87 6.90 5.63 1.09 3.03 7.47 1.51 5.55 4.75 3.95 4.44 2.27 6.70 3.64 2.09 8.45 5.53 5.64 5.56 2.20 7.44 1.10 5.52 6.23 5.82 6.40 7.02 
4.88 3.42 5.04 6.85 3.12 2.21 6.20 4.74 2.45 6.10 5.57 4.89 6.11 4.19 2.56 6.44 5.27 4.26 3.80 5.59 6.12 1.82 1.03 5.75 2.33 2.39 6.74 2.40 4.34 6.15 2.69 1.50 3.79 6.71 4.92 1.33 5.90 4.60 5.80 3.91 
6.78 3.88 6.77 6.82 4.64 4.17 7.00 6.06 3.63 5.99 7.17 5.80 6.42 4.26 1.78 6.75 7.22 6.32 1.91 7.27 6.39 3.39 3.03 6.42 4.02 0.61 7.97 4.41 2.26 6.44 3.87 0.69 5.13 6.22 6.60 1.97 5.77 6.14 5.54 2.45 
7.31 0.42 7.87 10.51 2.04 5.04 9.79 8.10 1.45 9.74 8.56 1.58 9.79 1.08 2.73 10.11 7.47 5.04 6.06 8.44 9.80 2.28 3.29 9.39 5.62 3.96 10.07 4.97 5.64 9.83 1.33 4.29 7.21 10.23 7.86 2.54 9.53 2.87 9.39 6.72 
3.74 4.04 4.54 9.11 1.90 2.57 7.46 5.42 2.73 8.53 5.31 3.95 8.07 4.98 5.07 8.34 3.74 1.13 7.22 5.07 8.13 2.28 2.41 7.30 3.44 5.56 7.13 2.25 7.60 8.14 2.69 4.91 4.78 9.42 4.63 3.72 8.37 2.26 8.40 7.30 
4.20 7.25 3.55 3.32 6.52 3.23 2.47 2.03 6.18 2.77 3.49 8.58 2.34 8.01 6.01 2.65 4.77 5.94 4.84 3.80 2.38 5.40 4.33 1.94 2.35 5.14 3.58 3.56 6.19 2.40 6.39 3.95 1.53 3.79 3.26 5.11 2.63 7.77 2.74 4.02 
5.05 2.99 5.82 9.94 0.82 3.51 8.53 6.55 1.92 9.30 6.59 2.63 8.98 3.87 4.51 9.27 5.07 2.34 7.18 6.36 9.03 1.90 2.59 8.30 4.35 5.29 8.35 3.26 7.29 9.04 1.78 4.92 5.83 10.08 5.89 3.37 9.12 1.12 9.09 7.46 
2.29 5.46 2.44 6.21 4.06 0.52 4.56 2.61 4.12 5.68 3.04 6.28 5.13 6.37 5.17 5.40 2.74 3.02 5.80 3.00 5.20 3.29 2.34 4.36 0.68 4.93 4.52 0.71 6.71 5.21 4.27 3.81 1.85 6.66 2.36 3.82 5.54 5.07 5.61 5.46 
8.56 4.80 8.49 7.54 6.09 5.97 8.27 7.63 5.00 6.70 8.84 6.80 7.41 4.83 2.50 7.73 9.01 8.07 1.40 8.97 7.35 4.96 4.78 7.63 5.77 1.56 9.45 6.22 0.48 7.41 5.21 2.47 6.73 6.61 8.30 3.46 6.49 7.55 6.17 2.49 
6.08 3.83 6.96 11.50 2.14 5.00 9.95 7.91 3.21 10.88 7.74 2.51 10.50 4.50 5.79 10.79 5.96 3.05 8.69 7.46 10.56 3.43 4.20 9.77 5.86 6.71 9.60 4.71 8.67 10.57 2.99 6.47 7.27 11.68 7.08 4.83 10.70 0.66 10.68 9.02 
5.99 2.45 6.75 10.62 0.87 4.33 9.35 7.41 1.81 9.94 7.51 1.69 9.70 3.22 4.36 10.01 6.01 3.25 7.33 7.29 9.75 2.18 3.12 9.08 5.12 5.32 9.25 4.11 7.26 9.76 1.58 5.17 6.65 10.65 6.81 3.46 9.75 0.77 9.69 7.74 
7.16 0.52 7.61 9.76 2.36 4.71 9.22 7.66 1.37 8.97 8.26 2.51 9.11 1.17 1.81 9.44 7.39 5.23 5.14 8.18 9.11 2.04 2.88 8.78 5.17 3.03 9.65 4.70 4.72 9.14 1.42 3.44 6.73 9.41 7.57 1.77 8.76 3.53 8.60 5.81 
1.20 7.20 0.71 5.85 5.64 2.28 3.56 1.48 5.84 5.55 1.28 7.87 4.64 8.13 6.91 4.82 1.77 3.75 7.11 1.24 4.75 5.02 4.11 3.63 2.06 6.56 2.98 2.32 8.19 4.73 5.97 5.37 1.49 6.68 0.58 5.59 5.46 6.41 5.65 6.56 
7.28 1.06 7.91 10.90 1.84 5.17 10.04 8.28 1.64 10.15 8.63 0.96 10.14 1.56 3.36 10.46 7.39 4.81 6.67 8.48 10.15 2.46 3.52 9.68 5.83 4.56 10.22 5.05 6.27 10.18 1.45 4.81 7.41 10.70 7.92 3.03 9.95 2.36 9.82 7.29 
5.66 6.87 5.13 3.37 6.67 4.01 3.82 3.71 6.06 2.57 5.16 8.49 2.96 7.49 5.18 3.29 6.22 6.83 3.30 5.44 2.91 5.40 4.44 3.15 3.22 4.08 5.20 4.37 4.72 2.97 6.30 3.07 3.08 3.11 4.86 4.66 2.35 8.08 2.20 2.37 
3.67 8.61 2.73 3.43 7.51 3.96 1.08 1.07 7.39 3.30 2.30 9.70 2.19 9.44 7.64 2.33 4.19 6.19 6.64 2.72 2.32 6.57 5.51 1.11 3.21 6.87 1.79 4.20 7.99 2.28 7.58 5.66 1.64 4.50 2.44 6.59 3.28 8.55 3.57 5.78 
7.32 0.50 7.77 9.88 2.48 4.87 9.37 7.81 1.51 9.09 8.42 2.50 9.23 1.02 1.82 9.56 7.54 5.37 5.18 8.34 9.23 2.20 3.04 8.92 5.33 3.07 9.80 4.85 4.72 9.27 1.55 3.53 6.88 9.51 7.72 1.89 8.88 3.61 8.71 5.88 
8.54 5.66 8.35 6.70 6.74 6.07 7.70 7.30 5.68 5.88 8.61 7.65 6.70 5.78 3.35 7.00 9.02 8.41 0.59 8.79 6.62 5.52 5.15 7.03 5.72 2.18 9.01 6.35 0.96 6.69 5.92 2.66 6.46 5.69 8.13 4.05 5.67 8.23 5.33 1.63 
10.30 4.72 10.39 9.89 6.64 7.63 10.56 9.74 5.53 9.06 10.83 6.55 9.77 4.28 3.06 10.08 10.68 9.20 3.73 10.91 9.70 5.84 6.07 9.94 7.63 3.14 11.63 7.80 2.28 9.76 5.68 4.35 8.80 8.93 10.24 4.48 8.85 7.89 8.53 4.82 
8.71 5.15 8.61 7.38 6.41 6.15 8.23 7.68 5.32 6.55 8.92 7.15 7.31 5.18 2.84 7.62 9.17 8.32 1.21 9.07 7.24 5.26 5.03 7.58 5.90 1.85 9.46 6.41 0.30 7.30 5.54 2.65 6.79 6.41 8.41 3.76 6.34 7.88 6.01 2.30 
3.54 3.76 4.06 7.78 2.19 1.37 6.39 4.48 2.37 7.15 4.77 4.41 6.80 4.71 4.08 7.09 3.77 2.24 5.80 4.63 6.85 1.59 1.08 6.13 2.17 4.31 6.38 1.19 6.32 6.86 2.48 3.51 3.69 7.98 4.06 2.66 6.98 3.30 6.97 5.82 
7.74 4.81 7.62 6.70 5.78 5.20 7.34 6.71 4.74 5.86 7.94 6.78 6.52 5.02 2.52 6.84 8.20 7.47 0.86 8.09 6.46 4.55 4.19 6.71 4.92 1.26 8.52 5.47 1.28 6.52 4.97 1.73 5.82 5.87 7.42 3.09 5.65 7.28 5.35 1.77 
1.71 8.73 0.93 6.16 7.05 3.84 3.48 1.98 7.35 6.07 0.50 9.26 4.93 9.67 8.49 5.02 1.97 4.75 8.51 0.36 5.06 6.55 5.67 3.83 3.62 8.10 2.14 3.85 9.66 5.02 7.46 6.90 2.63 7.26 1.01 7.17 6.03 7.65 6.31 7.87 
6.44 2.40 6.66 7.94 3.21 3.78 7.66 6.34 2.15 7.13 7.20 4.27 7.36 2.92 0.94 7.70 6.79 5.33 3.40 7.21 7.35 2.08 2.14 7.15 3.96 1.37 8.33 3.91 3.37 7.39 2.38 1.54 5.38 7.53 6.55 0.58 6.92 4.70 6.74 3.96 
6.75 8.05 6.11 2.53 7.99 5.32 3.97 4.52 7.33 1.70 6.00 9.75 2.64 8.59 6.19 2.91 7.32 8.15 3.64 6.34 2.53 6.71 5.76 3.28 4.51 4.97 5.62 5.69 5.12 2.60 7.57 4.15 4.09 1.84 5.82 5.85 1.49 9.42 1.17 2.55 
8.35 9.13 7.68 2.94 9.33 6.88 5.17 6.05 8.57 2.35 7.52 10.94 3.63 9.56 7.06 3.79 8.92 9.71 3.98 7.87 3.49 8.03 7.15 4.53 6.09 5.77 6.93 7.25 5.33 3.56 8.82 5.21 5.68 1.51 7.39 7.00 2.25 10.80 1.87 2.96 
1.47 6.78 1.18 5.76 5.28 1.85 3.64 1.55 5.43 5.39 1.71 7.51 4.57 7.70 6.44 4.78 2.04 3.62 6.67 1.71 4.67 4.61 3.67 3.62 1.58 6.08 3.28 1.93 7.73 4.66 5.57 4.90 1.25 6.49 1.04 5.13 5.29 6.13 5.45 6.15 
7.58 3.89 7.59 7.39 5.01 4.95 7.75 6.87 3.93 6.55 7.99 5.87 7.09 4.08 1.59 7.41 8.01 6.96 1.79 8.09 7.04 3.85 3.67 7.15 4.83 0.44 8.77 5.17 1.60 7.10 4.16 1.51 5.94 6.67 7.42 2.35 6.33 6.49 6.07 2.65 
2.90 6.07 2.60 5.01 5.01 1.54 3.57 1.93 4.85 4.48 2.92 7.16 3.96 6.93 5.32 4.24 3.44 4.23 5.21 3.05 4.03 4.03 2.97 3.27 0.69 4.78 3.93 1.86 6.31 4.03 5.03 3.57 0.98 5.46 2.39 4.14 4.33 6.15 4.41 4.69 
4.65 5.97 4.27 4.27 5.54 2.79 3.92 3.13 5.02 3.54 4.45 7.46 3.56 6.67 4.58 3.89 5.19 5.61 3.60 4.66 3.56 4.31 3.29 3.36 2.04 3.69 4.93 3.15 4.85 3.60 5.25 2.51 2.30 4.27 4.03 3.78 3.35 6.91 3.29 2.96 
2.96 7.26 2.27 4.21 6.15 2.62 2.41 0.90 6.03 3.83 2.26 8.33 3.05 8.10 6.41 3.29 3.52 5.03 5.84 2.54 3.14 5.21 4.15 2.20 1.84 5.75 2.82 2.88 7.08 3.13 6.21 4.52 0.33 4.94 1.98 5.29 3.73 7.23 3.90 5.13 
4.70 5.39 4.44 4.84 5.02 2.55 4.46 3.49 4.46 4.09 4.72 6.90 4.14 6.09 4.02 4.47 5.22 5.32 3.36 4.88 4.14 3.77 2.78 3.92 1.93 3.19 5.37 2.90 4.50 4.18 4.70 1.98 2.59 4.75 4.23 3.20 3.90 6.43 3.80 2.89 
6.26 7.02 5.75 3.42 7.00 4.53 4.26 4.31 6.31 2.58 5.76 8.72 3.23 7.57 5.18 3.54 6.82 7.35 2.91 6.05 3.15 5.71 4.79 3.58 3.78 3.99 5.73 4.89 4.37 3.22 6.55 3.12 3.69 2.88 5.47 4.82 2.36 8.44 2.11 1.90 
4.32 7.28 3.67 3.23 6.58 3.32 2.49 2.14 6.22 2.66 3.61 8.64 2.29 8.03 6.00 2.60 4.89 6.04 4.77 3.92 2.32 5.45 4.39 1.93 2.45 5.11 3.66 3.66 6.12 2.34 6.44 3.93 1.65 3.67 3.38 5.13 2.52 7.84 2.62 3.93 
3.61 9.28 2.60 3.90 8.03 4.48 1.15 1.36 8.02 3.94 1.97 10.25 2.70 10.14 8.44 2.74 4.06 6.41 7.54 2.40 2.84 7.19 6.15 1.63 3.82 7.72 0.89 4.66 8.88 2.79 8.19 6.50 2.24 5.14 2.36 7.33 3.95 8.97 4.28 6.68 
8.80 4.23 8.83 8.33 5.77 6.16 8.91 8.11 4.65 7.49 9.24 6.22 8.14 4.14 2.04 8.47 9.22 8.01 2.25 9.34 8.09 4.75 4.76 8.29 6.07 1.59 9.99 6.37 1.09 8.14 4.84 2.76 7.18 7.45 8.67 3.27 7.28 7.17 6.98 3.32 
5.06 7.13 4.46 3.10 6.69 3.71 3.09 2.97 6.19 2.38 4.43 8.63 2.44 7.81 5.63 2.77 5.62 6.51 4.04 4.74 2.42 5.48 4.45 2.45 2.86 4.62 4.43 4.06 5.44 2.47 6.42 3.51 2.41 3.20 4.18 4.93 2.19 8.04 2.17 3.14 
8.00 1.43 8.37 9.85 3.45 5.44 9.62 8.22 2.42 9.04 8.97 3.33 9.32 1.23 1.34 9.65 8.27 6.27 4.65 8.93 9.30 2.97 3.63 9.12 5.78 2.63 10.22 5.48 3.97 9.35 2.50 3.41 7.27 9.34 8.29 2.16 8.82 4.60 8.61 5.48 
4.60 2.98 5.31 9.27 0.87 2.87 7.90 5.94 1.70 8.62 6.06 3.05 8.31 3.92 4.17 8.61 4.68 2.19 6.64 5.86 8.36 1.41 1.95 7.65 3.69 4.82 7.78 2.64 6.85 8.38 1.65 4.35 5.19 9.41 5.36 2.91 8.45 1.79 8.42 6.86 
7.03 5.81 6.73 5.16 6.29 4.76 5.94 5.58 5.39 4.32 6.93 7.68 5.01 6.20 3.70 5.33 7.54 7.37 1.18 7.14 4.94 4.98 4.30 5.28 4.24 2.42 7.25 5.08 2.60 5.01 5.64 1.96 4.77 4.37 6.50 3.75 4.11 7.80 3.81 0.64 
7.64 0.79 8.07 9.97 2.86 5.15 9.55 8.05 1.88 9.17 8.70 2.73 9.36 0.89 1.69 9.70 7.88 5.74 5.06 8.64 9.36 2.53 3.32 9.09 5.58 2.98 10.05 5.16 4.50 9.40 1.93 3.56 7.11 9.55 8.01 2.05 8.95 3.97 8.77 5.82 
6.35 1.24 6.96 10.09 0.99 4.23 9.13 7.34 0.80 9.35 7.68 1.65 9.28 2.12 3.13 9.59 6.48 4.00 6.24 7.53 9.30 1.55 2.62 8.78 4.90 4.17 9.28 4.10 6.05 9.33 0.57 4.20 6.48 9.96 6.97 2.42 9.16 2.03 9.05 6.75 
4.84 2.59 5.26 8.02 1.82 2.36 7.08 5.37 1.33 7.31 5.91 3.72 7.19 3.50 2.74 7.51 5.11 3.42 4.91 5.83 7.22 0.55 0.56 6.71 2.89 3.15 7.35 2.34 5.19 7.25 1.53 2.63 4.47 7.97 5.21 1.34 7.11 3.30 7.03 5.15 
5.46 2.44 5.76 7.82 2.42 2.84 7.17 5.64 1.56 7.06 6.35 3.97 7.09 3.22 1.96 7.42 5.78 4.26 4.14 6.32 7.10 1.14 1.09 6.73 3.17 2.31 7.63 2.92 4.35 7.13 1.81 1.92 4.70 7.61 5.67 0.53 6.85 3.94 6.73 4.48 
7.12 9.93 6.26 0.46 9.57 6.45 3.04 4.54 9.06 0.51 5.88 11.50 1.44 10.55 8.21 1.46 7.67 9.16 5.75 6.30 1.30 8.36 7.33 2.53 5.57 7.04 4.84 6.79 7.22 1.35 9.30 6.12 4.55 1.09 5.96 7.72 0.71 10.90 0.95 4.66 
6.58 1.15 7.20 10.31 1.18 4.47 9.37 7.58 1.01 9.57 7.92 1.43 9.50 1.97 3.19 9.82 6.70 4.18 6.36 7.76 9.53 1.78 2.85 9.01 5.14 4.28 9.52 4.34 6.12 9.55 0.79 4.37 6.72 10.16 7.21 2.57 9.37 2.05 9.26 6.90 
4.51 2.90 5.16 8.94 0.98 2.60 7.62 5.70 1.54 8.28 5.90 3.22 7.99 3.85 3.89 8.29 4.64 2.33 6.27 5.72 8.04 1.10 1.58 7.35 3.39 4.48 7.57 2.40 6.52 8.05 1.54 3.98 4.92 9.05 5.19 2.59 8.10 2.13 8.06 6.49 
3.37 3.98 3.82 7.41 2.54 1.03 6.03 4.15 2.61 6.78 4.50 4.74 6.43 4.92 4.10 6.72 3.65 2.45 5.60 4.39 6.48 1.80 1.05 5.77 1.80 4.22 6.06 0.90 6.19 6.49 2.74 3.33 3.34 7.63 3.80 2.67 6.61 3.67 6.61 5.56 
8.60 1.39 9.05 10.87 3.57 6.14 10.54 9.05 2.74 10.06 9.69 2.77 10.31 0.52 2.39 10.64 8.81 6.55 5.66 9.62 10.30 3.47 4.31 10.06 6.57 3.67 11.05 6.13 4.88 10.34 2.73 4.43 8.11 10.38 9.00 3.03 9.84 4.43 9.64 6.52 
5.75 7.44 5.13 2.79 7.17 4.34 3.40 3.60 6.60 1.99 5.07 9.04 2.41 8.06 5.77 2.73 6.31 7.16 3.76 5.39 2.36 5.92 4.93 2.72 3.51 4.66 4.90 4.70 5.21 2.41 6.83 3.66 3.10 2.62 4.85 5.23 1.78 8.56 1.65 2.76 
7.87 0.58 8.38 10.64 2.72 5.50 10.10 8.50 1.97 9.85 9.05 2.05 9.99 0.39 2.46 10.32 8.06 5.71 5.83 8.95 9.99 2.76 3.69 9.66 6.01 3.75 10.49 5.46 5.25 10.03 1.92 4.28 7.58 10.26 8.35 2.65 9.64 3.57 9.47 6.58 
7.92 10.29 7.08 1.16 10.09 7.10 3.88 5.36 9.50 1.17 6.72 11.94 2.28 10.85 8.44 2.29 8.47 9.85 5.72 7.13 2.14 8.84 7.84 3.37 6.23 7.22 5.68 7.44 7.15 2.19 9.74 6.40 5.32 0.52 6.78 8.08 1.29 11.46 1.27 4.63 
7.85 4.72 7.75 6.89 5.75 5.29 7.52 6.86 4.70 6.04 8.08 6.70 6.70 4.90 2.41 7.02 8.31 7.51 0.98 8.22 6.64 4.54 4.23 6.88 5.04 1.20 8.68 5.55 1.14 6.70 4.93 1.80 5.97 6.05 7.56 3.07 5.83 7.25 5.53 1.94 
7.16 0.13 7.67 10.11 2.09 4.80 9.46 7.82 1.26 9.33 8.34 2.02 9.41 1.09 2.29 9.74 7.35 5.05 5.61 8.24 9.42 2.05 3.01 9.04 5.33 3.51 9.80 4.75 5.21 9.45 1.23 3.85 6.91 9.81 7.64 2.12 9.12 3.13 8.97 6.27 
6.71 4.63 6.59 6.09 5.21 4.21 6.45 5.70 4.27 5.25 6.91 6.51 5.76 5.03 2.55 6.09 7.19 6.60 1.44 7.06 5.71 3.92 3.38 5.83 3.90 1.32 7.54 4.50 2.31 5.77 4.52 0.89 4.80 5.46 6.39 2.61 5.04 6.73 4.79 1.73 
4.69 2.64 5.29 8.81 0.97 2.61 7.59 5.72 1.26 8.13 6.01 3.16 7.90 3.60 3.54 8.20 4.85 2.65 5.96 5.85 7.94 0.75 1.34 7.30 3.35 4.14 7.63 2.45 6.17 7.96 1.30 3.68 4.91 8.87 5.30 2.25 7.95 2.31 7.90 6.20 
4.90 3.61 5.73 10.23 1.46 3.71 8.66 6.63 2.57 9.62 6.52 2.99 9.22 4.46 5.16 9.50 4.84 1.98 7.76 6.25 9.28 2.50 3.08 8.48 4.57 5.91 8.35 3.41 7.93 9.29 2.43 5.49 5.97 10.45 5.84 3.99 9.45 1.07 9.44 7.99 
6.02 9.03 5.19 1.23 8.54 5.34 2.30 3.48 8.08 0.73 4.88 10.52 0.82 9.69 7.45 1.10 6.58 8.03 5.35 5.27 0.72 7.35 6.31 1.66 4.46 6.35 4.06 5.67 6.82 0.79 8.31 5.33 3.43 1.91 4.90 6.82 0.69 9.84 1.02 4.29 
1.93 5.64 2.18 6.42 4.12 0.76 4.62 2.60 4.28 5.93 2.84 6.35 5.31 6.57 5.48 5.57 2.36 2.78 6.19 2.75 5.39 3.46 2.58 4.48 1.05 5.29 4.44 0.77 7.09 5.39 4.41 4.18 1.96 6.94 2.13 4.11 5.80 5.03 5.89 5.85 
0.70 7.48 1.61 7.72 5.53 3.13 5.26 3.29 6.09 7.45 2.27 7.66 6.49 8.44 7.77 6.65 0.14 2.84 8.62 1.86 6.61 5.36 4.73 5.44 3.41 7.70 4.19 2.93 9.53 6.58 6.14 6.62 3.38 8.59 1.89 6.35 7.37 5.86 7.56 8.21 
2.06 9.34 1.72 7.05 7.52 4.58 4.32 2.98 7.95 7.01 1.51 9.70 5.84 10.29 9.29 5.90 2.04 4.95 9.48 1.25 5.97 7.17 6.38 4.74 4.48 8.98 2.74 4.52 10.60 5.93 8.04 7.80 3.63 8.21 1.91 7.93 6.99 7.95 7.28 8.86 
4.17 6.43 3.69 3.98 5.79 2.68 3.28 2.45 5.39 3.33 3.81 7.81 3.11 7.19 5.19 3.43 4.73 5.48 4.27 4.05 3.14 4.63 3.57 2.76 1.83 4.36 4.23 3.04 5.54 3.16 5.60 3.16 1.66 4.22 3.43 4.29 3.16 7.08 3.18 3.57 
3.77 7.22 3.11 3.60 6.36 2.96 2.38 1.62 6.09 3.12 3.07 8.47 2.54 8.01 6.11 2.83 4.34 5.61 5.17 3.37 2.60 5.29 4.22 1.94 2.10 5.31 3.29 3.28 6.47 2.61 6.29 4.10 1.09 4.18 2.82 5.13 2.99 7.56 3.13 4.38 
4.47 3.14 5.19 9.25 1.02 2.81 7.83 5.86 1.86 8.62 5.95 3.18 8.28 4.08 4.31 8.57 4.54 2.02 6.73 5.74 8.33 1.54 2.00 7.60 3.65 4.93 7.69 2.56 6.97 8.34 1.81 4.44 5.13 9.42 5.25 3.04 8.44 1.82 8.42 6.93 
4.51 9.16 3.56 2.65 8.20 4.68 0.46 1.91 8.00 2.65 3.08 10.35 1.43 9.96 8.02 1.51 5.03 7.01 6.66 3.50 1.57 7.20 6.13 0.34 3.88 7.14 2.07 4.94 8.07 1.52 8.20 5.97 2.38 3.85 3.28 7.08 2.67 9.30 3.01 5.71 
1.52 6.06 1.74 6.37 4.49 1.20 4.41 2.34 4.70 5.93 2.42 6.72 5.22 7.00 5.92 5.46 1.99 2.87 6.54 2.31 5.31 3.88 3.01 4.33 1.33 5.70 4.09 1.18 7.47 5.30 4.82 4.58 1.84 6.98 1.71 4.55 5.81 5.32 5.93 6.14 
3.25 10.24 2.47 6.04 8.61 5.32 3.29 2.77 8.87 6.17 1.76 10.83 4.90 11.17 9.85 4.88 3.43 6.29 9.49 1.91 5.04 8.06 7.14 3.85 4.96 9.34 1.50 5.36 10.75 4.98 8.99 8.12 3.68 7.36 2.46 8.58 6.19 9.21 6.52 8.72 
1.87 8.79 1.01 5.96 7.15 3.88 3.27 1.83 7.42 5.88 0.39 9.37 4.73 9.72 8.49 4.82 2.16 4.91 8.43 0.46 4.86 6.61 5.71 3.63 3.61 8.08 1.93 3.91 9.60 4.82 7.54 6.87 2.54 7.08 1.02 7.19 5.85 7.78 6.13 7.76 
5.98 9.51 5.10 1.05 8.90 5.59 1.85 3.38 8.51 1.06 4.69 10.94 0.24 10.20 8.00 0.46 6.53 8.20 5.98 5.11 0.10 7.76 6.70 1.32 4.72 6.94 3.65 5.91 7.45 0.17 8.73 5.88 3.51 2.22 4.80 7.31 1.14 10.15 1.53 4.93 
3.82 10.01 2.83 4.46 8.65 5.14 1.73 2.07 8.72 4.63 2.07 10.88 3.34 10.89 9.27 3.31 4.19 6.78 8.43 2.46 3.49 7.89 6.88 2.35 4.56 8.59 0.13 5.28 9.78 3.43 8.88 7.36 3.01 5.81 2.65 8.13 4.67 9.50 5.02 7.57 
4.81 2.58 5.25 8.11 1.71 2.36 7.13 5.40 1.28 7.40 5.91 3.65 7.27 3.50 2.83 7.58 5.07 3.32 5.03 5.82 7.30 0.47 0.61 6.77 2.92 3.27 7.37 2.33 5.30 7.32 1.47 2.75 4.51 8.07 5.21 1.43 7.21 3.18 7.13 5.27 
9.72 3.56 9.94 10.21 5.60 7.07 10.55 9.49 4.52 9.37 10.45 5.31 9.93 3.03 2.34 10.26 10.06 8.31 4.22 10.48 9.88 4.96 5.37 9.96 7.20 2.94 11.44 7.19 2.97 9.94 4.64 4.14 8.53 9.40 9.81 3.75 9.15 6.75 8.87 5.28 
0.48 7.74 1.08 7.22 5.87 3.14 4.71 2.79 6.34 6.98 1.69 8.04 5.98 8.69 7.85 6.13 0.46 3.32 8.47 1.28 6.10 5.58 4.86 4.92 3.27 7.69 3.61 3.01 9.45 6.07 6.41 6.56 2.99 8.14 1.37 6.45 6.91 6.30 7.12 7.99 
10.96 4.90 11.11 10.81 6.96 8.30 11.43 10.54 5.89 9.97 11.58 6.56 10.66 4.30 3.61 10.98 11.32 9.66 4.64 11.64 10.60 6.30 6.66 10.81 8.36 3.92 12.46 8.44 3.20 10.66 6.00 5.14 9.59 9.84 10.97 5.04 9.76 8.09 9.44 5.74 
7.61 3.16 7.72 8.04 4.47 4.94 8.22 7.17 3.36 7.21 8.18 5.15 7.66 3.30 0.84 8.00 7.99 6.67 2.57 8.25 7.63 3.41 3.44 7.64 4.96 0.64 9.11 5.12 2.12 7.68 3.57 1.80 6.22 7.39 7.57 1.93 6.99 5.90 6.74 3.42 
2.59 8.17 1.65 4.50 6.85 3.31 2.06 0.26 6.88 4.32 1.30 9.07 3.26 9.05 7.48 3.41 3.11 5.24 6.98 1.68 3.39 6.05 5.03 2.20 2.71 6.88 1.77 3.48 8.23 3.36 7.04 5.65 1.21 5.51 1.36 6.30 4.27 7.77 4.53 6.23 
2.15 9.06 1.29 5.88 7.43 4.14 3.15 1.91 7.69 5.84 0.60 9.65 4.66 9.99 8.73 4.73 2.42 5.19 8.58 0.75 4.80 6.88 5.97 3.56 3.84 8.28 1.70 4.18 9.77 4.75 7.81 7.06 2.69 7.04 1.28 7.43 5.82 8.07 6.11 7.88 
7.62 4.25 7.58 7.11 5.30 5.02 7.58 6.79 4.24 6.27 7.95 6.22 6.85 4.45 1.95 7.18 8.07 7.14 1.43 8.07 6.80 4.11 3.85 6.96 4.84 0.73 8.65 5.27 1.41 6.86 4.47 1.53 5.87 6.35 7.40 2.62 6.05 6.79 5.78 2.30 
3.00 5.31 3.94 9.25 3.15 2.91 7.27 5.17 4.01 8.76 4.73 5.06 8.12 6.25 6.29 8.36 2.84 0.15 8.17 4.40 8.20 3.52 3.43 7.23 3.73 6.67 6.64 2.55 8.69 8.20 3.98 5.89 4.74 9.75 4.11 4.90 8.63 3.13 8.71 8.12 
