2.24 7.84 4.34 8.66 0.66 6.44 5.54 8.97 9.46 6.09 
2.66 5.94 6.14 7.22 3.60 6.08 5.91 6.77 8.34 7.74 
2.36 6.53 5.87 7.73 2.77 6.32 5.97 7.44 8.80 7.55 
7.47 6.10 4.81 5.04 9.62 3.71 3.70 6.92 4.33 3.39 
9.56 4.23 9.14 3.10 12.23 5.60 6.86 3.63 2.49 8.72 
6.00 4.01 8.51 5.48 7.95 6.28 7.00 3.97 6.72 9.54 
6.19 0.98 6.38 0.52 8.86 2.81 4.10 1.49 1.77 6.49 
8.29 5.72 6.08 4.40 10.64 4.04 4.51 6.29 3.40 4.85 
0.97 6.56 3.93 7.43 1.70 5.36 4.63 7.68 8.29 5.68 
6.38 2.10 5.88 0.79 9.04 2.29 3.58 2.68 0.95 5.69 
7.95 7.18 4.92 6.17 9.89 4.61 4.33 8.04 5.48 3.26 
4.55 6.57 1.08 6.37 6.06 3.65 2.41 7.76 6.45 0.70 
3.89 3.72 2.74 3.63 6.35 0.87 0.45 4.91 3.99 3.01 
8.18 5.70 5.95 4.40 10.53 3.95 4.39 6.29 3.43 4.72 
7.64 7.51 4.41 6.63 9.41 4.75 4.23 8.45 6.06 2.66 
3.54 4.85 1.55 4.82 5.69 2.06 0.75 6.07 5.13 2.10 
6.62 6.78 9.85 8.28 7.64 8.51 8.91 6.90 9.53 11.22 
3.49 6.48 0.20 6.55 4.87 3.79 2.49 7.71 6.85 1.89 
6.51 5.28 4.06 4.36 8.73 2.73 2.72 6.19 3.86 2.89 
7.58 5.88 5.06 4.76 9.80 3.64 3.78 6.64 3.99 3.72 
4.21 2.56 3.85 2.57 6.83 0.54 1.61 3.75 3.17 4.15 
5.34 5.95 8.57 7.44 6.48 7.39 7.70 6.27 8.69 9.96 
3.95 3.41 3.03 3.34 6.46 0.61 0.76 4.60 3.76 3.31 
5.06 6.48 8.44 7.95 5.89 7.62 7.80 6.91 9.18 9.93 
4.95 4.09 7.68 5.58 6.81 5.86 6.39 4.38 6.84 8.85 
6.54 6.91 3.28 6.22 8.28 4.01 3.28 7.95 5.86 1.56 
3.04 2.57 4.55 3.60 5.67 2.61 3.02 3.70 4.65 5.52 
5.82 6.18 2.74 5.58 7.70 3.24 2.48 7.25 5.34 1.24 
5.90 0.89 7.02 2.22 8.47 3.82 4.94 0.93 3.45 7.51 
4.44 4.72 7.46 6.19 6.05 6.08 6.44 5.16 7.44 8.77 
7.73 3.58 6.65 2.10 10.35 3.36 4.47 3.86 0.89 6.04 
3.04 8.56 4.16 9.23 1.44 6.82 5.78 9.73 9.93 5.84 
8.53 7.27 5.63 6.14 10.56 4.92 4.83 8.03 5.32 4.01 
5.94 1.60 5.71 0.66 8.61 2.10 3.41 2.36 1.45 5.69 
5.84 3.47 8.18 4.94 7.92 5.81 6.58 3.44 6.18 9.14 
7.74 4.94 5.80 3.64 10.18 3.40 4.02 5.52 2.68 4.77 
3.55 3.30 6.06 4.70 5.77 4.39 4.81 4.02 5.91 7.23 
0.54 5.11 3.72 6.02 3.14 4.15 3.66 6.23 6.93 5.31 
2.03 3.90 4.65 5.03 4.45 3.80 3.80 4.92 6.09 5.98 
3.94 6.25 7.39 7.65 4.73 6.94 6.95 6.88 8.84 8.94 
7.29 6.36 4.45 5.38 9.35 3.79 3.59 7.23 4.76 2.94 
4.97 3.61 7.52 5.10 6.99 5.50 6.11 3.88 6.36 8.61 
7.16 6.34 4.30 5.40 9.20 3.73 3.49 7.24 4.81 2.79 
3.96 2.70 6.15 4.13 6.29 4.11 4.68 3.40 5.36 7.19 
7.97 2.37 8.37 2.07 10.61 4.79 6.09 1.40 2.58 8.40 
4.83 4.08 7.58 5.57 6.69 5.79 6.31 4.40 6.83 8.76 
8.11 3.54 7.23 2.05 10.75 3.83 5.00 3.60 0.83 6.68 
1.80 5.01 5.12 6.19 3.64 4.89 4.72 5.96 7.26 6.64 
7.86 2.26 8.30 2.03 10.50 4.73 6.03 1.26 2.62 8.36 
9.50 4.46 8.75 3.13 12.16 5.33 6.52 4.10 2.19 8.18 
4.29 3.23 3.34 3.03 6.83 0.27 1.04 4.39 3.40 3.47 
8.09 6.93 5.20 5.85 10.12 4.51 4.38 7.73 5.09 3.61 
2.09 6.26 5.60 7.44 2.79 6.00 5.66 7.19 8.50 7.27 
2.57 7.53 2.53 8.01 2.66 5.44 4.29 8.75 8.58 4.21 
6.94 1.42 7.20 0.96 9.60 3.63 4.92 1.11 1.87 7.27 
8.17 4.15 6.88 2.67 10.76 3.76 4.78 4.39 1.44 6.14 
5.72 1.45 5.58 0.80 8.39 1.99 3.29 2.32 1.69 5.63 
1.79 6.66 5.22 7.74 2.05 6.06 5.56 7.65 8.74 6.93 
1.71 6.71 5.09 7.77 1.90 6.04 5.50 7.73 8.75 6.82 
6.46 7.17 3.10 6.53 8.09 4.23 3.39 8.23 6.22 1.34 
6.40 0.97 7.29 1.91 9.00 3.93 5.13 0.35 3.07 7.65 
5.87 6.72 2.56 6.18 7.56 3.75 2.83 7.82 5.96 0.83 
7.95 7.43 4.81 6.47 9.80 4.79 4.41 8.32 5.81 3.11 
8.38 7.19 5.47 6.08 10.41 4.80 4.69 7.97 5.28 3.85 
1.99 6.86 2.28 7.38 2.72 4.85 3.76 8.08 7.99 4.03 
4.70 4.69 7.68 6.17 6.34 6.19 6.59 5.06 7.42 8.96 
7.43 6.21 4.71 5.17 9.56 3.76 3.69 7.04 4.49 3.26 
4.87 4.91 7.89 6.40 6.42 6.43 6.83 5.26 7.65 9.19 
5.97 4.79 3.72 3.98 8.25 2.15 2.17 5.75 3.63 2.78 
2.80 6.42 6.32 7.68 3.34 6.47 6.24 7.25 8.80 7.96 
