9.98 5.06 5.49 3.82 7.63 2.91 2.33 9.66 0.46 0.31 6.13 3.97 1.57 2.61 3.77 3.68 2.16 9.13 9.67 6.76 9.53 8.62 4.11 7.19 5.17 7.76 3.35 4.95 8.05 2.70 
7.02 4.84 5.51 6.50 3.09 8.43 11.03 4.52 9.50 9.32 3.58 11.91 7.98 11.54 6.42 7.92 8.17 6.53 4.48 3.05 1.47 0.96 7.46 2.67 5.51 3.61 6.61 5.49 5.08 10.93 
6.46 3.59 4.83 3.70 5.76 1.78 4.46 6.03 3.38 3.56 3.96 5.25 2.54 4.99 3.55 1.47 1.65 5.60 6.04 4.55 6.28 5.70 1.30 4.92 1.55 4.21 3.17 4.15 4.41 4.30 
12.90 4.96 4.04 3.48 6.61 7.12 7.01 11.68 5.20 4.52 6.17 8.70 4.47 7.15 3.62 7.64 6.16 12.04 11.67 6.55 10.23 8.87 7.84 6.89 7.79 9.56 3.77 4.13 10.53 7.46 
6.04 5.89 7.11 5.87 7.97 1.48 3.90 6.54 3.96 4.47 6.17 3.91 4.06 4.40 5.72 0.92 2.39 5.28 6.57 6.73 7.72 7.48 1.04 7.06 2.91 5.28 5.30 6.44 4.76 3.47 
3.59 4.93 6.28 6.23 5.26 5.60 8.46 2.01 7.49 7.60 4.08 8.90 6.40 8.99 6.09 4.87 5.76 2.87 2.01 4.17 2.87 3.27 4.32 4.19 2.58 0.38 5.98 5.83 1.19 8.19 
3.34 5.64 7.06 6.43 6.85 4.00 6.80 3.55 6.31 6.62 5.27 6.91 5.68 7.32 6.27 3.16 4.50 2.49 3.57 5.61 5.22 5.42 2.63 5.79 1.99 2.68 6.00 6.46 1.77 6.42 
8.15 2.84 3.71 2.24 5.38 2.50 4.17 7.43 2.43 2.29 3.74 5.44 0.98 4.62 2.11 2.77 1.64 7.28 7.44 4.38 7.06 6.15 2.88 4.81 3.04 5.42 1.65 3.05 5.96 4.24 
5.93 3.54 4.87 3.92 5.51 2.27 5.04 5.43 3.99 4.15 3.72 5.74 3.08 5.56 3.77 1.78 2.25 5.07 5.44 4.27 5.72 5.22 1.42 4.61 0.94 3.60 3.44 4.21 3.82 4.84 
6.83 6.18 7.31 5.94 8.41 1.22 3.13 7.36 3.46 4.04 6.61 3.09 3.88 3.62 5.80 1.19 2.18 6.08 7.39 7.19 8.45 8.12 1.61 7.55 3.57 6.04 5.35 6.63 5.58 2.67 
5.61 3.45 4.83 4.04 5.24 2.75 5.54 4.96 4.46 4.60 3.46 6.21 3.47 6.06 3.89 2.20 2.75 4.74 4.97 3.97 5.24 4.77 1.77 4.28 0.48 3.11 3.61 4.19 3.41 5.33 
7.36 5.57 6.16 7.22 3.64 9.19 11.80 4.81 10.27 10.09 4.32 12.66 8.75 12.31 7.15 8.67 8.94 6.95 4.77 3.76 1.78 1.73 8.20 3.36 6.24 4.20 7.36 6.19 5.59 11.70 
3.62 5.65 7.06 6.35 7.00 3.66 6.44 3.94 6.02 6.35 5.37 6.53 5.46 6.96 6.19 2.82 4.21 2.78 3.96 5.74 5.56 5.70 2.30 5.95 1.95 3.02 5.90 6.45 2.16 6.05 
6.90 2.51 3.77 2.78 4.74 2.71 5.10 6.06 3.64 3.62 2.95 6.10 2.36 5.60 2.62 2.55 2.25 6.03 6.06 3.57 5.77 4.99 2.37 3.96 1.76 4.04 2.31 3.10 4.62 5.03 
1.29 7.31 8.72 8.31 8.03 5.96 8.68 2.58 8.34 8.66 6.69 8.57 7.73 9.18 8.15 5.12 6.53 0.49 2.63 6.88 5.29 6.01 4.61 6.95 3.91 3.16 7.93 8.18 1.60 8.25 
7.12 3.34 4.47 3.19 5.68 1.77 4.15 6.61 2.84 2.95 3.91 5.13 1.89 4.66 3.05 1.78 1.28 6.26 6.62 4.54 6.64 5.93 1.79 4.93 2.12 4.71 2.64 3.79 5.03 4.06 
8.36 4.35 5.16 3.59 6.87 1.47 2.70 8.10 1.31 1.61 5.19 3.94 1.26 3.18 3.48 2.14 0.57 7.52 8.11 5.83 8.19 7.43 2.52 6.25 3.61 6.26 3.01 4.52 6.45 2.74 
11.44 3.20 2.15 2.01 4.71 6.49 7.16 10.02 5.16 4.52 4.34 8.77 3.92 7.42 2.17 6.83 5.55 10.59 10.00 4.68 8.38 7.01 6.91 5.01 6.45 7.90 2.50 2.32 9.00 7.49 
1.83 6.67 8.08 7.69 7.41 5.55 8.33 2.38 7.88 8.17 6.05 8.34 7.19 8.85 7.53 4.72 6.06 0.96 2.42 6.25 4.84 5.46 4.19 6.33 3.32 2.58 7.32 7.54 1.03 7.93 
2.08 6.30 7.69 7.45 6.81 5.83 8.67 1.70 8.04 8.27 5.57 8.80 7.20 9.19 7.30 5.01 6.23 1.32 1.73 5.70 4.06 4.74 4.46 5.75 3.25 1.91 7.13 7.19 0.39 8.30 
5.17 6.10 7.41 6.31 7.98 2.30 4.78 5.83 4.79 5.27 6.21 4.67 4.73 5.27 6.15 1.56 3.13 4.43 5.86 6.71 7.28 7.19 1.35 7.01 2.72 4.77 5.76 6.74 4.06 4.32 
5.13 4.24 5.39 5.80 3.79 6.55 9.31 2.90 8.00 7.96 3.09 10.00 6.66 9.83 5.68 5.95 6.46 4.52 2.87 2.93 1.44 1.49 5.44 2.81 3.49 1.40 5.72 5.10 2.93 9.13 
10.52 2.36 1.57 1.10 4.19 5.72 6.66 9.14 4.65 4.06 3.56 8.22 3.25 6.98 1.26 6.00 4.80 9.67 9.13 3.97 7.62 6.29 6.05 4.33 5.53 7.02 1.63 1.53 8.09 6.94 
9.79 3.29 3.52 1.86 5.80 3.69 4.26 8.97 2.25 1.69 4.49 5.83 1.02 4.59 1.84 4.19 2.72 8.92 8.97 5.09 8.26 7.17 4.41 5.52 4.67 6.90 1.48 3.02 7.56 4.55 
8.01 4.49 5.39 3.86 6.97 1.06 2.70 7.83 1.62 2.00 5.25 3.79 1.63 3.21 3.75 1.73 0.20 7.17 7.85 5.89 8.07 7.37 2.14 6.30 3.38 6.05 3.28 4.74 6.16 2.65 
9.54 1.37 0.55 2.10 2.08 6.37 8.02 7.77 6.07 5.61 1.94 9.41 4.46 8.42 2.14 6.38 5.61 8.74 7.75 2.10 5.80 4.38 6.23 2.38 5.06 5.74 2.56 0.96 7.06 8.17 
10.75 5.92 6.24 4.59 8.47 3.55 2.08 10.53 1.13 1.14 7.02 3.77 2.47 2.18 4.56 4.37 2.94 9.91 10.54 7.65 10.45 9.54 4.85 8.08 6.04 8.65 4.17 5.74 8.89 2.60 
5.28 3.37 4.78 4.21 4.87 3.39 6.18 4.42 5.06 5.16 3.14 6.84 3.97 6.70 4.06 2.81 3.38 4.42 4.43 3.59 4.60 4.18 2.34 3.86 0.43 2.49 3.84 4.18 2.96 5.97 
4.72 5.25 6.62 5.68 6.97 2.54 5.33 4.96 4.92 5.28 5.23 5.50 4.49 5.84 5.52 1.70 3.12 3.90 4.99 5.70 6.20 6.10 1.18 5.97 1.68 3.72 5.18 5.96 3.18 4.95 
11.44 3.56 2.84 2.03 5.46 5.92 6.28 10.23 4.32 3.66 4.81 7.92 3.26 6.51 2.16 6.36 4.96 10.58 10.22 5.24 8.87 7.55 6.51 5.61 6.34 8.11 2.32 2.79 9.06 6.64 
7.95 5.88 6.84 5.31 8.30 0.96 2.00 8.24 2.26 2.89 6.54 2.53 3.00 2.52 5.20 1.67 1.49 7.17 8.26 7.16 8.95 8.43 2.23 7.55 4.05 6.70 4.73 6.18 6.47 1.66 
4.73 3.91 5.21 5.32 4.12 5.54 8.33 2.92 7.11 7.13 2.96 8.97 5.85 8.85 5.19 4.91 5.50 4.01 2.91 3.03 2.46 2.36 4.41 3.05 2.46 0.85 5.15 4.80 2.32 8.13 
2.89 6.29 7.57 7.68 6.17 7.00 9.87 0.54 8.99 9.12 5.30 10.17 7.93 10.39 7.54 6.22 7.23 2.48 0.52 5.26 2.71 3.72 5.67 5.18 4.06 1.60 7.47 7.19 1.56 9.56 
2.09 6.37 7.74 7.57 6.74 6.14 8.98 1.35 8.31 8.52 5.57 9.14 7.43 9.51 7.42 5.32 6.50 1.42 1.38 5.67 3.81 4.56 4.77 5.68 3.47 1.82 7.27 7.26 0.55 8.63 
3.10 6.02 7.30 7.42 5.91 6.85 9.71 0.81 8.79 8.91 5.03 10.06 7.71 10.24 7.28 6.08 7.05 2.64 0.79 4.98 2.53 3.48 5.53 4.91 3.88 1.35 7.22 6.92 1.53 9.42 
10.81 6.35 6.72 5.06 8.92 3.57 1.69 10.72 1.35 1.56 7.42 3.34 2.87 1.71 5.03 4.41 3.08 9.99 10.73 8.06 10.76 9.90 4.91 8.49 6.24 8.89 4.63 6.21 9.04 2.24 
2.94 5.44 6.84 6.58 6.06 5.24 8.11 2.11 7.34 7.53 4.74 8.38 6.42 8.64 6.43 4.46 5.55 2.14 2.13 4.91 3.74 4.17 3.90 4.98 2.46 1.29 6.27 6.33 0.49 7.78 
9.93 6.80 7.44 5.78 9.35 2.80 0.23 10.15 1.79 2.40 7.71 1.91 3.35 0.66 5.71 3.60 2.73 9.15 10.17 8.35 10.61 9.93 4.16 8.77 5.82 8.50 5.26 6.85 8.41 0.75 
10.33 6.96 7.53 5.86 9.52 3.17 0.50 10.52 1.85 2.40 7.91 2.10 3.47 0.52 5.80 3.98 3.02 9.54 10.53 8.55 10.91 10.19 4.53 8.98 6.16 8.84 5.36 6.96 8.78 1.09 
4.50 3.89 5.28 5.11 4.63 4.71 7.53 3.16 6.42 6.50 3.20 8.11 5.27 8.05 4.96 4.05 4.75 3.69 3.16 3.43 3.34 3.21 3.53 3.55 1.61 1.13 4.84 4.78 2.02 7.30 
6.59 1.89 3.31 2.92 3.63 3.92 6.37 5.32 4.86 4.75 1.84 7.35 3.43 6.87 2.77 3.61 3.52 5.75 5.31 2.40 4.59 3.72 3.30 2.76 1.84 3.20 2.67 2.73 4.16 6.31 
11.63 5.15 5.00 3.54 7.52 4.91 4.18 10.96 2.58 1.95 6.40 5.87 2.63 4.29 3.58 5.60 4.03 10.77 10.96 6.97 10.26 9.13 5.95 7.39 6.57 8.91 3.36 4.68 9.49 4.67 
11.15 5.88 6.07 4.44 8.40 4.02 2.64 10.83 1.53 1.28 7.03 4.31 2.57 2.69 4.43 4.82 3.33 10.31 10.84 7.64 10.59 9.62 5.27 8.08 6.34 8.90 4.08 5.61 9.23 3.17 
9.84 7.44 8.16 6.52 9.97 3.00 0.62 10.27 2.58 3.22 8.28 1.07 4.07 0.74 6.44 3.72 3.18 9.09 10.30 8.92 10.97 10.37 4.28 9.33 6.09 8.75 5.98 7.56 8.50 0.40 
3.96 5.33 6.55 6.80 5.05 6.77 9.61 1.64 8.53 8.58 4.26 10.10 7.33 10.14 6.67 6.06 6.85 3.44 1.61 4.17 1.78 2.60 5.52 4.06 3.69 1.01 6.65 6.21 2.05 9.36 
7.03 5.09 6.19 4.80 7.40 0.22 3.07 7.15 2.71 3.19 5.61 3.60 2.80 3.59 4.67 0.62 1.11 6.21 7.17 6.22 7.84 7.35 1.16 6.59 2.93 5.58 4.22 5.51 5.40 2.77 
3.73 6.99 8.38 7.49 8.49 3.90 6.34 4.90 6.39 6.85 6.82 6.03 6.20 6.81 7.33 3.12 4.69 3.09 4.93 7.22 6.94 7.18 2.77 7.44 3.30 4.42 6.99 7.74 3.25 5.85 
8.58 0.38 1.20 1.84 2.25 5.47 7.35 6.93 5.48 5.11 1.19 8.65 3.85 7.78 1.79 5.41 4.78 7.77 6.91 1.63 5.25 3.93 5.23 2.03 4.02 4.85 2.09 0.85 6.10 7.45 
6.41 2.92 3.95 4.54 2.42 6.25 8.81 4.33 7.28 7.13 1.69 9.72 5.79 9.31 4.45 5.80 5.95 5.72 4.31 1.47 2.40 1.29 5.37 1.37 3.47 2.51 4.56 3.72 4.04 8.72 
11.66 5.61 5.57 4.04 8.04 4.73 3.66 11.13 2.28 1.75 6.83 5.34 2.74 3.72 4.07 5.48 3.92 10.81 11.14 7.42 10.61 9.53 5.88 7.85 6.69 9.13 3.80 5.20 9.61 4.18 
11.26 3.19 2.35 1.78 4.97 6.05 6.62 9.95 4.63 3.99 4.41 8.24 3.43 6.88 1.94 6.43 5.09 10.40 9.94 4.81 8.47 7.13 6.53 5.16 6.20 7.82 2.19 2.37 8.85 6.96 
9.39 1.88 2.04 0.38 4.31 4.40 5.62 8.21 3.63 3.15 3.13 7.09 2.07 5.99 0.33 4.66 3.50 8.53 8.20 3.69 7.09 5.89 4.70 4.11 4.30 6.09 0.28 1.52 7.01 5.83 
8.99 4.38 5.03 3.39 6.94 2.09 2.63 8.64 0.83 0.97 5.35 4.08 0.94 3.05 3.31 2.79 1.22 8.14 8.65 5.99 8.58 7.73 3.17 6.41 4.15 6.75 2.85 4.43 7.03 2.81 
7.29 3.99 5.06 3.67 6.37 1.11 3.50 7.01 2.41 2.67 4.61 4.43 1.88 4.02 3.53 1.34 0.65 6.44 7.02 5.23 7.25 6.59 1.56 5.63 2.54 5.21 3.09 4.38 5.36 3.38 
10.33 7.29 7.89 6.23 9.85 3.26 0.40 10.62 2.22 2.79 8.21 1.73 3.82 0.15 6.16 4.06 3.23 9.56 10.64 8.85 11.12 10.44 4.61 9.27 6.31 8.99 5.72 7.31 8.86 0.89 
8.58 0.76 1.30 2.22 1.83 5.82 7.75 6.83 5.89 5.52 1.00 9.03 4.26 8.19 2.18 5.73 5.15 7.79 6.81 1.31 5.00 3.64 5.52 1.68 4.19 4.79 2.49 1.14 6.11 7.84 
7.73 3.25 3.77 4.87 1.39 7.50 9.89 5.45 8.19 7.94 2.06 10.93 6.61 10.37 4.82 7.13 7.07 7.09 5.42 1.44 2.79 1.35 6.75 1.01 4.91 3.90 5.06 3.81 5.45 9.86 
4.19 5.37 6.56 6.88 4.94 7.03 9.86 1.78 8.74 8.77 4.26 10.38 7.50 10.39 6.76 6.33 7.09 3.70 1.74 4.12 1.48 2.41 5.79 3.99 3.94 1.29 6.76 6.24 2.36 9.63 
8.71 0.60 1.10 1.95 2.08 5.69 7.55 7.01 5.67 5.29 1.21 8.86 4.04 7.98 1.92 5.63 4.99 7.91 7.00 1.58 5.24 3.89 5.45 1.95 4.21 4.95 2.25 0.88 6.23 7.66 
11.30 3.08 2.07 1.86 4.66 6.34 7.03 9.89 5.04 4.40 4.24 8.64 3.77 7.31 2.02 6.68 5.40 10.45 9.88 4.59 8.28 6.92 6.75 4.93 6.30 7.78 2.35 2.21 8.86 7.36 
8.02 6.32 7.28 5.75 8.72 1.32 1.93 8.44 2.56 3.22 6.96 2.16 3.43 2.41 5.64 1.92 1.93 7.26 8.46 7.57 9.27 8.79 2.47 7.96 4.35 6.97 5.17 6.62 6.66 1.48 
4.17 7.08 8.45 7.48 8.70 3.64 5.97 5.35 6.13 6.62 6.99 5.60 6.05 6.43 7.32 2.91 4.48 3.55 5.39 7.43 7.33 7.51 2.62 7.66 3.44 4.79 6.96 7.80 3.69 5.47 
10.07 2.96 2.94 1.36 5.36 4.31 4.96 9.08 2.95 2.36 4.21 6.54 1.68 5.27 1.39 4.75 3.36 9.21 9.08 4.77 8.13 6.95 4.92 5.19 4.93 6.98 1.19 2.53 7.77 5.26 
8.24 1.83 2.28 3.39 0.87 6.58 8.73 6.24 6.94 6.61 0.94 9.92 5.32 9.19 3.35 6.36 6.02 7.51 6.22 0.49 4.04 2.61 6.07 0.60 4.46 4.35 3.64 2.30 5.81 8.77 
0.93 9.24 10.65 10.28 9.75 7.75 10.34 3.43 10.19 10.55 8.54 10.01 9.67 10.82 10.13 6.92 8.40 1.68 3.48 8.67 6.49 7.48 6.45 8.69 5.89 4.83 9.91 10.12 3.37 9.86 
9.19 1.04 1.16 0.67 3.33 5.01 6.52 7.77 4.56 4.11 2.30 7.93 2.96 6.91 0.65 5.13 4.19 8.35 7.76 2.80 6.35 5.07 5.07 3.21 4.28 5.65 1.05 0.54 6.74 6.68 
8.44 3.28 4.05 2.48 5.84 2.33 3.71 7.84 1.93 1.80 4.23 5.04 0.56 4.15 2.37 2.75 1.39 7.58 7.84 4.87 7.54 6.64 2.95 5.29 3.39 5.86 1.91 3.41 6.32 3.82 
2.45 6.87 8.16 8.24 6.76 7.33 10.19 0.10 9.40 9.56 5.90 10.41 8.40 10.72 8.10 6.54 7.63 2.20 0.15 5.85 3.17 4.27 5.98 5.77 4.49 2.16 8.01 7.77 1.74 9.86 
0.55 8.88 10.28 9.94 9.37 7.51 10.14 3.08 9.93 10.28 8.17 9.87 9.38 10.63 9.78 6.68 8.13 1.32 3.12 8.29 6.13 7.10 6.19 8.31 5.56 4.45 9.57 9.76 2.99 9.68 
0.52 7.92 9.32 8.98 8.46 6.73 9.44 2.45 9.11 9.43 7.22 9.29 8.48 9.94 8.83 5.89 7.30 0.36 2.49 7.36 5.40 6.27 5.39 7.39 4.63 3.54 8.62 8.80 2.05 9.00 
4.39 4.72 5.95 6.21 4.50 6.42 9.23 2.21 8.07 8.09 3.66 9.80 6.81 9.76 6.08 5.75 6.43 3.79 2.19 3.58 1.74 2.20 5.22 3.49 3.32 0.81 6.07 5.60 2.24 9.01 
10.91 2.89 2.16 1.43 4.79 5.73 6.41 9.61 4.41 3.78 4.13 8.01 3.14 6.69 1.58 6.09 4.78 10.05 9.60 4.55 8.19 6.87 6.19 4.92 5.85 7.49 1.83 2.10 8.50 6.73 
8.17 2.73 3.11 4.30 0.72 7.29 9.55 5.98 7.79 7.49 1.66 10.68 6.18 10.02 4.26 7.00 6.79 7.49 5.95 1.03 3.46 2.00 6.66 0.64 4.91 4.28 4.54 3.19 5.82 9.56 
4.73 4.85 6.23 5.36 6.53 2.64 5.49 4.73 4.92 5.23 4.79 5.78 4.34 6.02 5.20 1.83 3.10 3.88 4.75 5.25 5.81 5.66 1.28 5.52 1.23 3.35 4.88 5.59 2.97 5.16 
0.68 7.70 9.10 8.81 8.18 6.73 9.47 2.12 9.07 9.37 6.97 9.38 8.39 9.98 8.66 5.89 7.26 0.31 2.17 7.09 5.07 5.96 5.37 7.12 4.49 3.25 8.46 8.59 1.80 9.05 
1.65 6.74 8.14 7.83 7.32 5.91 8.71 1.97 8.20 8.47 6.05 8.75 7.45 9.23 7.68 5.08 6.38 0.82 2.01 6.20 4.55 5.26 4.54 6.25 3.53 2.43 7.49 7.63 0.88 8.32 
2.84 6.15 7.57 6.97 7.27 4.43 7.19 3.36 6.79 7.12 5.73 7.20 6.21 7.70 6.81 3.59 4.98 2.01 3.39 6.04 5.35 5.69 3.07 6.19 2.53 2.85 6.55 6.98 1.65 6.78 
8.55 7.74 8.69 7.15 10.13 2.69 2.19 9.32 3.66 4.34 8.35 1.21 4.77 2.45 7.04 3.10 3.35 7.87 9.35 8.97 10.45 10.07 3.59 9.35 5.55 8.06 6.57 8.04 7.54 1.60 
5.87 3.67 5.00 4.04 5.63 2.21 5.00 5.41 4.00 4.18 3.83 5.67 3.14 5.53 3.88 1.69 2.24 5.00 5.42 4.38 5.78 5.30 1.31 4.72 0.94 3.62 3.55 4.34 3.79 4.79 
9.42 1.55 1.59 0.10 3.90 4.76 6.06 8.12 4.08 3.60 2.83 7.52 2.51 6.44 0.15 4.96 3.88 8.56 8.11 3.35 6.84 5.60 4.96 3.76 4.39 6.00 0.62 1.08 7.00 6.26 
