7.90 9.49 7.15 1.97 9.47 6.72 4.35 5.46 8.80 1.46 6.91 11.22 2.76 10.00 7.54 2.89 8.46 9.53 4.68 7.29 2.62 8.19 7.24 3.74 5.89 6.29 6.14 7.08 6.10 2.68 9.05 5.57 5.23 0.56 6.85 7.30 1.41 10.89 1.09 3.61 
1.26 6.71 1.14 6.01 5.15 1.80 3.87 1.77 5.35 5.64 1.77 7.38 4.82 7.64 6.46 5.03 1.82 3.39 6.81 1.70 4.92 4.53 3.63 3.86 1.66 6.15 3.43 1.83 7.84 4.91 5.48 4.99 1.50 6.74 1.06 5.12 5.54 5.96 5.70 6.32 
7.13 8.09 6.51 2.78 8.14 5.61 4.38 4.93 7.43 1.97 6.41 9.84 3.01 8.60 6.15 3.26 7.70 8.43 3.43 6.74 2.90 6.85 5.93 3.69 4.82 4.90 6.04 5.97 4.89 2.97 7.68 4.17 4.48 1.86 6.22 5.91 1.78 9.59 1.41 2.33 
9.82 3.32 10.08 10.62 5.44 7.18 10.85 9.71 4.41 9.78 10.62 4.96 10.30 2.69 2.49 10.63 10.13 8.25 4.70 10.63 10.26 4.92 5.43 10.28 7.38 3.28 11.69 7.28 3.49 10.31 4.49 4.43 8.76 9.85 9.97 3.84 9.57 6.51 9.29 5.74 
8.66 1.81 9.04 10.41 3.96 6.11 10.26 8.89 2.99 9.59 9.64 3.48 9.92 1.21 1.86 10.25 8.92 6.85 4.99 9.60 9.90 3.60 4.29 9.75 6.45 3.08 10.89 6.15 4.13 9.94 3.04 3.98 7.94 9.84 8.96 2.83 9.37 4.99 9.15 5.89 
6.60 1.74 6.91 8.56 2.77 3.99 8.16 6.74 1.66 7.76 7.50 3.64 7.94 2.30 0.98 8.28 6.91 5.18 4.00 7.47 7.94 1.82 2.22 7.68 4.30 1.91 8.74 4.07 3.81 7.98 1.87 2.20 5.79 8.18 6.83 0.67 7.55 4.21 7.37 4.61 
7.00 3.04 7.82 11.86 2.10 5.53 10.55 8.59 2.88 11.17 8.59 1.35 10.94 3.54 5.24 11.24 6.95 4.07 8.39 8.34 10.98 3.38 4.35 10.30 6.34 6.32 10.38 5.29 8.17 11.00 2.63 6.30 7.85 11.88 7.90 4.54 10.99 1.04 10.93 8.86 
6.20 4.13 6.15 6.30 4.56 3.63 6.36 5.41 3.65 5.48 6.53 5.95 5.84 4.62 2.25 6.17 6.65 5.94 2.11 6.64 5.81 3.26 2.71 5.79 3.41 1.24 7.31 3.90 2.79 5.86 3.90 0.22 4.47 5.81 5.97 2.01 5.27 6.07 5.06 2.35 
6.12 3.03 6.93 11.10 1.47 4.70 9.72 7.73 2.46 10.44 7.71 1.87 10.15 3.73 5.01 10.45 6.07 3.21 7.98 7.46 10.20 2.78 3.66 9.48 5.53 5.97 9.51 4.45 7.91 10.22 2.24 5.80 7.01 11.19 7.02 4.11 10.26 0.21 10.22 8.37 
7.12 3.89 8.00 12.39 2.75 5.94 10.93 8.91 3.65 11.74 8.78 2.15 11.42 4.38 6.07 11.72 7.00 4.09 9.18 8.50 11.48 4.06 4.96 10.73 6.79 7.13 10.63 5.67 9.00 11.49 3.40 7.05 8.24 12.49 8.11 5.31 11.56 1.33 11.52 9.61 
10.01 4.95 10.05 9.25 6.72 7.36 10.02 9.30 5.60 8.41 10.45 6.85 9.16 4.63 3.02 9.48 10.42 9.12 3.07 10.55 9.09 5.81 5.91 9.38 7.28 2.80 11.15 7.56 1.61 9.16 5.76 3.97 8.38 8.25 9.88 4.37 8.21 8.04 7.88 4.17 
6.70 4.15 6.65 6.53 4.82 4.12 6.76 5.88 3.84 5.70 7.02 6.05 6.15 4.55 2.07 6.48 7.15 6.37 1.74 7.14 6.11 3.55 3.10 6.16 3.91 0.88 7.76 4.38 2.30 6.16 4.08 0.63 4.95 5.93 6.47 2.17 5.48 6.33 5.24 2.19 
8.29 7.00 7.90 5.12 7.67 6.14 6.53 6.57 6.73 4.33 8.00 8.93 5.31 7.27 4.76 5.59 8.82 8.79 1.43 8.25 5.21 6.37 5.73 5.84 5.56 3.46 8.04 6.47 2.71 5.28 6.97 3.33 5.87 3.98 7.64 5.06 4.14 9.18 3.77 0.79 
3.25 6.31 2.83 4.57 5.36 1.97 3.28 1.87 5.13 4.03 3.05 7.49 3.55 7.14 5.40 3.84 3.80 4.68 5.00 3.24 3.60 4.32 3.25 2.92 1.10 4.76 3.82 2.30 6.17 3.62 5.33 3.53 0.93 5.01 2.59 4.29 3.88 6.55 3.96 4.40 
5.99 8.02 5.31 2.22 7.72 4.79 3.15 3.68 7.16 1.41 5.16 9.61 1.96 8.64 6.33 2.26 6.56 7.59 4.17 5.51 1.88 6.48 5.48 2.46 3.94 5.20 4.76 5.15 5.64 1.94 7.40 4.22 3.32 2.11 5.01 5.80 1.20 9.09 1.10 3.13 
1.86 5.60 2.20 6.62 4.02 0.81 4.79 2.74 4.23 6.13 2.89 6.25 5.50 6.54 5.53 5.75 2.25 2.58 6.34 2.77 5.58 3.42 2.58 4.66 1.23 5.38 4.54 0.72 7.20 5.58 4.35 4.29 2.14 7.14 2.18 4.14 6.00 4.89 6.09 6.02 
7.98 4.06 7.99 7.61 5.31 5.36 8.07 7.25 4.22 6.76 8.38 6.06 7.35 4.16 1.75 7.68 8.41 7.34 1.76 8.49 7.30 4.19 4.06 7.46 5.23 0.82 9.13 5.58 1.25 7.36 4.44 1.91 6.32 6.81 7.81 2.68 6.55 6.77 6.26 2.72 
8.08 1.62 8.42 9.78 3.62 5.50 9.60 8.24 2.56 8.96 9.01 3.52 9.27 1.41 1.24 9.60 8.36 6.40 4.50 8.98 9.25 3.08 3.69 9.09 5.81 2.51 10.24 5.55 3.79 9.30 2.66 3.34 7.29 9.24 8.34 2.18 8.74 4.79 8.53 5.35 
2.58 5.32 3.49 8.74 3.22 2.45 6.77 4.67 3.97 8.26 4.28 5.26 7.61 6.27 6.11 7.85 2.48 0.49 7.82 3.97 7.69 3.39 3.16 6.72 3.24 6.40 6.18 2.08 8.40 7.69 3.97 5.56 4.22 9.25 3.64 4.70 8.12 3.43 8.21 7.72 
2.35 5.46 2.46 6.13 4.10 0.55 4.50 2.57 4.14 5.61 3.05 6.31 5.06 6.37 5.14 5.33 2.80 3.11 5.73 3.02 5.13 3.31 2.34 4.29 0.59 4.88 4.50 0.77 6.65 5.13 4.29 3.75 1.80 6.58 2.37 3.80 5.46 5.13 5.53 5.39 
5.66 2.02 6.03 8.24 2.11 3.10 7.56 5.99 1.16 7.48 6.64 3.55 7.52 2.84 1.91 7.84 5.95 4.23 4.43 6.59 7.53 0.92 1.28 7.13 3.51 2.50 7.99 3.14 4.52 7.56 1.41 2.28 5.06 8.04 5.96 0.59 7.28 3.62 7.15 4.84 
3.14 10.35 2.56 6.79 8.60 5.48 4.03 3.28 8.96 6.89 2.01 10.79 5.63 11.29 10.12 5.63 3.19 6.10 9.99 1.99 5.77 8.16 7.31 4.57 5.24 9.70 2.25 5.47 11.20 5.72 9.06 8.49 4.11 8.08 2.64 8.81 6.90 9.09 7.23 9.27 
5.48 2.03 5.88 8.34 1.84 2.96 7.56 5.92 0.97 7.59 6.51 3.41 7.57 2.91 2.20 7.90 5.74 3.94 4.71 6.45 7.59 0.62 1.13 7.15 3.43 2.80 7.91 2.97 4.82 7.62 1.22 2.51 5.01 8.18 5.82 0.89 7.39 3.35 7.28 5.08 
6.62 4.50 6.52 6.16 5.07 4.10 6.46 5.66 4.13 5.33 6.85 6.38 5.80 4.92 2.45 6.13 7.09 6.47 1.58 6.99 5.76 3.78 3.24 5.85 3.81 1.24 7.52 4.38 2.38 5.81 4.37 0.74 4.75 5.55 6.32 2.47 5.11 6.58 4.87 1.87 
4.57 5.42 4.32 4.83 5.00 2.45 4.38 3.38 4.46 4.10 4.59 6.90 4.11 6.13 4.09 4.44 5.09 5.23 3.49 4.76 4.11 3.76 2.75 3.85 1.81 3.29 5.26 2.80 4.63 4.15 4.69 2.07 2.47 4.79 4.10 3.23 3.90 6.39 3.82 3.01 
1.71 5.61 2.42 7.47 3.76 1.46 5.50 3.41 4.21 7.01 3.20 5.96 6.33 6.56 5.89 6.57 1.89 1.76 7.06 2.96 6.42 3.46 2.84 5.44 2.10 5.92 5.03 1.16 7.83 6.41 4.28 4.92 2.95 8.03 2.51 4.46 6.88 4.38 6.98 6.82 
5.79 4.79 5.63 5.53 4.94 3.37 5.59 4.74 4.14 4.71 5.95 6.53 5.05 5.35 3.03 5.38 6.28 5.92 2.25 6.10 5.02 3.63 2.87 5.00 2.97 2.02 6.60 3.68 3.27 5.07 4.39 0.92 3.83 5.11 5.43 2.60 4.50 6.44 4.31 2.09 
7.48 2.55 8.25 11.95 2.24 5.80 10.81 8.90 2.73 11.24 9.01 0.65 11.09 2.91 4.84 11.40 7.48 4.65 8.10 8.79 11.12 3.38 4.42 10.51 6.56 6.00 10.75 5.59 7.76 11.14 2.49 6.13 8.11 11.87 8.31 4.34 11.04 1.65 10.95 8.66 
7.81 10.50 6.94 0.86 10.21 7.13 3.63 5.22 9.67 1.16 6.55 12.11 2.07 11.08 8.70 2.02 8.36 9.85 6.06 6.96 1.93 8.98 7.97 3.17 6.26 7.50 5.40 7.47 7.51 1.97 9.91 6.64 5.25 0.93 6.65 8.28 1.33 11.56 1.43 4.97 
8.22 2.51 8.45 9.19 4.29 5.57 9.26 8.07 3.18 8.35 8.98 4.46 8.78 2.37 0.85 9.11 8.56 6.87 3.62 9.00 8.75 3.51 3.87 8.70 5.74 1.79 10.05 5.69 2.82 8.80 3.33 2.85 7.11 8.54 8.34 2.25 8.14 5.58 7.89 4.54 
2.09 5.29 2.52 6.86 3.68 0.67 5.10 3.07 3.91 6.35 3.22 5.91 5.77 6.23 5.29 6.03 2.44 2.36 6.27 3.09 5.84 3.10 2.30 4.95 1.32 5.21 4.88 0.45 7.08 5.84 4.02 4.16 2.43 7.33 2.51 3.89 6.21 4.55 6.28 6.01 
7.85 9.34 7.11 2.08 9.33 6.62 4.39 5.43 8.66 1.51 6.89 11.07 2.81 9.84 7.38 2.95 8.41 9.44 4.52 7.26 2.67 8.05 7.11 3.76 5.79 6.12 6.16 6.98 5.93 2.74 8.90 5.41 5.17 0.72 6.82 7.15 1.44 10.76 1.09 3.44 
7.67 5.28 7.48 6.20 6.11 5.21 6.96 6.46 5.11 5.36 7.75 7.23 6.07 5.53 3.02 6.38 8.16 7.62 0.43 7.93 6.00 4.85 4.38 6.31 4.85 1.73 8.21 5.51 1.56 6.06 5.35 1.88 5.61 5.33 7.27 3.45 5.15 7.63 4.84 1.22 
2.53 8.38 1.55 4.65 7.02 3.49 2.10 0.55 7.08 4.52 1.08 9.24 3.42 9.27 7.75 3.54 3.02 5.29 7.27 1.49 3.55 6.25 5.25 2.33 2.94 7.16 1.55 3.64 8.53 3.51 7.24 5.93 1.48 5.71 1.28 6.55 4.48 7.90 4.75 6.53 
3.28 10.11 2.42 5.65 8.54 5.18 2.90 2.49 8.76 5.78 1.66 10.77 4.51 11.03 9.64 4.49 3.51 6.33 9.19 1.89 4.65 7.94 7.00 3.47 4.77 9.10 1.11 5.24 10.46 4.60 8.89 7.87 3.42 6.97 2.37 8.40 5.80 9.21 6.14 8.40 
6.82 8.46 6.12 2.09 8.33 5.55 3.73 4.48 7.70 1.27 5.95 10.13 2.30 9.02 6.62 2.55 7.39 8.36 4.08 6.31 2.19 7.06 6.09 3.05 4.71 5.41 5.43 5.91 5.55 2.26 7.94 4.57 4.14 1.45 5.83 6.25 1.07 9.74 0.73 2.99 
7.63 6.84 7.22 4.61 7.32 5.55 5.87 5.88 6.44 3.79 7.31 8.72 4.70 7.20 4.69 4.99 8.17 8.26 1.62 7.57 4.61 6.01 5.29 5.18 4.94 3.39 7.35 5.90 3.06 4.67 6.69 3.01 5.18 3.60 6.96 4.80 3.59 8.83 3.24 0.55 
8.02 10.42 7.18 1.20 10.22 7.22 3.95 5.46 9.64 1.28 6.81 12.07 2.36 10.98 8.57 2.35 8.58 9.98 5.83 7.22 2.22 8.97 7.98 3.45 6.36 7.34 5.74 7.57 7.26 2.27 9.88 6.53 5.43 0.62 6.88 8.21 1.41 11.59 1.40 4.74 
5.38 4.96 5.20 5.27 4.92 3.03 5.19 4.30 4.20 4.48 5.50 6.62 4.72 5.58 3.35 5.05 5.88 5.67 2.64 5.66 4.70 3.62 2.76 4.61 2.57 2.42 6.16 3.36 3.71 4.74 4.45 1.25 3.39 4.96 4.99 2.75 4.27 6.39 4.11 2.34 
2.94 9.98 2.19 6.18 8.32 5.07 3.41 2.67 8.61 6.26 1.53 10.53 5.01 10.92 9.65 5.01 3.10 5.97 9.40 1.62 5.15 7.80 6.90 3.94 4.76 9.18 1.66 5.10 10.63 5.10 8.73 7.96 3.54 7.45 2.21 8.36 6.27 8.90 6.59 8.66 
1.66 8.95 1.44 7.11 7.11 4.22 4.41 2.89 7.55 7.02 1.43 9.28 5.88 9.90 8.94 5.97 1.62 4.52 9.25 1.07 6.01 6.78 6.00 4.78 4.18 8.67 2.94 4.14 10.33 5.97 7.63 7.50 3.44 8.21 1.67 7.57 6.98 7.53 7.25 8.66 
6.70 2.92 6.84 7.61 3.81 4.04 7.53 6.36 2.75 6.79 7.32 4.84 7.12 3.33 0.95 7.45 7.09 5.81 2.80 7.37 7.09 2.65 2.55 6.99 4.08 0.77 8.33 4.21 2.79 7.14 2.99 1.17 5.40 7.11 6.70 1.14 6.58 5.30 6.37 3.41 
6.86 0.49 7.40 10.06 1.71 4.56 9.31 7.62 0.97 9.29 8.09 1.85 9.32 1.43 2.53 9.65 7.03 4.68 5.78 7.97 9.33 1.80 2.81 8.91 5.14 3.68 9.59 4.49 5.46 9.37 0.89 3.91 6.72 9.81 7.38 2.13 9.09 2.76 8.95 6.38 
3.40 6.48 2.93 4.34 5.58 2.20 3.10 1.82 5.32 3.79 3.09 7.69 3.32 7.30 5.50 3.61 3.96 4.91 4.96 3.30 3.37 4.52 3.45 2.71 1.33 4.81 3.74 2.53 6.17 3.38 5.52 3.59 0.94 4.78 2.68 4.44 3.65 6.78 3.73 4.31 
6.87 9.91 6.00 0.30 9.48 6.29 2.73 4.28 9.00 0.55 5.60 11.45 1.13 10.55 8.25 1.15 7.42 8.98 5.89 6.02 1.00 8.29 7.25 2.23 5.42 7.10 4.52 6.63 7.36 1.04 9.23 6.14 4.34 1.40 5.70 7.70 0.76 10.79 1.10 4.80 
9.34 5.33 9.26 7.97 6.78 6.76 8.89 8.35 5.66 7.14 9.59 7.32 7.95 5.24 3.09 8.26 9.79 8.84 1.82 9.73 7.87 5.68 5.55 8.24 6.54 2.31 10.13 7.00 0.37 7.94 5.87 3.26 7.46 6.94 9.06 4.18 6.94 8.21 6.60 2.89 
8.63 2.34 8.91 9.82 4.34 6.00 9.85 8.61 3.27 8.99 9.47 4.19 9.40 1.97 1.38 9.73 8.93 7.08 4.22 9.47 9.37 3.73 4.24 9.30 6.23 2.43 10.59 6.09 3.31 9.42 3.38 3.46 7.65 9.18 8.81 2.65 8.77 5.52 8.53 5.16 
4.96 8.18 4.18 2.29 7.53 4.25 1.97 2.49 7.15 1.81 3.95 9.57 1.35 8.90 6.79 1.67 5.52 6.92 5.15 4.32 1.37 6.39 5.33 1.29 3.38 5.80 3.50 4.58 6.58 1.40 7.37 4.68 2.33 2.93 3.88 6.00 1.71 8.79 1.91 4.19 
3.08 9.27 2.07 4.65 7.88 4.37 1.90 1.38 7.97 4.68 1.34 10.11 3.45 10.16 8.62 3.49 3.48 6.01 7.99 1.76 3.59 7.13 6.14 2.36 3.83 8.00 0.68 4.51 9.29 3.54 8.12 6.77 2.34 5.87 1.88 7.44 4.68 8.71 5.00 7.19 
3.15 5.12 3.14 5.79 4.08 0.87 4.52 2.84 3.89 5.18 3.63 6.21 4.81 5.99 4.50 5.11 3.63 3.69 4.90 3.67 4.86 3.07 2.01 4.20 0.39 4.12 4.84 1.23 5.84 4.87 4.07 2.96 1.92 6.06 3.00 3.25 5.01 5.29 5.03 4.57 
5.90 3.23 6.73 11.01 1.50 4.57 9.57 7.57 2.56 10.37 7.51 2.14 10.05 3.96 5.14 10.34 5.84 2.96 8.05 7.25 10.10 2.80 3.62 9.36 5.41 6.06 9.32 4.30 8.02 10.11 2.35 5.84 6.87 11.14 6.83 4.18 10.19 0.07 10.16 8.40 
5.55 3.86 5.57 6.37 3.99 2.95 6.12 4.97 3.17 5.58 6.00 5.56 5.78 4.48 2.35 6.11 5.99 5.23 2.82 6.08 5.77 2.68 2.02 5.59 2.80 1.70 6.92 3.20 3.47 5.81 3.42 0.56 4.01 6.05 5.40 1.65 5.37 5.49 5.21 2.94 
5.57 9.74 4.63 1.64 8.96 5.52 1.13 2.96 8.67 1.85 4.14 11.06 0.56 10.48 8.39 0.48 6.09 7.99 6.60 4.56 0.69 7.88 6.81 0.80 4.68 7.39 2.91 5.81 8.06 0.63 8.88 6.28 3.30 2.99 4.34 7.59 1.93 10.14 2.32 5.58 
3.45 5.12 3.38 5.58 4.22 1.19 4.47 2.91 3.94 4.94 3.81 6.31 4.64 5.96 4.35 4.95 3.93 4.00 4.59 3.88 4.68 3.14 2.07 4.09 0.63 3.89 4.91 1.55 5.56 4.70 4.14 2.71 1.96 5.79 3.21 3.16 4.77 5.48 4.77 4.24 
7.98 8.91 7.31 2.72 9.05 6.54 4.84 5.68 8.31 2.07 7.15 10.70 3.32 9.37 6.88 3.50 8.55 9.36 3.90 7.50 3.19 7.75 6.85 4.19 5.74 5.61 6.59 6.90 5.30 3.26 8.56 4.98 5.31 1.39 7.02 6.75 1.95 10.50 1.56 2.85 
2.80 6.61 2.32 4.68 5.50 1.99 3.06 1.41 5.38 4.21 2.53 7.68 3.57 7.46 5.83 3.84 3.37 4.52 5.52 2.72 3.65 4.55 3.50 2.80 1.19 5.24 3.40 2.27 6.69 3.65 5.56 4.02 0.45 5.26 2.08 4.67 4.08 6.61 4.21 4.91 
6.85 1.05 7.47 10.53 1.43 4.74 9.62 7.84 1.24 9.78 8.19 1.23 9.74 1.79 3.23 10.06 6.96 4.42 6.46 8.04 9.76 2.03 3.10 9.26 5.40 4.37 9.78 4.61 6.16 9.79 1.03 4.52 6.98 10.36 7.48 2.73 9.58 2.15 9.47 7.03 
7.86 3.79 7.89 7.72 5.06 5.21 8.10 7.21 3.96 6.88 8.31 5.79 7.43 3.90 1.47 7.76 8.27 7.13 1.99 8.40 7.38 3.95 3.86 7.50 5.13 0.64 9.11 5.42 1.51 7.44 4.17 1.82 6.27 6.98 7.73 2.44 6.67 6.51 6.39 2.92 
9.77 3.21 10.05 10.67 5.34 7.14 10.87 9.71 4.32 9.83 10.60 4.83 10.33 2.56 2.47 10.66 10.08 8.17 4.78 10.60 10.29 4.84 5.38 10.31 7.36 3.31 11.68 7.23 3.59 10.35 4.40 4.45 8.75 9.92 9.94 3.79 9.62 6.40 9.35 5.81 
6.56 5.57 6.28 5.09 5.92 4.28 5.65 5.17 5.07 4.25 6.50 7.40 4.83 6.03 3.57 5.15 7.07 6.91 1.55 6.70 4.77 4.61 3.88 5.01 3.77 2.34 6.89 4.61 2.88 4.83 5.32 1.66 4.34 4.43 6.05 3.45 4.03 7.42 3.77 1.09 
7.60 3.66 7.64 7.61 4.84 4.95 7.91 6.98 3.75 6.77 8.06 5.65 7.28 3.84 1.35 7.61 8.01 6.87 2.03 8.15 7.23 3.71 3.60 7.31 4.88 0.38 8.89 5.16 1.73 7.29 3.97 1.58 6.04 6.90 7.48 2.21 6.55 6.31 6.29 2.89 
4.68 2.66 5.29 8.84 0.95 2.62 7.61 5.74 1.28 8.16 6.01 3.15 7.92 3.62 3.58 8.23 4.83 2.62 6.00 5.85 7.96 0.79 1.38 7.32 3.37 4.19 7.64 2.45 6.22 7.98 1.31 3.72 4.93 8.91 5.30 2.29 7.98 2.28 7.93 6.24 
7.46 8.84 6.76 2.21 8.83 6.15 4.23 5.10 8.15 1.50 6.57 10.56 2.72 9.35 6.90 2.91 8.02 8.97 4.12 6.93 2.59 7.54 6.60 3.58 5.32 5.66 5.98 6.51 5.56 2.66 8.39 4.91 4.78 1.11 6.46 6.65 1.36 10.26 0.96 3.03 
9.62 4.17 9.73 9.45 6.01 6.95 9.99 9.11 4.89 8.60 10.17 6.05 9.25 3.82 2.39 9.58 10.00 8.52 3.33 10.25 9.20 5.17 5.39 9.38 6.96 2.49 11.02 7.12 1.99 9.26 5.05 3.71 8.16 8.55 9.57 3.80 8.39 7.29 8.09 4.42 
6.44 2.03 6.71 8.25 2.89 3.81 7.88 6.49 1.81 7.45 7.28 3.90 7.64 2.60 0.99 7.98 6.76 5.15 3.77 7.27 7.64 1.83 2.07 7.39 4.06 1.71 8.48 3.90 3.67 7.68 2.03 1.90 5.53 7.87 6.62 0.46 7.24 4.36 7.07 4.34 
5.96 1.81 6.32 8.41 2.21 3.40 7.80 6.26 1.16 7.64 6.93 3.45 7.71 2.59 1.66 8.04 6.25 4.48 4.37 6.89 7.72 1.13 1.58 7.36 3.78 2.37 8.26 3.44 4.37 7.75 1.40 2.30 5.33 8.16 6.25 0.51 7.44 3.70 7.30 4.84 
5.61 3.59 5.67 6.64 3.76 2.97 6.35 5.14 2.92 5.85 6.13 5.29 6.04 4.21 2.13 6.37 6.03 5.13 2.94 6.19 6.03 2.45 1.87 5.83 2.90 1.61 7.11 3.20 3.49 6.07 3.17 0.63 4.18 6.32 5.52 1.37 5.64 5.27 5.48 3.14 
4.36 2.94 4.88 8.23 1.54 2.09 7.04 5.21 1.55 7.56 5.57 3.69 7.32 3.89 3.44 7.63 4.57 2.70 5.57 5.45 7.36 0.78 0.81 6.74 2.80 3.87 7.14 1.98 5.90 7.38 1.67 3.27 4.37 8.30 4.86 2.05 7.37 2.87 7.33 5.74 
2.90 4.92 3.77 8.80 2.82 2.37 6.92 4.84 3.57 8.28 4.55 4.86 7.69 5.87 5.75 7.94 2.85 0.47 7.58 4.27 7.77 3.01 2.85 6.84 3.21 6.09 6.43 2.01 8.11 7.77 3.56 5.30 4.32 9.24 3.89 4.35 8.14 3.08 8.20 7.53 
6.11 1.69 6.47 8.52 2.25 3.55 7.94 6.41 1.17 7.74 7.09 3.39 7.83 2.45 1.56 8.16 6.40 4.60 4.37 7.04 7.84 1.24 1.73 7.49 3.93 2.34 8.41 3.59 4.31 7.87 1.41 2.35 5.47 8.24 6.40 0.56 7.54 3.72 7.39 4.87 
5.83 4.56 5.71 5.76 4.76 3.35 5.79 4.88 3.94 4.95 6.05 6.31 5.27 5.11 2.80 5.60 6.31 5.84 2.25 6.19 5.24 3.45 2.73 5.21 3.01 1.82 6.77 3.65 3.18 5.29 4.19 0.68 3.96 5.34 5.52 2.37 4.74 6.26 4.54 2.21 
2.64 9.31 1.70 5.39 7.77 4.37 2.64 1.74 7.96 5.40 0.91 10.00 4.19 10.22 8.84 4.23 2.96 5.67 8.46 1.24 4.33 7.14 6.19 3.10 3.96 8.31 1.13 4.45 9.71 4.28 8.10 7.08 2.64 6.60 1.60 7.59 5.40 8.49 5.71 7.71 
2.82 5.03 2.95 6.20 3.79 0.37 4.77 2.94 3.73 5.62 3.52 5.98 5.19 5.93 4.65 5.47 3.25 3.19 5.33 3.51 5.24 2.90 1.89 4.50 0.54 4.40 4.91 0.73 6.19 5.26 3.90 3.29 2.09 6.54 2.85 3.32 5.46 4.92 5.50 5.04 
5.94 7.12 5.39 3.19 6.97 4.33 3.87 3.92 6.33 2.36 5.38 8.77 2.89 7.71 5.37 3.20 6.50 7.15 3.28 5.68 2.82 5.69 4.74 3.19 3.54 4.22 5.32 4.69 4.73 2.88 6.58 3.27 3.34 2.82 5.11 4.90 2.14 8.39 1.95 2.29 
10.65 4.84 10.77 10.34 6.83 7.98 11.00 10.15 5.73 9.50 11.22 6.59 10.21 4.31 3.34 10.53 11.02 9.45 4.17 11.29 10.15 6.09 6.38 10.37 8.00 3.53 12.05 8.14 2.72 10.21 5.86 4.75 9.21 9.37 10.62 4.77 9.29 8.02 8.97 5.27 
9.58 4.55 9.63 9.03 6.28 6.93 9.70 8.92 5.16 8.19 10.05 6.48 8.89 4.28 2.57 9.21 9.99 8.67 2.87 10.14 8.83 5.36 5.46 9.07 6.87 2.37 10.80 7.12 1.47 8.89 5.33 3.56 7.99 8.08 9.47 3.92 7.98 7.62 7.66 3.97 
3.44 10.64 2.84 6.85 8.90 5.77 4.10 3.49 9.26 6.98 2.27 11.09 5.71 11.58 10.40 5.69 3.48 6.39 10.21 2.27 5.85 8.45 7.59 4.67 5.51 9.96 2.30 5.76 11.44 5.80 9.36 8.75 4.34 8.17 2.92 9.08 7.00 9.38 7.34 9.47 
2.02 5.83 2.96 8.44 3.77 2.42 6.35 4.25 4.46 8.01 3.75 5.84 7.28 6.79 6.47 7.51 1.89 1.03 7.96 3.42 7.37 3.83 3.46 6.35 3.12 6.66 5.67 2.08 8.63 7.36 4.48 5.75 3.90 9.04 3.14 5.05 7.88 4.02 7.99 7.78 
8.43 1.94 8.75 9.93 3.98 5.83 9.84 8.53 2.93 9.11 9.33 3.78 9.46 1.57 1.39 9.79 8.71 6.77 4.49 9.31 9.44 3.45 4.04 9.32 6.11 2.58 10.52 5.90 3.66 9.48 3.02 3.51 7.57 9.34 8.66 2.50 8.89 5.12 8.66 5.39 
10.76 4.62 10.93 10.76 6.69 8.09 11.32 10.38 5.62 9.92 11.41 6.28 10.58 4.02 3.39 10.91 11.11 9.41 4.61 11.46 10.53 6.05 6.43 10.71 8.17 3.76 12.31 8.23 3.19 10.59 5.73 4.99 9.44 9.82 10.79 4.81 9.71 7.82 9.40 5.71 
4.08 9.26 3.09 3.26 8.15 4.60 0.56 1.58 8.05 3.30 2.53 10.34 2.06 10.09 8.27 2.10 4.57 6.74 7.13 2.97 2.20 7.23 6.17 0.98 3.86 7.46 1.44 4.82 8.51 2.15 8.23 6.26 2.28 4.49 2.83 7.24 3.32 9.17 3.65 6.22 
3.41 4.40 4.25 9.02 2.27 2.49 7.27 5.21 3.08 8.47 5.03 4.31 7.95 5.34 5.36 8.21 3.39 0.79 7.39 4.77 8.02 2.58 2.59 7.14 3.36 5.80 6.87 2.15 7.83 8.02 3.05 5.09 4.62 9.38 4.36 3.99 8.31 2.56 8.35 7.42 
7.10 1.44 7.76 11.00 1.63 5.10 10.04 8.22 1.71 10.27 8.50 0.73 10.20 1.99 3.70 10.51 7.17 4.52 6.96 8.32 10.22 2.46 3.54 9.69 5.80 4.86 10.14 4.95 6.63 10.25 1.48 5.03 7.38 10.85 7.79 3.23 10.07 1.95 9.96 7.54 
7.93 8.27 7.34 3.38 8.54 6.26 5.23 5.79 7.75 2.65 7.27 10.10 3.80 8.69 6.19 4.03 8.50 9.07 3.13 7.59 3.68 7.23 6.39 4.55 5.51 4.90 6.90 6.62 4.52 3.75 7.99 4.36 5.30 2.15 7.06 6.15 2.49 10.02 2.09 2.09 
7.26 4.13 7.22 6.92 5.05 4.66 7.28 6.45 4.02 6.08 7.60 6.09 6.61 4.41 1.90 6.93 7.70 6.81 1.54 7.71 6.56 3.83 3.52 6.67 4.48 0.59 8.32 4.91 1.77 6.61 4.25 1.16 5.52 6.22 7.04 2.37 5.86 6.56 5.60 2.26 
8.22 4.07 8.23 7.83 5.41 5.58 8.33 7.50 4.31 6.99 8.63 6.07 7.60 4.11 1.77 7.92 8.64 7.51 1.90 8.74 7.55 4.32 4.24 7.71 5.47 1.02 9.39 5.80 1.17 7.60 4.52 2.15 6.57 7.02 8.06 2.82 6.78 6.86 6.49 2.91 
6.35 0.95 6.89 9.65 1.35 4.05 8.83 7.12 0.46 8.89 7.58 2.13 8.88 1.91 2.52 9.20 6.53 4.24 5.63 7.46 8.90 1.29 2.31 8.44 4.64 3.55 9.08 3.98 5.43 8.93 0.42 3.63 6.23 9.46 6.87 1.83 8.69 2.62 8.57 6.15 
6.36 3.41 7.21 11.53 1.94 5.09 10.09 8.08 2.93 10.88 7.99 2.02 10.57 4.05 5.46 10.86 6.28 3.38 8.45 7.73 10.62 3.26 4.12 9.88 5.93 6.44 9.82 4.82 8.37 10.63 2.70 6.28 7.39 11.65 7.32 4.58 10.70 0.47 10.67 8.84 
6.89 8.70 6.16 1.85 8.55 5.71 3.62 4.50 7.93 1.03 5.96 10.36 2.14 9.27 6.88 2.37 7.46 8.51 4.33 6.33 2.02 7.28 6.31 2.96 4.86 5.67 5.36 6.06 5.80 2.09 8.17 4.82 4.21 1.23 5.87 6.49 0.84 9.95 0.48 3.24 
3.54 5.96 3.21 4.69 5.13 1.90 3.62 2.30 4.83 4.08 3.47 7.21 3.74 6.77 4.98 4.04 4.09 4.70 4.60 3.64 3.78 4.03 2.96 3.21 1.05 4.32 4.25 2.25 5.75 3.80 5.03 3.09 1.36 5.00 2.98 3.91 3.92 6.37 3.96 4.05 
