2.07 6.43 5.24 6.25 2.89 5.91 4.33 4.69 4.10 2.80 5.31 8.15 3.84 6.58 5.23 5.60 3.58 7.51 6.22 7.88 1.42 5.49 3.45 1.70 6.78 4.31 4.65 2.63 6.63 1.73 6.19 4.86 2.42 5.23 4.52 6.29 3.66 5.80 4.74 3.15 2.31 3.39 3.75 2.61 3.23 2.13 6.60 6.28 5.79 3.45 6.65 3.38 5.10 5.27 5.13 4.74 3.81 3.04 3.47 3.36 
1.62 9.05 7.80 8.83 1.17 7.87 6.86 6.94 6.57 2.99 6.40 10.94 6.65 8.32 7.18 8.23 6.19 10.27 7.83 10.72 3.25 7.62 3.05 2.06 9.34 7.16 6.72 4.27 9.48 2.29 9.09 6.29 1.20 7.68 7.07 8.83 5.98 8.68 6.65 2.37 4.60 0.50 2.68 3.49 1.41 3.70 8.93 7.48 8.69 1.39 9.53 6.10 7.96 5.88 5.53 6.67 6.67 5.86 6.22 3.19 
1.84 10.32 7.78 10.14 3.16 7.26 8.21 8.46 6.53 4.91 8.29 12.00 7.08 10.07 6.61 9.50 6.35 11.37 9.62 11.67 3.46 7.17 1.77 3.80 10.67 7.62 8.33 5.96 10.40 4.03 9.71 5.43 1.51 9.09 8.40 10.17 5.86 9.50 6.10 4.36 6.05 2.05 1.05 5.32 3.37 5.37 10.42 9.37 9.41 3.29 10.35 6.39 8.90 7.83 7.50 6.14 7.61 6.34 6.55 5.17 
8.09 3.07 3.72 3.31 8.95 6.01 3.69 4.63 4.27 7.85 7.47 2.81 2.93 6.49 5.87 3.02 3.96 2.57 6.69 2.13 6.42 5.37 8.71 7.52 3.53 2.40 5.15 6.20 1.14 7.40 0.48 6.97 8.54 3.86 3.58 3.50 4.85 0.66 5.88 8.69 5.26 9.63 9.33 7.16 9.23 6.41 4.57 7.63 0.46 9.48 0.70 3.70 1.55 8.25 8.50 5.82 2.58 3.56 3.53 8.34 
3.64 5.47 3.21 5.40 4.98 4.32 3.81 4.57 2.19 4.61 6.23 6.77 1.78 6.79 3.71 4.73 1.57 6.21 6.60 6.35 1.95 3.77 4.30 3.73 5.92 2.29 4.77 3.70 5.08 3.70 4.33 3.88 4.11 4.71 3.93 5.50 1.97 4.15 3.32 5.15 2.85 5.37 4.88 4.19 5.31 3.47 6.12 6.99 4.02 5.53 4.99 1.30 3.65 6.50 6.49 3.29 2.45 0.99 1.39 5.18 
3.72 7.73 3.01 7.70 5.93 2.55 6.25 7.03 1.87 6.31 8.53 8.68 3.13 9.25 1.86 7.05 2.06 8.21 9.04 8.11 2.24 2.32 3.23 5.11 8.20 3.63 7.22 5.88 6.91 5.19 5.71 1.44 4.19 7.14 6.36 7.82 1.20 5.91 1.33 6.54 5.18 5.79 3.99 6.09 6.29 5.51 8.53 9.37 5.62 6.43 6.66 2.38 5.69 8.66 8.57 1.35 4.69 2.76 2.55 6.85 
6.06 4.03 2.36 4.10 7.18 4.49 3.35 4.37 2.39 6.38 6.88 4.69 0.85 6.59 4.18 3.53 1.94 4.25 6.60 4.14 4.35 3.82 6.60 5.81 4.53 0.42 4.79 4.96 2.92 5.72 1.91 5.07 6.52 3.98 3.35 4.26 2.86 1.93 4.06 7.11 3.96 7.73 7.23 5.78 7.49 5.00 5.18 7.33 1.67 7.73 2.70 1.62 1.85 7.46 7.60 4.00 1.50 1.47 1.44 6.92 
8.98 0.99 6.02 1.34 9.19 8.29 2.96 3.47 6.30 7.67 6.23 1.33 4.72 4.64 8.05 1.60 5.81 0.62 4.99 1.55 7.57 7.63 9.99 7.76 1.25 4.31 3.98 5.89 1.36 7.58 2.95 8.96 9.36 2.48 2.76 1.50 6.74 2.12 7.96 8.61 5.18 10.11 10.50 6.92 9.40 6.30 2.47 6.06 2.60 9.66 1.87 5.44 2.12 7.17 7.52 7.90 3.28 5.07 5.27 8.04 
1.88 7.73 4.51 7.62 4.10 4.40 5.86 6.44 3.25 4.70 7.36 9.10 3.85 8.49 3.71 6.95 3.05 8.53 8.18 8.66 0.65 4.15 1.98 3.43 8.15 4.40 6.50 4.67 7.40 3.55 6.53 2.98 2.37 6.79 6.02 7.70 2.60 6.45 3.18 4.80 4.21 3.95 2.61 4.63 4.46 4.19 8.20 8.31 6.28 4.59 7.28 3.13 5.97 7.32 7.16 3.20 4.75 3.16 3.29 5.22 
5.29 6.17 8.53 5.85 3.57 9.75 4.24 3.63 7.64 1.68 1.79 8.40 6.69 4.00 9.11 5.49 6.99 7.69 3.45 8.53 5.48 9.23 7.04 2.91 6.25 6.92 3.16 1.80 7.55 2.71 7.99 8.91 5.28 4.62 4.41 5.76 7.41 7.16 8.66 2.41 2.78 4.82 7.01 1.47 3.52 2.02 5.36 2.86 7.43 3.74 7.84 6.62 6.26 1.27 1.06 8.65 5.38 6.07 6.63 1.54 
7.40 4.69 8.96 4.35 6.04 10.64 3.51 2.51 8.37 4.09 0.80 6.89 7.04 1.56 10.09 4.25 7.68 6.23 0.98 7.23 7.10 10.04 9.07 5.12 4.58 7.09 2.01 3.12 6.54 4.89 7.46 10.22 7.49 3.33 3.58 4.20 8.34 6.48 9.71 4.93 3.61 7.28 9.18 3.59 6.03 3.67 3.44 0.59 6.89 6.26 6.95 7.25 5.64 1.79 2.26 9.69 5.26 6.65 7.20 4.07 
1.55 7.99 4.88 7.87 3.85 4.71 6.08 6.61 3.63 4.60 7.39 9.41 4.21 8.61 4.02 7.20 3.43 8.83 8.28 8.99 0.79 4.48 1.66 3.30 8.40 4.76 6.64 4.70 7.73 3.44 6.88 3.19 2.03 7.01 6.24 7.94 2.97 6.78 3.49 4.63 4.32 3.62 2.26 4.59 4.21 4.20 8.41 8.36 6.62 4.33 7.62 3.49 6.28 7.29 7.11 3.51 5.05 3.51 3.66 5.09 
1.35 7.49 6.40 7.28 1.71 6.80 5.33 5.51 5.21 2.36 5.50 9.33 5.10 7.13 6.10 6.67 4.75 8.66 6.70 9.10 2.03 6.45 3.09 1.05 7.81 5.58 5.37 3.02 7.85 1.24 7.47 5.47 1.46 6.19 5.53 7.30 4.69 7.05 5.58 2.31 3.11 2.11 3.12 2.53 2.07 2.43 7.49 6.55 7.06 2.25 7.90 4.59 6.32 5.22 4.97 5.59 5.04 4.30 4.70 2.81 
8.18 1.47 7.17 1.14 7.76 9.26 1.88 1.56 7.02 5.98 3.88 3.62 5.43 2.20 8.86 1.37 6.39 2.97 2.53 4.01 7.16 8.59 9.53 6.44 1.31 5.23 1.90 4.28 3.51 6.22 4.78 9.44 8.46 0.96 1.74 0.96 7.26 3.77 8.63 6.95 3.93 8.85 9.88 5.26 7.89 4.82 0.46 3.62 4.26 8.15 4.00 5.95 3.14 4.88 5.27 8.58 3.51 5.41 5.82 6.24 
1.19 7.72 6.52 7.51 1.63 6.84 5.56 5.74 5.31 2.49 5.68 9.55 5.26 7.34 6.15 6.89 4.87 8.89 6.91 9.31 2.08 6.51 2.94 1.19 8.04 5.75 5.59 3.23 8.07 1.40 7.66 5.46 1.25 6.41 5.75 7.53 4.78 7.25 5.62 2.35 3.33 1.92 2.93 2.70 2.00 2.64 7.71 6.74 7.26 2.16 8.10 4.74 6.54 5.37 5.11 5.64 5.25 4.46 4.85 2.91 
2.27 7.81 7.50 7.56 0.69 7.99 5.61 5.57 6.34 1.54 4.94 9.80 6.07 6.86 7.30 6.99 5.84 9.11 6.37 9.66 3.23 7.63 4.01 0.75 8.07 6.51 5.32 2.87 8.46 0.93 8.27 6.67 2.12 6.38 5.82 7.55 5.85 7.74 6.78 1.16 3.33 1.74 3.85 2.03 0.98 2.32 7.56 6.02 7.81 1.22 8.57 5.64 6.94 4.47 4.14 6.79 5.70 5.28 5.73 1.83 
6.45 5.79 9.08 5.45 4.77 10.51 4.15 3.33 8.31 2.88 0.69 8.03 7.18 3.04 9.89 5.21 7.63 7.34 2.46 8.27 6.47 9.95 8.18 4.07 5.77 7.34 2.80 2.52 7.42 3.86 8.10 9.82 6.46 4.29 4.29 5.33 8.16 7.19 9.47 3.60 3.35 6.03 8.18 2.57 4.71 2.93 4.74 1.70 7.53 4.92 7.78 7.23 6.30 0.42 0.80 9.45 5.63 6.65 7.21 2.73 
7.96 3.37 3.40 3.60 8.91 5.69 3.86 4.82 4.00 7.87 7.64 3.13 2.72 6.74 5.57 3.28 3.72 2.90 6.92 2.43 6.27 5.05 8.52 7.49 3.84 2.18 5.33 6.26 1.47 7.38 0.15 6.68 8.42 4.08 3.75 3.79 4.59 0.87 5.59 8.69 5.30 9.55 9.16 7.20 9.20 6.44 4.85 7.84 0.46 9.45 1.02 3.49 1.70 8.40 8.62 5.52 2.59 3.39 3.31 8.37 
3.49 6.23 7.10 5.96 2.32 8.08 4.05 3.89 6.09 0.76 3.37 8.32 5.39 5.14 7.41 5.44 5.47 7.61 4.67 8.26 3.63 7.60 5.22 1.16 6.45 5.73 3.60 1.16 7.12 0.93 7.19 7.10 3.54 4.74 4.25 5.93 5.76 6.51 6.94 1.62 1.87 3.47 5.25 0.40 2.45 0.71 5.87 4.42 6.68 2.71 7.30 5.16 5.66 3.12 2.92 6.93 4.53 4.67 5.20 1.31 
1.64 9.63 7.97 9.41 1.84 7.83 7.45 7.57 6.72 3.69 7.10 11.46 6.96 9.00 7.15 8.80 6.41 10.80 8.52 11.21 3.42 7.64 2.69 2.73 9.94 7.48 7.37 4.94 9.96 2.96 9.47 6.15 1.15 8.29 7.65 9.43 6.10 9.13 6.62 3.05 5.20 0.72 2.18 4.18 2.03 4.36 9.56 8.18 9.10 1.94 9.98 6.35 8.44 6.58 6.22 6.65 7.14 6.18 6.49 3.88 
5.99 7.45 1.26 7.53 8.03 1.06 6.59 7.55 1.36 8.06 9.64 7.78 2.80 9.82 0.98 6.95 2.04 7.48 9.75 7.08 4.34 0.40 5.54 7.02 7.95 3.01 7.88 7.21 6.06 7.04 4.55 2.36 6.48 7.34 6.63 7.69 1.65 5.13 1.26 8.47 6.31 8.04 6.31 7.69 8.40 6.99 8.60 10.31 4.69 8.56 5.67 2.46 5.27 9.99 10.00 1.20 4.74 3.06 2.53 8.63 
7.51 6.11 9.99 5.76 5.75 11.50 4.78 3.84 9.28 3.91 1.02 8.31 8.08 2.83 10.90 5.65 8.60 7.65 2.29 8.65 7.55 10.93 9.26 5.14 6.00 8.19 3.31 3.57 7.92 4.93 8.76 10.88 7.51 4.72 4.88 5.62 9.16 7.80 10.49 4.55 4.34 6.99 9.24 3.65 5.65 4.00 4.85 1.21 8.19 5.84 8.32 8.19 6.94 0.99 1.40 10.47 6.42 7.60 8.15 3.69 
6.14 2.40 5.39 2.19 6.11 7.30 0.31 1.27 5.02 4.60 3.92 4.40 3.51 3.53 6.84 1.57 4.35 3.70 3.51 4.37 4.99 6.65 7.38 4.69 2.72 3.45 1.70 2.84 3.31 4.50 3.85 7.31 6.46 1.23 0.46 2.22 5.17 2.94 6.56 5.53 2.10 7.07 7.78 3.87 6.31 3.22 2.65 4.25 3.28 6.58 3.59 3.91 2.05 4.66 4.90 6.52 1.60 3.33 3.80 5.01 
1.97 9.92 6.44 9.79 4.24 5.65 7.96 8.41 5.23 5.63 8.80 11.36 6.07 10.28 5.03 9.12 5.19 10.78 9.90 10.93 2.71 5.64 0.29 4.35 10.32 6.63 8.38 6.22 9.66 4.56 8.76 3.78 2.09 8.88 8.13 9.86 4.54 8.71 4.54 5.33 6.03 3.43 0.65 5.85 4.54 5.66 10.27 9.84 8.53 4.55 9.54 5.33 8.23 8.53 8.26 4.59 6.99 5.42 5.50 6.02 
8.31 4.52 9.42 4.19 7.00 11.22 3.80 2.78 8.93 5.05 1.72 6.62 7.52 0.92 10.70 4.25 8.25 6.00 0.55 7.05 7.92 10.60 9.96 6.05 4.31 7.50 2.38 3.99 6.52 5.82 7.61 10.93 8.42 3.39 3.83 4.01 8.96 6.60 10.35 5.88 4.37 8.24 10.09 4.53 6.99 4.56 3.09 0.77 7.05 7.21 6.97 7.81 5.82 2.63 3.11 10.32 5.65 7.21 7.73 5.02 
6.63 3.06 7.09 2.72 5.93 8.90 1.54 0.57 6.60 4.10 2.30 5.30 5.18 1.99 8.38 2.45 5.92 4.60 1.83 5.51 5.90 8.26 8.13 4.67 3.10 5.17 0.05 2.47 4.68 4.45 5.50 8.69 6.85 1.52 1.62 2.62 6.66 4.53 8.05 5.06 2.37 7.07 8.39 3.39 6.04 3.04 2.29 2.51 4.93 6.29 5.06 5.48 3.68 3.18 3.51 8.02 3.33 4.88 5.40 4.34 
3.15 11.51 9.21 11.30 3.62 8.63 9.35 9.50 7.97 5.55 8.96 13.28 8.49 10.92 8.00 10.68 7.78 12.63 10.43 12.98 4.86 8.58 3.13 4.66 11.83 9.03 9.31 6.87 11.72 4.89 11.10 6.77 2.72 10.20 9.55 11.32 7.29 10.85 7.50 4.80 7.12 2.37 2.36 6.09 3.70 6.29 11.49 10.04 10.77 3.53 11.70 7.81 10.20 8.36 7.97 7.54 8.91 7.74 7.96 5.67 
2.59 6.33 6.23 6.10 2.26 7.06 4.14 4.25 5.15 1.65 4.32 8.26 4.64 5.85 6.38 5.51 4.57 7.58 5.44 8.11 2.55 6.60 4.25 0.82 6.62 5.05 4.08 1.74 6.90 0.72 6.72 6.02 2.75 4.96 4.34 6.10 4.77 6.17 5.89 2.14 1.87 3.14 4.37 1.47 2.53 1.16 6.23 5.34 6.26 2.78 7.00 4.31 5.38 4.18 4.00 5.89 4.14 3.88 4.37 2.22 
2.38 6.63 4.07 6.52 4.07 4.53 4.77 5.37 2.85 4.19 6.50 8.05 3.01 7.46 3.85 5.85 2.44 7.47 7.18 7.65 0.64 4.13 3.03 3.06 7.05 3.55 5.45 3.81 6.38 3.11 5.62 3.52 2.86 5.69 4.92 6.60 2.34 5.45 3.35 4.50 3.22 4.25 3.58 3.97 4.43 3.40 7.11 7.39 5.33 4.61 6.30 2.37 4.93 6.56 6.46 3.35 3.68 2.25 2.51 4.75 
8.63 0.65 6.87 0.46 8.43 9.05 2.24 2.31 6.88 6.73 4.82 2.68 5.26 3.08 8.71 1.08 6.29 2.04 3.46 3.10 7.46 8.38 9.86 7.06 0.36 4.97 2.74 4.99 2.75 6.86 4.17 9.42 8.95 1.41 2.05 0.31 7.20 3.19 8.53 7.70 4.49 9.47 10.28 6.00 8.59 5.48 0.91 4.56 3.69 8.86 3.26 5.87 2.74 5.81 6.19 8.47 3.45 5.39 5.73 7.03 
5.88 9.83 3.86 9.87 8.28 1.69 8.65 9.51 3.45 8.90 11.17 10.35 5.06 11.77 1.67 9.25 4.03 10.01 11.60 9.66 4.77 2.23 4.72 7.66 10.33 5.41 9.75 8.53 8.60 7.76 7.13 1.27 6.29 9.49 8.73 10.01 3.17 7.64 1.79 9.04 7.80 7.90 5.44 8.72 8.64 8.16 10.83 11.98 7.23 8.74 8.24 4.47 7.67 11.31 11.22 1.84 6.92 5.01 4.60 9.43 
4.63 3.89 4.99 3.69 4.75 6.56 1.77 2.29 4.30 3.49 4.00 5.75 3.09 4.45 6.00 3.06 3.61 5.07 4.25 5.60 3.56 5.96 5.91 3.31 4.22 3.28 2.42 1.91 4.42 3.14 4.47 6.23 4.95 2.69 1.96 3.73 4.26 3.77 5.64 4.35 0.92 5.63 6.28 2.81 4.99 2.06 4.08 4.67 3.94 5.25 4.57 3.19 2.93 4.45 4.55 5.61 1.80 2.59 3.15 3.99 
6.57 10.26 4.12 10.31 8.97 1.84 9.17 10.06 3.89 9.57 11.80 10.65 5.50 12.33 2.06 9.71 4.52 10.34 12.18 9.94 5.45 2.47 5.37 8.34 10.76 5.81 10.32 9.17 8.92 8.44 7.40 1.95 6.97 9.99 9.25 10.46 3.71 7.99 2.31 9.73 8.42 8.57 6.07 9.39 9.33 8.81 11.31 12.59 7.55 9.43 8.54 4.97 8.08 11.96 11.88 2.35 7.40 5.53 5.09 10.11 
8.94 5.44 10.39 5.12 7.42 12.16 4.78 3.76 9.88 5.50 2.10 7.47 8.48 1.78 11.62 5.21 9.19 6.88 1.54 7.95 8.69 11.54 10.63 6.62 5.20 8.48 3.35 4.69 7.47 6.39 8.59 11.80 9.00 4.37 4.82 4.93 9.88 7.58 11.26 6.25 5.20 8.67 10.71 5.08 7.36 5.23 3.96 1.04 8.03 7.57 7.93 8.75 6.81 2.75 3.20 11.23 6.63 8.15 8.68 5.38 
7.88 0.67 5.69 0.72 7.99 7.88 1.74 2.32 5.73 6.45 5.16 2.54 4.11 3.86 7.55 0.44 5.16 1.83 4.11 2.64 6.57 7.21 8.99 6.57 1.16 3.81 2.85 4.68 1.86 6.38 3.08 8.31 8.24 1.37 1.54 0.90 6.08 2.07 7.39 7.39 3.98 8.93 9.46 5.71 8.19 5.09 1.93 5.13 2.57 8.45 2.32 4.75 1.56 6.06 6.39 7.33 2.38 4.30 4.60 6.83 
7.64 3.44 8.23 3.09 6.65 10.08 2.58 1.57 7.79 4.73 1.96 5.62 6.33 0.82 9.57 3.07 7.11 4.97 0.67 5.98 7.03 9.44 9.20 5.52 3.30 6.29 1.24 3.33 5.35 5.29 6.40 9.88 7.81 2.18 2.61 2.93 7.86 5.39 9.25 5.65 3.47 7.85 9.41 4.09 6.70 3.92 2.17 1.64 5.83 6.95 5.79 6.66 4.60 2.98 3.41 9.21 4.45 6.07 6.58 4.84 
5.38 6.07 0.97 6.12 7.13 2.50 5.11 6.07 0.42 6.88 8.22 6.63 1.33 8.34 2.13 5.52 0.70 6.25 8.27 5.99 3.61 1.84 5.38 5.96 6.57 1.63 6.40 5.87 4.86 5.95 3.50 3.10 5.88 5.87 5.16 6.28 1.09 3.89 2.04 7.40 4.93 7.34 6.11 6.44 7.48 5.70 7.15 8.85 3.51 7.67 4.54 1.04 3.89 8.62 8.65 1.97 3.27 1.63 1.07 7.45 
5.93 9.90 3.91 9.94 8.34 1.73 8.72 9.58 3.51 8.96 11.24 10.41 5.13 11.84 1.73 9.32 4.10 10.07 11.67 9.72 4.83 2.28 4.75 7.72 10.39 5.48 9.82 8.59 8.66 7.82 7.19 1.32 6.34 9.56 8.80 10.08 3.24 7.71 1.86 9.10 7.87 7.94 5.47 8.79 8.69 8.22 10.90 12.05 7.29 8.79 8.30 4.54 7.74 11.38 11.28 1.91 6.98 5.08 4.67 9.49 
9.87 2.38 5.98 2.72 10.32 8.27 4.22 4.83 6.52 8.90 7.61 0.59 5.09 5.99 8.15 2.94 6.16 0.88 6.36 0.24 8.33 7.63 10.70 8.88 2.56 4.59 5.35 7.13 1.33 8.71 2.70 9.22 10.28 3.85 4.03 2.88 7.07 2.31 8.15 9.82 6.35 11.17 11.27 8.16 10.55 7.50 3.80 7.45 2.62 10.81 1.58 5.85 2.80 8.55 8.89 8.08 4.09 5.61 5.68 9.31 
5.55 3.03 5.39 2.80 5.48 7.17 0.85 1.43 4.88 4.00 3.67 5.02 3.47 3.68 6.66 2.20 4.19 4.32 3.55 4.97 4.49 6.54 6.85 4.06 3.33 3.52 1.68 2.25 3.87 3.87 4.24 7.01 5.86 1.75 1.04 2.82 4.94 3.40 6.34 4.92 1.47 6.44 7.22 3.27 5.68 2.60 3.14 4.15 3.67 5.95 4.11 3.75 2.50 4.31 4.50 6.30 1.73 3.16 3.67 4.42 
7.82 2.52 3.99 2.73 8.54 6.28 3.09 4.01 4.38 7.35 6.86 2.65 2.90 5.87 6.08 2.41 3.98 2.26 6.06 2.10 6.21 5.62 8.55 7.10 2.99 2.41 4.53 5.67 0.88 6.96 1.03 7.08 8.25 3.23 2.96 2.92 4.89 0.12 6.03 8.21 4.75 9.27 9.15 6.65 8.80 5.91 3.98 7.01 0.57 9.06 0.74 3.66 0.97 7.65 7.90 5.97 2.14 3.43 3.49 7.83 
2.29 10.76 7.83 10.59 3.83 7.11 8.68 8.99 6.60 5.57 8.93 12.37 7.29 10.66 6.48 9.94 6.48 11.75 10.22 12.00 3.72 7.09 1.63 4.42 11.13 7.84 8.88 6.54 10.73 4.65 9.96 5.23 2.06 9.58 8.87 10.64 5.91 9.81 6.00 5.03 6.57 2.72 0.87 5.95 4.05 5.95 10.93 10.00 9.68 3.97 10.65 6.57 9.25 8.49 8.16 6.05 7.97 6.58 6.73 5.83 
2.16 9.48 8.37 9.24 1.20 8.42 7.28 7.29 7.14 3.15 6.54 11.40 7.21 8.55 7.72 8.65 6.76 10.72 8.05 11.21 3.82 8.18 3.46 2.41 9.75 7.71 7.04 4.59 9.98 2.63 9.62 6.80 1.71 8.07 7.48 9.23 6.55 9.19 7.19 2.39 5.00 0.10 2.99 3.73 1.30 4.03 9.28 7.63 9.21 1.17 10.04 6.66 8.45 5.95 5.56 7.22 7.17 6.42 6.78 3.25 
4.15 4.34 4.78 4.16 4.45 6.21 2.27 2.79 3.98 3.37 4.31 6.13 2.92 4.92 5.63 3.52 3.30 5.46 4.69 5.93 3.05 5.63 5.41 3.01 4.69 3.19 2.90 1.97 4.71 2.86 4.60 5.79 4.50 3.19 2.44 4.20 3.89 3.99 5.25 4.16 0.99 5.26 5.79 2.74 4.71 1.97 4.58 5.05 4.11 4.96 4.82 2.90 3.19 4.67 4.72 5.22 1.97 2.33 2.89 3.89 
4.46 7.92 2.60 7.93 6.69 1.80 6.61 7.45 1.67 7.02 9.12 8.68 3.18 9.70 1.10 7.29 2.10 8.26 9.53 8.06 2.99 1.62 3.85 5.85 8.41 3.62 7.69 6.51 6.91 5.92 5.59 1.06 4.94 7.47 6.70 8.06 1.18 5.92 0.57 7.28 5.75 6.54 4.62 6.78 7.05 6.17 8.83 9.92 5.57 7.19 6.61 2.50 5.81 9.31 9.24 0.60 4.93 3.00 2.66 7.58 
6.82 6.23 0.51 6.36 8.55 2.58 5.77 6.78 1.75 8.19 9.20 6.28 2.16 9.00 2.60 5.85 2.10 6.04 9.02 5.55 5.04 1.98 6.72 7.34 6.72 2.06 7.19 7.03 4.61 7.32 3.03 3.93 7.31 6.38 5.77 6.53 2.43 3.75 2.79 8.76 6.06 8.78 7.47 7.70 8.89 6.94 7.52 9.71 3.27 9.09 4.18 2.32 4.08 9.70 9.78 2.72 3.91 2.79 2.26 8.76 
4.01 5.85 2.48 5.82 5.62 3.50 4.40 5.24 1.37 5.41 7.04 6.91 1.48 7.49 2.91 5.17 0.82 6.40 7.33 6.41 2.22 2.94 4.33 4.45 6.32 2.03 5.48 4.53 5.16 4.45 4.16 3.22 4.50 5.27 4.50 5.94 1.16 4.18 2.54 5.89 3.67 5.89 4.99 5.00 5.97 4.30 6.66 7.77 3.96 6.17 4.98 0.75 3.85 7.33 7.32 2.50 2.81 0.90 0.91 5.97 
1.94 10.13 6.84 9.99 4.05 6.08 8.13 8.53 5.62 5.55 8.79 11.63 6.41 10.35 5.46 9.33 5.55 11.04 9.95 11.22 2.95 6.06 0.62 4.30 10.53 6.96 8.48 6.26 9.95 4.51 9.09 4.20 1.95 9.05 8.31 10.05 4.93 9.01 4.97 5.18 6.14 3.15 0.27 5.82 4.33 5.68 10.43 9.84 8.85 4.31 9.84 5.67 8.50 8.47 8.18 5.02 7.25 5.73 5.84 5.90 
8.65 4.76 9.78 4.43 7.29 11.59 4.14 3.13 9.30 5.35 1.97 6.81 7.88 1.10 11.07 4.53 8.62 6.21 0.89 7.28 8.28 10.97 10.31 6.38 4.52 7.85 2.75 4.34 6.78 6.15 7.92 11.30 8.75 3.70 4.17 4.25 9.34 6.91 10.72 6.16 4.74 8.53 10.43 4.85 7.27 4.91 3.29 0.92 7.36 7.49 7.25 8.18 6.14 2.81 3.28 10.69 6.00 7.58 8.10 5.29 
3.28 6.44 3.08 6.38 5.07 3.63 4.81 5.56 1.85 5.08 7.07 7.62 2.25 7.77 2.97 5.71 1.49 7.09 7.55 7.14 1.50 3.18 3.56 4.01 6.89 2.80 5.74 4.45 5.89 4.04 4.93 2.92 3.78 5.72 4.94 6.48 1.35 4.91 2.51 5.46 3.70 5.23 4.22 4.77 5.42 4.13 7.12 7.89 4.71 5.61 5.73 1.52 4.52 7.26 7.20 2.50 3.39 1.61 1.68 5.65 
1.40 9.79 6.90 9.63 3.41 6.36 7.73 8.08 5.66 4.94 8.21 11.37 6.30 9.83 5.70 8.97 5.51 10.76 9.42 11.00 2.72 6.27 0.90 3.70 10.16 6.85 8.00 5.72 9.73 3.92 8.96 4.54 1.33 8.64 7.92 9.68 4.99 8.80 5.20 4.54 5.67 2.53 0.41 5.23 3.69 5.14 10.00 9.27 8.68 3.67 9.65 5.59 8.25 7.86 7.57 5.24 6.97 5.58 5.75 5.28 
4.18 7.52 2.51 7.51 6.33 2.15 6.16 6.99 1.42 6.59 8.65 8.35 2.82 9.24 1.46 6.87 1.73 7.91 9.06 7.76 2.62 1.84 3.75 5.44 8.00 3.29 7.22 6.04 6.58 5.51 5.32 1.47 4.67 7.02 6.25 7.64 0.81 5.59 0.95 6.88 5.27 6.25 4.51 6.33 6.69 5.71 8.40 9.45 5.26 6.84 6.31 2.10 5.43 8.84 8.78 0.95 4.51 2.57 2.27 7.15 
7.93 2.39 7.67 2.05 7.25 9.65 2.06 1.27 7.38 5.39 3.00 4.55 5.84 1.35 9.20 2.12 6.72 3.90 1.62 4.93 7.09 9.00 9.38 6.00 2.23 5.71 1.35 3.79 4.37 5.78 5.54 9.66 8.16 1.36 2.00 1.88 7.53 4.52 8.92 6.35 3.65 8.40 9.68 4.70 7.35 4.37 1.12 2.69 4.99 7.60 4.84 6.27 3.80 4.00 4.42 8.88 3.90 5.70 6.16 5.59 
8.35 3.09 3.91 3.34 9.20 6.19 3.86 4.77 4.51 8.08 7.63 2.63 3.19 6.57 6.08 3.11 4.21 2.44 6.79 1.92 6.69 5.56 8.97 7.78 3.52 2.65 5.30 6.42 1.05 7.65 0.62 7.19 8.80 3.97 3.73 3.53 5.09 0.84 6.10 8.93 5.49 9.89 9.60 7.39 9.48 6.64 4.60 7.76 0.73 9.73 0.55 3.96 1.74 8.43 8.68 6.03 2.82 3.83 3.78 8.56 
8.49 5.57 10.22 5.23 6.90 11.92 4.69 3.67 9.65 5.00 1.63 7.67 8.30 1.96 11.36 5.26 8.96 7.06 1.57 8.11 8.31 11.31 10.19 6.14 5.37 8.33 3.21 4.29 7.54 5.92 8.58 11.48 8.53 4.38 4.74 5.06 9.62 7.58 10.99 5.73 4.87 8.15 10.25 4.61 6.84 4.81 4.15 0.69 8.02 7.04 7.99 8.53 6.78 2.20 2.65 10.96 6.49 7.93 8.47 4.85 
5.52 3.29 3.72 3.24 6.17 5.63 1.97 2.95 3.36 5.10 5.37 4.66 1.83 5.21 5.19 2.58 2.71 4.06 5.18 4.34 4.03 4.98 6.44 4.74 3.75 1.81 3.33 3.55 3.08 4.61 2.85 5.77 5.93 2.76 2.02 3.36 3.57 2.27 4.95 5.91 2.56 6.89 6.96 4.44 6.44 3.67 4.10 5.85 2.35 6.69 3.11 2.27 1.56 5.96 6.11 4.90 0.27 1.74 2.15 5.61 
0.97 7.76 5.37 7.61 3.06 5.44 5.74 6.16 4.13 3.80 6.70 9.34 4.43 8.05 4.74 6.95 3.81 8.72 7.69 8.98 0.82 5.16 1.97 2.49 8.14 4.97 6.13 4.05 7.71 2.64 7.03 4.00 1.46 6.65 5.92 7.66 3.52 6.81 4.21 3.80 3.79 2.95 2.33 3.83 3.42 3.51 8.04 7.70 6.71 3.55 7.66 3.78 6.22 6.55 6.34 4.23 4.94 3.67 3.93 4.28 
5.71 6.31 0.62 6.39 7.51 2.21 5.46 6.43 0.63 7.29 8.62 6.75 1.66 8.70 1.93 5.81 1.11 6.40 8.64 6.08 3.94 1.54 5.61 6.36 6.81 1.87 6.78 6.28 4.99 6.36 3.56 3.05 6.20 6.19 5.50 6.55 1.30 4.04 1.94 7.80 5.34 7.69 6.35 6.85 7.86 6.12 7.45 9.24 3.63 8.05 4.64 1.46 4.13 9.03 9.07 1.87 3.60 2.03 1.47 7.86 
3.28 11.60 9.38 11.39 3.62 8.83 9.43 9.56 8.14 5.56 8.96 13.38 8.64 10.94 8.19 10.77 7.94 12.73 10.45 13.10 5.01 8.77 3.32 4.70 11.91 9.17 9.36 6.91 11.84 4.93 11.24 6.96 2.84 10.28 9.63 11.41 7.47 10.97 7.69 4.79 7.19 2.37 2.55 6.12 3.68 6.34 11.55 10.04 10.90 3.50 11.82 7.96 10.32 8.34 7.95 7.73 9.03 7.88 8.12 5.66 
7.59 4.42 8.90 4.08 6.31 10.64 3.36 2.35 8.36 4.36 1.13 6.60 6.98 1.22 10.09 4.02 7.67 5.95 0.64 6.97 7.22 10.02 9.24 5.34 4.29 7.00 1.88 3.28 6.31 5.11 7.28 10.28 7.70 3.11 3.43 3.92 8.35 6.29 9.73 5.21 3.69 7.54 9.37 3.82 6.31 3.84 3.13 0.69 6.71 6.54 6.74 7.23 5.47 2.14 2.60 9.70 5.16 6.63 7.17 4.36 
7.12 2.03 6.62 1.70 6.71 8.59 0.99 0.53 6.31 4.97 3.29 4.27 4.78 2.30 8.14 1.43 5.65 3.57 2.40 4.48 6.15 7.94 8.49 5.37 2.11 4.67 1.01 3.24 3.70 5.16 4.67 8.61 7.39 0.50 0.94 1.61 6.47 3.67 7.86 5.93 2.86 7.79 8.83 4.23 6.85 3.76 1.52 3.32 4.10 7.11 4.11 5.21 2.87 4.20 4.55 7.82 2.84 4.64 5.10 5.26 
2.52 9.71 5.69 9.61 4.94 4.74 7.86 8.42 4.53 6.12 9.12 10.99 5.56 10.42 4.14 8.94 4.59 10.45 10.08 10.51 2.59 4.76 0.92 4.81 10.14 6.10 8.45 6.46 9.26 4.99 8.23 2.84 2.78 8.79 8.02 9.69 3.85 8.28 3.67 5.95 6.13 4.27 1.61 6.23 5.27 5.93 10.20 10.12 8.06 5.30 9.09 4.79 7.89 8.95 8.72 3.72 6.70 4.98 4.97 6.56 
2.03 9.77 6.17 9.64 4.37 5.37 7.83 8.31 4.97 5.69 8.80 11.17 5.85 10.23 4.74 8.98 4.94 10.60 9.86 10.72 2.56 5.35 0.27 4.39 10.18 6.40 8.30 6.19 9.46 4.59 8.53 3.49 2.20 8.76 8.00 9.72 4.28 8.50 4.26 5.43 5.96 3.62 0.93 5.86 4.69 5.64 10.16 9.83 8.32 4.70 9.33 5.09 8.04 8.56 8.31 4.31 6.82 5.20 5.26 6.09 
7.22 3.51 2.89 3.68 8.23 5.18 3.54 4.55 3.34 7.27 7.29 3.69 1.99 6.61 4.99 3.24 3.01 3.35 6.73 3.06 5.52 4.52 7.78 6.82 4.00 1.45 5.04 5.71 1.94 6.71 0.74 6.04 7.68 3.93 3.47 3.86 3.90 1.01 4.97 8.06 4.73 8.83 8.41 6.61 8.52 5.85 4.89 7.58 0.57 8.77 1.61 2.75 1.48 7.99 8.18 4.90 2.02 2.65 2.58 7.78 
1.59 9.96 7.81 9.77 2.54 7.47 7.82 8.02 6.56 4.33 7.72 11.71 6.97 9.55 6.80 9.14 6.31 11.07 9.09 11.42 3.35 7.33 2.12 3.27 10.30 7.50 7.86 5.45 10.15 3.50 9.55 5.71 1.15 8.69 8.02 9.79 5.90 9.28 6.28 3.75 5.61 1.44 1.51 4.77 2.75 4.87 9.99 8.80 9.22 2.68 10.13 6.31 8.64 7.24 6.90 6.32 7.34 6.20 6.46 4.57 
7.10 1.39 5.37 1.27 7.20 7.47 1.01 1.81 5.26 5.69 4.67 3.30 3.65 3.72 7.09 0.61 4.65 2.60 3.87 3.30 5.82 6.81 8.24 5.78 1.80 3.43 2.34 3.92 2.33 5.59 3.19 7.75 7.45 1.04 0.83 1.38 5.54 2.19 6.89 6.63 3.19 8.14 8.69 4.95 7.41 4.31 2.17 4.79 2.63 7.67 2.68 4.22 1.41 5.52 5.81 6.84 1.77 3.71 4.08 6.09 
8.90 5.71 10.55 5.38 7.31 12.28 4.97 3.95 10.00 5.41 2.05 7.76 8.63 2.05 11.73 5.46 9.31 7.17 1.76 8.23 8.72 11.67 10.61 6.56 5.48 8.64 3.52 4.70 7.72 6.34 8.82 11.87 8.95 4.60 5.01 5.20 9.99 7.81 11.36 6.13 5.26 8.56 10.66 5.03 7.24 5.23 4.25 1.07 8.26 7.44 8.18 8.88 7.02 2.59 3.03 11.33 6.80 8.28 8.81 5.26 
3.00 7.82 8.05 7.54 0.88 8.65 5.63 5.46 6.91 1.09 4.46 9.88 6.52 6.52 7.96 7.02 6.38 9.18 6.00 9.80 3.91 8.27 4.73 1.12 8.03 6.93 5.14 2.74 8.64 1.17 8.58 7.37 2.82 6.33 5.83 7.51 6.46 7.98 7.45 0.43 3.40 2.13 4.54 1.76 0.89 2.27 7.42 5.55 8.10 1.15 8.79 6.15 7.15 3.89 3.53 7.45 5.95 5.75 6.23 1.20 
6.40 9.61 3.44 9.67 8.75 1.16 8.58 9.49 3.28 9.23 11.31 9.97 4.88 11.76 1.44 9.08 3.93 9.67 11.63 9.26 5.14 1.80 5.36 8.03 10.11 5.16 9.77 8.72 8.25 8.11 6.73 1.74 6.83 9.39 8.65 9.83 3.16 7.32 1.78 9.44 7.94 8.45 6.09 9.00 9.12 8.39 10.69 12.08 6.88 9.23 7.86 4.37 7.43 11.52 11.46 1.81 6.79 4.95 4.48 9.77 
3.89 7.81 2.93 7.79 6.12 2.37 6.37 7.17 1.83 6.50 8.70 8.71 3.17 9.39 1.67 7.14 2.09 8.26 9.19 8.13 2.43 2.16 3.36 5.31 8.29 3.66 7.37 6.06 6.94 5.39 5.71 1.28 4.37 7.25 6.48 7.92 1.19 5.95 1.14 6.73 5.34 5.97 4.12 6.28 6.48 5.69 8.64 9.53 5.64 6.62 6.68 2.43 5.75 8.85 8.76 1.17 4.78 2.84 2.60 7.04 
8.09 1.23 5.16 1.46 8.43 7.41 2.37 3.11 5.36 7.01 5.97 2.08 3.78 4.71 7.14 1.28 4.86 1.45 4.97 1.95 6.64 6.74 9.05 6.99 1.71 3.39 3.64 5.25 1.01 6.82 2.30 8.02 8.48 2.20 2.20 1.65 5.79 1.33 7.03 7.93 4.46 9.30 9.57 6.28 8.66 5.61 2.72 5.98 1.84 8.92 1.46 4.49 1.16 6.85 7.15 6.97 2.34 4.11 4.32 7.43 
3.75 7.78 8.56 7.49 1.52 9.29 5.63 5.33 7.47 0.93 3.96 9.91 6.95 6.14 8.60 7.00 6.90 9.21 5.59 9.90 4.58 8.88 5.48 1.70 7.95 7.33 4.95 2.70 8.77 1.66 8.85 8.07 3.57 6.25 5.83 7.44 7.06 8.18 8.10 0.33 3.52 2.74 5.28 1.67 1.39 2.36 7.24 5.04 8.34 1.58 8.96 6.64 7.32 3.28 2.89 8.10 6.19 6.20 6.70 0.65 
5.93 2.75 4.16 2.69 6.40 6.14 1.51 2.52 3.88 5.19 5.10 4.24 2.31 4.75 5.72 2.03 3.25 3.61 4.76 3.98 4.51 5.48 6.93 4.96 3.20 2.21 2.94 3.54 2.75 4.81 2.82 6.33 6.32 2.23 1.53 2.81 4.12 2.07 5.49 6.05 2.59 7.20 7.43 4.49 6.66 3.75 3.55 5.49 2.27 6.91 2.87 2.81 1.24 5.76 5.95 5.44 0.37 2.29 2.68 5.67 
8.31 2.39 4.40 2.64 8.98 6.69 3.33 4.19 4.85 7.74 7.05 2.17 3.40 5.91 6.52 2.45 4.47 1.85 6.15 1.60 6.71 6.04 9.06 7.54 2.82 2.90 4.72 6.03 0.42 7.39 1.22 7.55 8.74 3.34 3.18 2.84 5.38 0.63 6.49 8.62 5.14 9.74 9.65 7.03 9.24 6.30 3.91 7.13 0.96 9.49 0.31 4.16 1.35 7.89 8.16 6.43 2.59 3.94 3.99 8.20 
8.93 1.37 5.67 1.70 9.26 7.95 3.11 3.73 6.01 7.80 6.53 1.24 4.47 5.03 7.74 1.84 5.56 0.64 5.36 1.23 7.46 7.29 9.87 7.82 1.68 4.02 4.25 6.03 0.92 7.65 2.53 8.69 9.32 2.75 2.92 1.88 6.48 1.77 7.67 8.73 5.27 10.14 10.40 7.06 9.48 6.41 2.89 6.42 2.22 9.74 1.43 5.20 1.93 7.46 7.79 7.61 3.17 4.87 5.03 8.20 
4.54 5.56 2.06 5.56 6.10 3.39 4.28 5.18 1.12 5.77 7.17 6.49 0.97 7.45 2.88 4.92 0.44 6.01 7.33 5.95 2.76 2.78 4.85 4.88 6.04 1.52 5.47 4.76 4.73 4.86 3.66 3.42 5.03 5.11 4.36 5.69 1.21 3.74 2.59 6.31 3.84 6.40 5.52 5.32 6.44 4.58 6.46 7.84 3.48 6.65 4.52 0.22 3.49 7.52 7.55 2.54 2.56 0.64 0.39 6.33 
4.18 6.06 2.21 6.04 5.89 3.15 4.69 5.54 1.05 5.73 7.38 7.02 1.50 7.81 2.57 5.39 0.60 6.54 7.66 6.48 2.39 2.59 4.36 4.76 6.54 2.04 5.80 4.88 5.26 4.76 4.17 2.95 4.67 5.54 4.78 6.17 0.82 4.27 2.21 6.20 4.01 6.11 5.05 5.34 6.25 4.64 6.91 8.11 4.01 6.44 5.05 0.73 4.01 7.67 7.66 2.18 3.03 1.09 0.91 6.30 
7.72 3.07 3.49 3.27 8.59 5.78 3.47 4.43 3.97 7.52 7.24 3.07 2.59 6.37 5.61 2.92 3.63 2.75 6.54 2.43 6.05 5.13 8.34 7.17 3.55 2.06 4.94 5.89 1.32 7.04 0.52 6.67 8.16 3.71 3.36 3.46 4.52 0.52 5.60 8.34 4.93 9.26 8.96 6.83 8.87 6.08 4.52 7.45 0.09 9.12 0.98 3.36 1.30 8.00 8.23 5.53 2.23 3.20 3.18 8.01 
3.26 5.23 4.75 5.06 3.80 5.88 3.16 3.63 3.78 3.08 4.76 6.96 3.07 5.67 5.25 4.41 3.14 6.31 5.38 6.71 2.20 5.35 4.52 2.40 5.59 3.45 3.67 2.14 5.47 2.31 5.15 5.20 3.62 4.08 3.34 5.10 3.53 4.67 4.81 3.72 1.43 4.49 4.89 2.60 4.10 1.88 5.47 5.62 4.71 4.34 5.52 2.82 3.94 4.95 4.91 4.80 2.65 2.33 2.86 3.65 
1.99 6.65 5.85 6.44 2.32 6.51 4.49 4.72 4.71 2.25 5.00 8.48 4.41 6.46 5.82 5.82 4.19 7.81 6.06 8.25 1.89 6.09 3.59 1.09 6.97 4.86 4.62 2.38 7.02 1.13 6.68 5.39 2.23 5.36 4.69 6.47 4.27 6.23 5.32 2.54 2.31 2.93 3.76 2.16 2.64 1.82 6.68 6.01 6.25 2.87 7.07 3.98 5.49 4.87 4.68 5.32 4.21 3.62 4.06 2.79 
3.36 5.19 5.27 4.99 3.53 6.42 3.04 3.36 4.32 2.60 4.26 7.04 3.54 5.29 5.79 4.36 3.67 6.37 4.97 6.85 2.56 5.90 4.77 2.09 5.52 3.89 3.34 1.61 5.64 1.96 5.47 5.71 3.66 3.93 3.24 5.01 4.07 4.91 5.35 3.31 1.01 4.34 5.07 2.08 3.79 1.34 5.28 5.14 5.00 4.05 5.74 3.34 4.12 4.41 4.37 5.33 2.87 2.83 3.37 3.16 
5.56 6.49 8.96 6.16 3.70 10.17 4.61 3.96 8.06 1.91 1.81 8.73 7.11 4.12 9.52 5.83 7.41 8.03 3.55 8.88 5.84 9.65 7.32 3.19 6.54 7.35 3.47 2.23 7.92 3.00 8.40 9.29 5.52 4.94 4.78 6.07 7.82 7.55 9.06 2.50 3.21 4.95 7.25 1.83 3.61 2.43 5.61 2.84 7.84 3.81 8.23 7.05 6.66 1.06 0.73 9.05 5.80 6.50 7.05 1.64 
2.71 6.12 6.05 5.89 2.49 6.93 3.93 4.06 4.99 1.79 4.28 8.04 4.44 5.73 6.26 5.29 4.40 7.36 5.32 7.87 2.51 6.47 4.33 1.05 6.41 4.84 3.92 1.64 6.67 0.94 6.49 5.95 2.90 4.76 4.13 5.90 4.63 5.94 5.78 2.35 1.67 3.36 4.49 1.52 2.76 1.09 6.04 5.27 6.03 3.01 6.77 4.12 5.15 4.18 4.03 5.78 3.91 3.68 4.18 2.36 
1.02 9.24 7.35 9.04 2.01 7.21 7.09 7.28 6.10 3.67 7.04 11.01 6.38 8.83 6.52 8.41 5.80 10.36 8.38 10.73 2.81 7.01 2.18 2.55 9.57 6.91 7.12 4.72 9.47 2.78 8.93 5.54 0.53 7.95 7.28 9.06 5.47 8.62 6.00 3.18 4.88 1.19 1.80 4.07 2.29 4.13 9.25 8.12 8.57 2.27 9.47 5.76 7.95 6.60 6.28 6.03 6.66 5.61 5.90 3.95 
5.87 4.69 1.73 4.76 7.20 3.83 3.94 4.94 1.76 6.58 7.35 5.27 0.49 7.19 3.52 4.18 1.39 4.86 7.18 4.67 4.10 3.16 6.24 5.88 5.19 0.24 5.34 5.27 3.50 5.82 2.28 4.46 6.35 4.61 3.96 4.92 2.28 2.51 3.43 7.24 4.28 7.64 6.91 6.02 7.53 5.25 5.83 7.86 2.17 7.75 3.22 1.18 2.51 7.88 7.98 3.36 2.07 1.28 1.01 7.13 
9.30 1.08 6.37 1.41 9.45 8.64 3.19 3.62 6.65 7.89 6.31 1.17 5.09 4.61 8.41 1.81 6.17 0.51 4.99 1.59 7.91 7.98 10.33 8.03 1.18 4.67 4.11 6.12 1.65 7.84 3.26 9.32 9.67 2.63 2.99 1.54 7.10 2.46 8.32 8.84 5.44 10.39 10.83 7.15 9.65 6.54 2.41 6.09 2.94 9.91 2.15 5.80 2.48 7.27 7.63 8.26 3.63 5.43 5.63 8.25 
1.63 10.06 7.78 9.87 2.74 7.38 7.93 8.14 6.52 4.51 7.90 11.78 6.98 9.71 6.72 9.23 6.30 11.14 9.25 11.48 3.35 7.26 1.98 3.42 10.40 7.52 7.99 5.60 10.21 3.66 9.58 5.60 1.23 8.80 8.12 9.90 5.86 9.33 6.20 3.94 5.73 1.64 1.34 4.94 2.95 5.01 10.11 8.97 9.26 2.87 10.18 6.31 8.70 7.43 7.08 6.24 7.41 6.22 6.46 4.75 
2.26 6.36 5.72 6.16 2.53 6.48 4.21 4.45 4.61 2.24 4.82 8.20 4.22 6.21 5.80 5.54 4.06 7.53 5.83 7.98 1.96 6.04 3.81 1.21 6.69 4.66 4.35 2.16 6.75 1.19 6.44 5.43 2.51 5.08 4.40 6.18 4.21 5.97 5.31 2.64 2.03 3.20 4.02 2.05 2.84 1.63 6.40 5.81 6.01 3.07 6.81 3.83 5.22 4.73 4.57 5.31 3.94 3.44 3.90 2.79 
5.41 5.33 7.97 5.01 4.02 9.34 3.41 2.79 7.16 2.07 1.44 7.56 6.08 3.36 8.72 4.65 6.48 6.85 2.84 7.69 5.32 8.78 7.12 3.09 5.41 6.28 2.33 1.34 6.73 2.86 7.23 8.64 5.47 3.78 3.58 4.92 6.99 6.37 8.29 2.96 2.21 5.25 7.18 1.56 4.04 1.77 4.56 2.49 6.66 4.28 7.03 6.10 5.47 1.48 1.55 8.27 4.65 5.52 6.08 2.14 
5.63 10.04 4.20 10.06 8.06 2.12 8.77 9.61 3.67 8.76 11.15 10.64 5.27 11.85 1.99 9.43 4.22 10.28 11.66 9.98 4.64 2.60 4.37 7.50 10.53 5.66 9.82 8.49 8.88 7.62 7.45 1.19 6.02 9.63 8.87 10.20 3.32 7.92 2.00 8.86 7.81 7.61 5.07 8.63 8.41 8.09 10.99 12.00 7.52 8.50 8.54 4.64 7.90 11.25 11.14 2.06 7.08 5.16 4.78 9.28 
8.22 3.59 8.73 3.26 7.17 10.62 3.06 2.08 8.33 5.23 2.22 5.69 6.85 0.22 10.12 3.35 7.65 5.07 0.48 6.12 7.63 9.98 9.79 6.08 3.38 6.78 1.81 3.90 5.60 5.84 6.75 10.46 8.38 2.53 3.06 3.08 8.41 5.74 9.81 6.13 4.06 8.38 9.99 4.62 7.20 4.49 2.16 1.59 6.19 7.45 6.07 7.21 4.98 3.23 3.69 9.77 4.94 6.62 7.12 5.30 
6.06 3.12 6.51 2.82 5.52 8.27 1.18 0.68 5.98 3.78 2.63 5.32 4.59 2.65 7.74 2.40 5.29 4.61 2.46 5.43 5.26 7.64 7.52 4.20 3.27 4.62 0.62 2.05 4.49 3.99 5.14 8.03 6.30 1.57 1.34 2.76 6.02 4.21 7.41 4.75 1.77 6.62 7.80 3.05 5.66 2.58 2.67 3.04 4.56 5.93 4.82 4.85 3.33 3.39 3.65 7.37 2.80 4.26 4.78 4.10 
6.92 3.23 3.08 3.36 7.83 5.33 3.09 4.10 3.35 6.82 6.82 3.70 1.86 6.19 5.08 2.88 2.93 3.28 6.29 3.14 5.25 4.66 7.56 6.42 3.73 1.37 4.58 5.25 1.92 6.30 1.13 6.04 7.37 3.52 3.03 3.54 3.85 0.93 5.01 7.63 4.27 8.47 8.17 6.16 8.12 5.40 4.54 7.13 0.71 8.37 1.71 2.62 1.10 7.52 7.71 4.95 1.56 2.42 2.44 7.33 
6.46 6.92 0.61 7.02 8.36 1.74 6.25 7.24 1.45 8.20 9.51 7.09 2.48 9.50 1.78 6.48 2.03 6.83 9.47 6.37 4.73 1.14 6.17 7.25 7.42 2.56 7.61 7.20 5.40 7.25 3.84 3.15 6.95 6.94 6.28 7.19 2.00 4.50 2.03 8.69 6.26 8.48 6.93 7.77 8.72 7.04 8.14 10.10 4.04 8.90 4.98 2.37 4.74 9.94 9.98 1.96 4.38 2.94 2.38 8.77 
2.84 7.97 3.85 7.91 5.13 3.42 6.29 6.98 2.64 5.69 8.19 9.12 3.63 9.13 2.73 7.24 2.65 8.60 8.87 8.61 1.57 3.23 2.36 4.45 8.42 4.17 7.11 5.50 7.37 4.55 6.30 1.95 3.31 7.21 6.43 8.01 1.95 6.38 2.20 5.83 4.91 4.91 3.11 5.57 5.49 5.06 8.62 9.09 6.14 5.62 7.17 2.87 6.04 8.22 8.09 2.23 4.93 3.10 3.04 6.22 
7.29 5.23 1.51 5.40 8.75 3.74 5.08 6.10 2.49 8.14 8.70 5.13 2.03 8.25 3.72 4.94 2.54 4.92 8.32 4.38 5.50 3.13 7.44 7.45 5.72 1.65 6.55 6.78 3.49 7.39 1.89 4.98 7.78 5.58 5.04 5.58 3.17 2.69 3.84 8.81 5.78 9.14 8.16 7.57 9.08 6.79 6.60 9.11 2.19 9.30 3.04 2.55 3.17 9.30 9.44 3.78 3.31 2.82 2.42 8.69 
6.51 8.74 2.48 8.82 8.74 0.28 7.86 8.80 2.56 8.99 10.81 8.99 4.08 11.08 0.97 8.25 3.25 8.72 10.99 8.27 5.03 0.91 5.71 7.86 9.24 4.30 9.12 8.30 7.29 7.92 5.74 2.09 6.97 8.62 7.91 8.98 2.64 6.38 1.49 9.31 7.45 8.58 6.48 8.69 9.10 8.02 9.89 11.51 5.93 9.24 6.88 3.69 6.55 11.10 11.08 1.48 6.02 4.28 3.77 9.55 
8.77 2.63 8.38 2.33 8.01 10.42 2.86 2.13 8.15 6.12 3.39 4.57 6.59 1.19 9.99 2.62 7.50 3.99 1.70 5.07 7.95 9.76 10.24 6.80 2.32 6.43 2.17 4.59 4.72 6.57 6.03 10.48 8.99 2.05 2.78 2.14 8.34 5.02 9.73 7.06 4.50 9.18 10.52 5.45 8.09 5.17 1.09 2.81 5.51 8.34 5.22 7.06 4.39 4.41 4.85 9.68 4.65 6.50 6.94 6.27 
3.45 5.04 4.66 4.87 3.98 5.86 2.99 3.49 3.72 3.20 4.74 6.76 2.93 5.56 5.24 4.22 3.07 6.11 5.29 6.51 2.34 5.31 4.68 2.58 5.41 3.31 3.56 2.16 5.27 2.48 4.97 5.25 3.81 3.91 3.17 4.92 3.50 4.48 4.81 3.87 1.37 4.68 5.07 2.69 4.27 1.95 5.31 5.56 4.53 4.52 5.32 2.73 3.74 4.96 4.94 4.79 2.46 2.22 2.75 3.76 
5.31 4.69 2.07 4.72 6.61 3.95 3.67 4.64 1.71 6.00 6.92 5.52 0.14 6.91 3.55 4.10 1.15 5.05 6.86 4.98 3.57 3.29 5.78 5.29 5.18 0.60 5.00 4.75 3.75 5.23 2.72 4.31 5.79 4.42 3.71 4.86 2.07 2.76 3.36 6.66 3.76 7.06 6.42 5.46 6.94 4.69 5.71 7.48 2.51 7.16 3.54 0.79 2.56 7.40 7.48 3.31 1.82 0.70 0.61 6.56 
5.77 7.48 1.38 7.54 7.83 1.06 6.55 7.49 1.26 7.89 9.54 7.87 2.78 9.77 0.83 6.96 1.95 7.55 9.68 7.18 4.13 0.41 5.31 6.84 7.98 3.03 7.81 7.08 6.13 6.87 4.65 2.17 6.26 7.31 6.60 7.70 1.47 5.19 1.05 8.29 6.20 7.83 6.08 7.53 8.20 6.84 8.59 10.22 4.76 8.36 5.76 2.38 5.29 9.87 9.87 0.98 4.71 2.98 2.46 8.46 
8.20 0.59 5.73 0.81 8.35 7.95 2.12 2.69 5.85 6.83 5.50 2.16 4.24 4.11 7.65 0.80 5.31 1.45 4.40 2.27 6.85 7.28 9.27 6.93 1.08 3.89 3.21 5.05 1.59 6.75 2.95 8.47 8.57 1.72 1.92 1.00 6.23 1.97 7.52 7.77 4.35 9.29 9.75 6.09 8.56 5.46 2.07 5.43 2.48 8.82 2.08 4.91 1.63 6.42 6.75 7.46 2.61 4.49 4.75 7.21 
4.84 9.88 4.39 9.87 7.29 2.59 8.46 9.24 3.63 8.08 10.62 10.65 5.16 11.45 2.25 9.22 4.07 10.24 11.22 10.02 3.98 2.93 3.54 6.80 10.36 5.60 9.42 7.93 8.88 6.93 7.53 0.93 5.22 9.34 8.57 10.00 3.15 7.90 2.05 8.13 7.31 6.80 4.23 8.00 7.64 7.50 10.73 11.50 7.54 7.71 8.58 4.46 7.78 10.66 10.52 2.12 6.86 4.92 4.62 8.59 
6.56 2.98 6.94 2.65 5.90 8.75 1.40 0.46 6.46 4.09 2.42 5.22 5.03 2.12 8.24 2.35 5.78 4.52 1.97 5.42 5.80 8.12 8.04 4.63 3.05 5.03 0.10 2.43 4.56 4.40 5.37 8.56 6.78 1.44 1.49 2.56 6.52 4.40 7.92 5.06 2.28 7.03 8.31 3.38 6.02 2.99 2.29 2.66 4.79 6.28 4.94 5.34 3.55 3.28 3.60 7.88 3.18 4.74 5.26 4.35 
5.46 5.69 1.07 5.75 7.10 2.86 4.77 5.74 0.76 6.75 7.95 6.27 0.98 8.01 2.51 5.16 0.69 5.88 7.96 5.64 3.67 2.19 5.57 5.89 6.19 1.25 6.09 5.66 4.50 5.86 3.17 3.46 5.96 5.52 4.81 5.90 1.36 3.52 2.41 7.31 4.71 7.37 6.29 6.28 7.44 5.53 6.79 8.56 3.15 7.65 4.19 0.86 3.52 8.38 8.43 2.34 2.92 1.39 0.83 7.32 
4.55 5.17 2.35 5.15 5.94 3.83 3.84 4.74 1.55 5.48 6.75 6.19 0.84 7.01 3.32 4.50 0.86 5.68 6.90 5.69 2.79 3.21 5.01 4.67 5.64 1.38 5.03 4.39 4.44 4.63 3.49 3.84 5.03 4.68 3.92 5.28 1.64 3.46 3.03 6.07 3.45 6.33 5.65 5.00 6.27 4.25 6.04 7.42 3.25 6.49 4.27 0.44 3.14 7.14 7.17 2.98 2.14 0.20 0.45 6.05 
1.46 9.95 7.41 9.77 3.00 6.96 7.85 8.12 6.16 4.68 8.03 11.61 6.69 9.76 6.30 9.13 5.97 10.99 9.32 11.28 3.07 6.85 1.53 3.52 10.30 7.24 8.00 5.65 10.01 3.75 9.33 5.16 1.17 8.74 8.04 9.81 5.50 9.11 5.78 4.18 5.70 2.00 0.91 5.05 3.25 5.06 10.07 9.10 9.02 3.20 9.96 6.01 8.51 7.61 7.29 5.82 7.22 5.95 6.16 4.97 
7.82 2.69 7.82 2.35 7.06 9.76 2.17 1.27 7.48 5.18 2.69 4.86 5.96 1.12 9.29 2.39 6.81 4.21 1.32 5.24 7.05 9.11 9.31 5.84 2.55 5.86 1.22 3.63 4.65 5.61 5.78 9.71 8.04 1.56 2.14 2.19 7.61 4.76 9.00 6.13 3.56 8.22 9.58 4.50 7.14 4.21 1.42 2.38 5.22 7.40 5.11 6.36 4.02 3.70 4.12 8.96 4.03 5.78 6.26 5.35 
6.89 4.27 2.11 4.41 8.11 4.39 4.04 5.06 2.63 7.33 7.69 4.45 1.51 7.21 4.22 3.93 2.40 4.14 7.28 3.78 5.14 3.74 7.29 6.75 4.76 0.97 5.52 5.89 2.71 6.67 1.29 5.32 7.37 4.54 4.00 4.59 3.24 1.80 4.23 8.06 4.89 8.62 7.96 6.72 8.43 5.95 5.59 8.08 1.35 8.66 2.35 2.23 2.15 8.33 8.48 4.16 2.31 2.28 2.06 7.87 
6.23 6.91 0.63 7.00 8.15 1.67 6.17 7.15 1.25 8.01 9.38 7.16 2.38 9.42 1.63 6.44 1.85 6.87 9.38 6.44 4.51 1.03 5.95 7.05 7.41 2.51 7.51 7.04 5.44 7.05 3.91 2.97 6.73 6.88 6.20 7.17 1.78 4.53 1.84 8.49 6.10 8.26 6.71 7.59 8.51 6.86 8.10 9.99 4.08 8.69 5.04 2.21 4.72 9.79 9.82 1.77 4.30 2.79 2.23 8.58 
2.41 7.63 7.47 7.38 0.85 8.02 5.43 5.38 6.32 1.34 4.73 9.64 6.00 6.65 7.33 6.82 5.80 8.94 6.16 9.51 3.27 7.65 4.17 0.61 7.88 6.43 5.12 2.67 8.31 0.76 8.15 6.73 2.30 6.19 5.64 7.36 5.85 7.60 6.81 1.05 3.16 1.95 4.03 1.82 1.10 2.12 7.37 5.81 7.69 1.35 8.43 5.59 6.80 4.27 3.95 6.82 5.57 5.22 5.68 1.66 
2.11 8.19 7.66 7.94 0.44 8.05 5.98 5.96 6.48 1.90 5.30 10.16 6.30 7.24 7.35 7.37 6.01 9.47 6.75 10.00 3.29 7.71 3.81 1.11 8.45 6.76 5.71 3.26 8.79 1.31 8.56 6.65 1.89 6.76 6.19 7.93 5.96 8.05 6.83 1.36 3.70 1.35 3.59 2.42 0.79 2.71 7.95 6.39 8.11 0.98 8.89 5.83 7.27 4.80 4.45 6.84 6.02 5.50 5.93 2.13 
5.19 9.00 3.23 9.03 7.54 1.43 7.76 8.62 2.63 8.05 10.27 9.62 4.23 10.87 1.05 8.40 3.18 9.25 10.70 8.96 3.94 1.72 4.21 6.84 9.49 4.62 8.85 7.64 7.86 6.93 6.44 0.55 5.62 8.61 7.85 9.17 2.29 6.88 0.96 8.24 6.90 7.24 4.96 7.86 7.90 7.27 9.96 11.08 6.50 8.01 7.52 3.61 6.86 10.43 10.34 1.03 6.05 4.13 3.75 8.59 
4.24 5.54 2.40 5.52 5.75 3.63 4.14 5.00 1.41 5.42 6.90 6.59 1.18 7.27 3.08 4.86 0.76 6.08 7.13 6.08 2.47 3.05 4.63 4.53 6.01 1.73 5.26 4.45 4.84 4.51 3.86 3.50 4.73 5.00 4.23 5.64 1.35 3.86 2.75 5.96 3.55 6.08 5.28 4.98 6.10 4.26 6.37 7.60 3.64 6.30 4.66 0.52 3.53 7.23 7.24 2.71 2.50 0.58 0.65 5.99 
2.18 8.06 7.62 7.82 0.49 8.05 5.86 5.83 6.44 1.77 5.17 10.04 6.23 7.11 7.35 7.24 5.96 9.36 6.62 9.89 3.28 7.70 3.89 0.99 8.32 6.69 5.58 3.13 8.69 1.18 8.47 6.67 1.98 6.64 6.07 7.80 5.94 7.95 6.83 1.27 3.58 1.48 3.69 2.28 0.83 2.58 7.82 6.26 8.02 1.04 8.79 5.78 7.17 4.67 4.34 6.84 5.92 5.44 5.88 2.01 
7.84 1.21 5.10 1.38 8.16 7.33 2.11 2.87 5.25 6.74 5.74 2.34 3.65 4.55 7.04 1.09 4.72 1.69 4.79 2.23 6.41 6.66 8.83 6.73 1.71 3.28 3.41 4.98 1.23 6.55 2.38 7.88 8.23 1.98 1.94 1.57 5.65 1.38 6.92 7.66 4.19 9.04 9.34 6.01 8.39 5.34 2.63 5.78 1.88 8.65 1.64 4.33 1.02 6.61 6.91 6.86 2.12 3.94 4.17 7.16 
9.22 1.40 5.97 1.74 9.51 8.25 3.32 3.87 6.32 8.02 6.63 0.98 4.79 5.03 8.05 1.99 5.88 0.32 5.39 1.15 7.77 7.60 10.18 8.08 1.62 4.34 4.38 6.25 1.18 7.90 2.80 9.01 9.61 2.88 3.12 1.90 6.80 2.07 7.99 8.96 5.51 10.41 10.71 7.28 9.72 6.64 2.86 6.47 2.52 9.99 1.67 5.52 2.25 7.57 7.92 7.92 3.48 5.19 5.35 8.41 
8.80 1.81 7.80 1.54 8.27 9.92 2.56 2.11 7.68 6.44 4.04 3.71 6.09 2.01 9.52 1.95 7.06 3.14 2.47 4.22 7.82 9.25 10.17 6.98 1.46 5.87 2.35 4.80 3.91 6.76 5.28 10.12 9.06 1.64 2.42 1.34 7.93 4.28 9.30 7.40 4.52 9.39 10.51 5.74 8.38 5.35 0.28 3.58 4.78 8.64 4.41 6.62 3.73 5.05 5.48 9.25 4.18 6.09 6.49 6.66 
6.97 2.54 6.95 2.21 6.38 8.85 1.30 0.32 6.56 4.58 2.75 4.79 5.07 1.97 8.37 1.97 5.89 4.09 1.96 5.02 6.12 8.21 8.41 5.09 2.58 5.01 0.51 2.91 4.24 4.87 5.16 8.76 7.20 1.04 1.32 2.10 6.67 4.17 8.07 5.55 2.68 7.50 8.71 3.86 6.50 3.46 1.80 2.81 4.59 6.76 4.64 5.44 3.34 3.67 4.02 8.03 3.17 4.86 5.35 4.84 
7.22 3.59 8.04 3.25 6.22 9.83 2.45 1.44 7.54 4.29 1.67 5.81 6.13 1.22 9.31 3.14 6.86 5.14 0.90 6.13 6.66 9.20 8.80 5.09 3.52 6.12 1.00 2.91 5.42 4.86 6.37 9.57 7.38 2.21 2.51 3.11 7.58 5.38 8.97 5.22 3.09 7.41 9.00 3.66 6.27 3.50 2.45 1.60 5.80 6.52 5.84 6.42 4.55 2.67 3.09 8.94 4.28 5.82 6.34 4.41 
1.82 7.00 4.61 6.86 3.58 4.93 5.04 5.56 3.38 3.89 6.44 8.50 3.56 7.58 4.24 6.20 3.00 7.90 7.26 8.13 0.28 4.57 2.64 2.68 7.40 4.10 5.60 3.74 6.86 2.76 6.16 3.74 2.30 5.97 5.21 6.93 2.83 5.95 3.73 4.11 3.29 3.70 3.12 3.75 3.94 3.27 7.37 7.38 5.84 4.11 6.79 2.93 5.38 6.42 6.28 3.73 4.11 2.80 3.07 4.43 
6.93 4.17 2.21 4.31 8.13 4.50 3.97 4.99 2.73 7.32 7.64 4.35 1.56 7.13 4.33 3.83 2.48 4.03 7.21 3.68 5.19 3.84 7.35 6.76 4.66 1.02 5.45 5.86 2.61 6.67 1.20 5.41 7.41 4.46 3.93 4.49 3.32 1.69 4.32 8.06 4.86 8.65 8.02 6.70 8.44 5.93 5.50 8.01 1.24 8.67 2.24 2.29 2.06 8.28 8.44 4.26 2.26 2.32 2.12 7.86 
2.75 7.20 3.60 7.12 4.80 3.68 5.49 6.18 2.35 5.13 7.45 8.42 3.03 8.33 2.98 6.46 2.17 7.88 8.08 7.94 1.09 3.34 2.78 3.94 7.64 3.58 6.31 4.77 6.69 4.01 5.71 2.55 3.24 6.41 5.63 7.22 1.71 5.71 2.46 5.37 4.14 4.78 3.47 4.93 5.17 4.37 7.82 8.33 5.51 5.32 6.53 2.28 5.32 7.53 7.43 2.47 4.16 2.41 2.45 5.67 
8.80 4.27 9.53 3.95 7.57 11.41 3.86 2.88 9.12 5.62 2.34 6.26 7.65 0.64 10.91 4.10 8.44 5.68 0.78 6.76 8.31 10.77 10.41 6.58 4.00 7.58 2.58 4.46 6.32 6.35 7.52 11.21 8.93 3.31 3.86 3.76 9.19 6.50 10.59 6.48 4.74 8.81 10.58 5.08 7.58 5.05 2.76 1.39 6.97 7.81 6.80 8.00 5.77 3.26 3.74 10.55 5.74 7.40 7.91 5.62 
7.32 4.02 8.43 3.67 6.17 10.18 2.88 1.87 7.90 4.23 1.31 6.22 6.51 1.20 9.65 3.58 7.21 5.56 0.71 6.56 6.86 9.56 8.94 5.12 3.92 6.52 1.40 2.99 5.86 4.89 6.81 9.86 7.46 2.66 2.95 3.52 7.91 5.82 9.29 5.13 3.31 7.39 9.10 3.64 6.20 3.57 2.81 1.16 6.24 6.44 6.28 6.77 4.99 2.33 2.77 9.26 4.68 6.17 6.70 4.29 
6.66 3.06 3.26 3.15 7.49 5.46 2.72 3.74 3.38 6.45 6.43 3.77 1.81 5.86 5.17 2.62 2.90 3.29 5.94 3.28 5.03 4.79 7.37 6.07 3.56 1.41 4.21 4.86 2.02 5.95 1.50 6.05 7.10 3.20 2.67 3.32 3.83 1.06 5.05 7.26 3.88 8.16 7.97 5.78 7.77 5.02 4.29 6.76 1.01 8.02 1.90 2.55 0.87 7.12 7.32 4.99 1.17 2.26 2.38 6.95 
4.09 6.69 2.26 6.67 6.01 2.69 5.31 6.15 1.00 6.05 7.90 7.60 2.05 8.41 2.05 6.03 0.99 7.13 8.24 7.03 2.35 2.21 4.02 4.98 7.17 2.56 6.39 5.34 5.83 5.01 4.65 2.32 4.58 6.17 5.41 6.80 0.39 4.84 1.64 6.43 4.52 6.10 4.75 5.72 6.37 5.05 7.55 8.66 4.54 6.55 5.59 1.30 4.62 8.14 8.11 1.62 3.67 1.72 1.47 6.61 
6.75 3.14 3.16 3.25 7.62 5.38 2.88 3.89 3.35 6.60 6.60 3.75 1.80 6.01 5.11 2.74 2.89 3.29 6.09 3.23 5.11 4.72 7.43 6.20 3.64 1.36 4.37 5.02 1.99 6.08 1.35 6.02 7.19 3.34 2.82 3.42 3.81 1.01 5.01 7.40 4.04 8.28 8.03 5.93 7.91 5.17 4.40 6.92 0.89 8.15 1.83 2.55 0.97 7.29 7.48 4.95 1.33 2.30 2.38 7.10 
8.40 2.29 4.53 2.56 9.04 6.82 3.32 4.16 4.98 7.77 7.03 2.04 3.52 5.84 6.65 2.39 4.59 1.72 6.09 1.49 6.81 6.17 9.16 7.59 2.72 3.03 4.70 6.06 0.28 7.45 1.34 7.68 8.83 3.29 3.17 2.76 5.51 0.74 6.62 8.66 5.18 9.81 9.75 7.06 9.29 6.34 3.82 7.09 1.09 9.55 0.33 4.28 1.40 7.87 8.15 6.56 2.66 4.05 4.11 8.23 
3.41 9.46 4.78 9.40 5.86 3.58 7.80 8.47 3.73 6.79 9.54 10.53 4.99 10.59 3.02 8.74 3.94 10.04 10.31 9.98 2.82 3.67 2.08 5.49 9.92 5.50 8.58 6.84 8.76 5.64 7.59 1.65 3.76 8.72 7.93 9.51 3.08 7.77 2.59 6.76 6.34 5.33 2.81 6.78 6.20 6.36 10.13 10.48 7.49 6.27 8.53 4.23 7.49 9.48 9.31 2.65 6.41 4.54 4.40 7.28 
3.79 5.81 2.76 5.76 5.35 3.75 4.27 5.08 1.65 5.12 6.80 6.95 1.63 7.32 3.14 5.10 1.09 6.43 7.14 6.48 2.01 3.20 4.20 4.17 6.27 2.18 5.30 4.27 5.22 4.17 4.30 3.36 4.27 5.16 4.38 5.87 1.40 4.25 2.75 5.61 3.43 5.64 4.84 4.73 5.70 4.03 6.55 7.56 4.06 5.90 5.07 0.96 3.87 7.07 7.05 2.72 2.76 0.95 1.10 5.69 
10.26 2.51 6.41 2.86 10.65 8.70 4.49 5.03 6.96 9.19 7.76 0.33 5.52 6.03 8.58 3.16 6.59 0.96 6.44 0.60 8.74 8.06 11.12 9.21 2.62 5.02 5.53 7.42 1.75 9.04 3.13 9.66 10.66 4.04 4.29 2.99 7.50 2.74 8.58 10.12 6.66 11.52 11.68 8.45 10.87 7.80 3.84 7.53 3.05 11.13 2.02 6.28 3.19 8.71 9.07 8.52 4.47 6.03 6.11 9.58 
6.16 2.99 3.53 3.01 6.87 5.61 2.20 3.22 3.42 5.79 5.84 4.09 1.80 5.42 5.25 2.40 2.84 3.53 5.45 3.70 4.60 4.95 6.99 5.44 3.48 1.57 3.66 4.20 2.43 5.31 2.16 5.99 6.58 2.81 2.18 3.16 3.76 1.57 5.07 6.61 3.22 7.58 7.54 5.12 7.15 4.36 4.03 6.22 1.65 7.40 2.42 2.43 0.96 6.50 6.68 5.01 0.51 2.01 2.28 6.29 
7.93 2.18 7.52 1.84 7.32 9.52 1.94 1.24 7.25 5.48 3.18 4.35 5.70 1.54 9.08 1.92 6.59 3.70 1.82 4.73 7.05 8.87 9.36 6.05 2.03 5.56 1.40 3.85 4.17 5.82 5.34 9.56 8.17 1.19 1.87 1.67 7.42 4.33 8.81 6.44 3.65 8.45 9.67 4.78 7.42 4.41 0.96 2.89 4.80 7.68 4.63 6.15 3.61 4.18 4.58 8.77 3.76 5.58 6.04 5.69 
5.90 3.98 2.48 4.03 6.99 4.57 3.20 4.21 2.42 6.18 6.69 4.74 0.82 6.44 4.23 3.44 1.91 4.27 6.45 4.21 4.21 3.90 6.49 5.62 4.47 0.52 4.62 4.76 2.98 5.53 2.06 5.06 6.37 3.86 3.21 4.19 2.84 1.99 4.08 6.91 3.76 7.55 7.11 5.58 7.30 4.80 5.08 7.16 1.77 7.54 2.79 1.56 1.81 7.27 7.40 4.03 1.34 1.34 1.39 6.72 
5.34 9.94 4.21 9.95 7.77 2.23 8.62 9.44 3.60 8.50 10.93 10.60 5.18 11.67 2.01 9.32 4.11 10.22 11.47 9.95 4.37 2.66 4.07 7.23 10.43 5.58 9.64 8.26 8.84 7.35 7.43 1.00 5.72 9.49 8.72 10.09 3.20 7.86 1.94 8.58 7.59 7.31 4.77 8.38 8.12 7.85 10.86 11.79 7.48 8.21 8.51 4.52 7.81 11.02 10.89 2.01 6.96 5.02 4.67 9.02 
1.53 10.02 7.38 9.84 3.16 6.88 7.92 8.21 6.13 4.82 8.16 11.66 6.70 9.88 6.22 9.20 5.96 11.04 9.44 11.32 3.08 6.79 1.42 3.65 10.38 7.25 8.10 5.76 10.05 3.88 9.34 5.06 1.28 8.82 8.11 9.88 5.46 9.15 5.71 4.33 5.80 2.15 0.76 5.18 3.40 5.17 10.16 9.23 9.04 3.35 9.99 6.01 8.56 7.75 7.43 5.76 7.27 5.97 6.16 5.11 
2.03 8.57 4.89 8.47 4.45 4.36 6.73 7.30 3.66 5.33 8.15 9.88 4.51 9.34 3.69 7.80 3.61 9.33 9.02 9.42 1.49 4.23 1.33 4.03 9.00 5.06 7.36 5.46 8.16 4.18 7.20 2.66 2.44 7.66 6.89 8.55 2.98 7.20 3.17 5.30 5.05 4.05 2.07 5.34 4.80 4.96 9.07 9.12 6.99 4.89 8.01 3.76 6.77 8.05 7.86 3.21 5.57 3.89 3.93 5.82 
3.32 8.78 4.14 8.73 5.73 3.17 7.16 7.86 3.05 6.47 9.06 9.82 4.29 10.02 2.55 8.07 3.23 9.34 9.76 9.28 2.38 3.16 2.33 5.19 9.24 4.80 7.99 6.37 8.06 5.32 6.89 1.37 3.74 8.07 7.29 8.84 2.39 7.07 2.07 6.53 5.80 5.34 3.10 6.39 6.08 5.92 9.48 9.97 6.79 6.18 7.83 3.52 6.80 9.07 8.92 2.12 5.73 3.84 3.70 6.98 
5.82 6.88 0.81 6.95 7.75 1.64 6.02 6.98 0.88 7.66 9.12 7.26 2.22 9.25 1.43 6.37 1.54 6.93 9.19 6.57 4.10 0.97 5.54 6.67 7.38 2.43 7.32 6.73 5.52 6.68 4.04 2.67 6.31 6.76 6.06 7.11 1.37 4.57 1.53 8.12 5.82 7.84 6.30 7.25 8.11 6.54 8.02 9.76 4.15 8.29 5.15 1.93 4.69 9.50 9.52 1.46 4.16 2.53 1.98 8.23 
5.56 9.37 3.47 9.41 7.94 1.42 8.18 9.04 2.99 8.49 10.71 9.93 4.60 11.30 1.26 8.78 3.57 9.57 11.13 9.25 4.37 1.87 4.50 7.26 9.87 4.96 9.28 8.08 8.17 7.36 6.72 0.89 5.99 9.02 8.26 9.55 2.70 7.21 1.33 8.66 7.34 7.60 5.24 8.30 8.30 7.72 10.36 11.52 6.80 8.41 7.82 4.00 7.21 10.87 10.78 1.38 6.45 4.54 4.13 9.02 
10.12 1.86 6.90 2.17 10.29 9.19 4.02 4.39 7.30 8.71 6.99 0.67 5.76 5.14 9.01 2.63 6.85 0.67 5.58 1.43 8.71 8.54 11.12 8.87 1.81 5.32 4.86 6.94 2.09 8.68 3.67 9.99 10.50 3.41 3.81 2.26 7.78 3.03 8.95 9.66 6.28 11.23 11.64 7.97 10.48 7.37 2.96 6.69 3.46 10.75 2.52 6.50 3.22 7.98 8.36 8.89 4.42 6.16 6.33 9.06 
4.37 7.33 2.24 7.33 6.47 2.05 6.02 6.88 1.15 6.66 8.62 8.12 2.60 9.14 1.38 6.69 1.51 7.69 8.97 7.51 2.76 1.68 4.00 5.54 7.81 3.05 7.12 6.03 6.34 5.59 5.06 1.65 4.86 6.88 6.11 7.47 0.58 5.35 0.92 6.98 5.24 6.43 4.76 6.37 6.83 5.72 8.24 9.39 5.02 6.99 6.06 1.91 5.22 8.84 8.79 0.91 4.34 2.40 2.06 7.22 
9.36 0.93 6.67 1.23 9.41 8.93 3.13 3.45 6.91 7.80 6.07 1.44 5.32 4.29 8.68 1.74 6.40 0.86 4.69 1.95 8.02 8.27 10.44 8.00 0.88 4.93 3.92 6.03 2.01 7.81 3.61 9.56 9.71 2.48 2.92 1.32 7.33 2.78 8.58 8.75 5.41 10.38 10.92 7.06 9.59 6.48 2.09 5.80 3.26 9.86 2.52 6.02 2.70 7.04 7.42 8.52 3.77 5.62 5.86 8.14 
3.51 5.10 4.06 4.97 4.38 5.26 3.20 3.83 3.11 3.77 5.30 6.66 2.39 5.99 4.65 4.31 2.46 6.04 5.76 6.35 2.12 4.71 4.53 3.03 5.51 2.81 3.97 2.76 5.08 2.96 4.61 4.72 3.92 4.13 3.35 5.04 2.91 4.23 4.24 4.39 1.93 4.96 5.00 3.29 4.69 2.56 5.54 6.09 4.21 4.93 5.08 2.13 3.57 5.56 5.55 4.21 2.28 1.64 2.17 4.33 
8.42 2.73 4.22 2.99 9.16 6.51 3.63 4.51 4.75 7.97 7.38 2.31 3.37 6.25 6.37 2.79 4.42 2.08 6.49 1.64 6.78 5.87 9.10 7.73 3.15 2.85 5.04 6.29 0.68 7.59 0.96 7.45 8.85 3.67 3.49 3.18 5.31 0.74 6.37 8.84 5.38 9.89 9.71 7.27 9.43 6.54 4.25 7.47 0.86 9.69 0.20 4.14 1.58 8.20 8.47 6.31 2.77 3.96 3.96 8.45 
2.16 6.89 4.22 6.78 3.97 4.56 5.01 5.60 2.99 4.22 6.64 8.32 3.25 7.67 3.86 6.11 2.63 7.74 7.38 7.92 0.38 4.18 2.76 3.04 7.31 3.79 5.67 3.95 6.65 3.11 5.88 3.43 2.65 5.94 5.17 6.86 2.43 5.72 3.35 4.48 3.41 4.08 3.31 4.04 4.33 3.51 7.35 7.55 5.59 4.50 6.56 2.59 5.19 6.67 6.55 3.36 3.95 2.50 2.73 4.77 
7.85 1.83 4.57 2.03 8.36 6.83 2.57 3.43 4.83 7.05 6.30 2.36 3.27 5.20 6.58 1.73 4.36 1.83 5.42 2.02 6.32 6.17 8.71 6.92 2.31 2.84 3.96 5.32 0.80 6.76 1.72 7.51 8.26 2.59 2.42 2.22 5.29 0.73 6.50 7.95 4.46 9.17 9.27 6.33 8.61 5.62 3.28 6.39 1.24 8.87 1.06 4.00 0.77 7.13 7.41 6.44 2.06 3.68 3.83 7.50 
2.22 6.58 4.33 6.46 3.79 4.84 4.66 5.22 3.13 3.89 6.24 8.08 3.18 7.27 4.16 5.79 2.69 7.48 6.98 7.71 0.63 4.43 3.05 2.75 6.99 3.70 5.28 3.55 6.44 2.80 5.75 3.80 2.69 5.59 4.82 6.53 2.63 5.52 3.66 4.20 3.01 4.02 3.54 3.67 4.14 3.12 7.00 7.15 5.42 4.33 6.37 2.58 4.96 6.29 6.17 3.66 3.69 2.40 2.71 4.44 
5.45 6.66 0.96 6.72 7.35 1.90 5.70 6.65 0.47 7.24 8.74 7.16 1.93 8.92 1.55 6.12 1.14 6.80 8.84 6.50 3.72 1.25 5.26 6.26 7.16 2.21 6.97 6.33 5.40 6.27 3.98 2.62 5.95 6.46 5.75 6.87 1.00 4.44 1.51 7.71 5.42 7.47 6.01 6.84 7.71 6.13 7.75 9.40 4.04 7.89 5.06 1.56 4.48 9.10 9.12 1.45 3.86 2.15 1.62 7.81 
0.83 8.74 7.07 8.53 1.72 7.08 6.58 6.76 5.83 3.23 6.56 10.53 6.01 8.33 6.39 7.91 5.48 9.88 7.88 10.27 2.51 6.84 2.38 2.06 9.06 6.53 6.61 4.22 9.01 2.29 8.51 5.50 0.45 7.44 6.78 8.55 5.23 8.17 5.86 2.81 4.36 1.25 2.14 3.59 2.04 3.63 8.74 7.64 8.14 2.08 9.02 5.41 7.49 6.16 5.85 5.88 6.19 5.22 5.55 3.54 
4.68 6.28 1.65 6.30 6.49 2.60 5.08 5.98 0.43 6.36 7.94 7.05 1.53 8.26 2.07 5.67 0.45 6.62 8.14 6.46 2.91 2.01 4.68 5.37 6.77 1.99 6.27 5.47 5.28 5.38 4.04 2.71 5.18 5.90 5.16 6.43 0.49 4.29 1.80 6.82 4.59 6.65 5.41 5.96 6.84 5.25 7.24 8.64 3.96 7.03 5.01 0.88 4.15 8.26 8.26 1.75 3.33 1.44 1.01 6.93 
1.03 8.81 7.26 8.60 1.56 7.28 6.65 6.80 6.02 3.15 6.51 10.63 6.17 8.32 6.59 7.99 5.66 9.97 7.86 10.38 2.70 7.04 2.55 2.03 9.13 6.68 6.63 4.22 9.13 2.26 8.66 5.70 0.63 7.50 6.84 8.62 5.42 8.30 6.06 2.68 4.41 1.05 2.27 3.55 1.87 3.63 8.78 7.59 8.28 1.89 9.15 5.59 7.60 6.08 5.76 6.09 6.31 5.38 5.72 3.44 
4.75 3.78 4.27 3.65 5.22 5.93 1.92 2.69 3.64 4.14 4.71 5.43 2.36 4.94 5.40 2.98 2.96 4.79 4.80 5.19 3.44 5.31 5.86 3.78 4.18 2.53 2.94 2.63 3.96 3.65 3.82 5.75 5.13 2.84 2.06 3.72 3.68 3.21 5.07 4.94 1.63 5.99 6.31 3.49 5.49 2.72 4.25 5.32 3.32 5.74 4.04 2.52 2.43 5.19 5.30 5.04 1.18 1.92 2.46 4.65 
6.39 9.25 3.05 9.31 8.70 0.75 8.27 9.19 2.95 9.09 11.08 9.57 4.53 11.46 1.14 8.72 3.61 9.28 11.35 8.86 5.04 1.41 5.44 7.91 9.75 4.80 9.48 8.51 7.86 7.99 6.33 1.78 6.83 9.06 8.33 9.47 2.89 6.93 1.56 9.34 7.70 8.45 6.19 8.83 9.06 8.20 10.35 11.82 6.49 9.19 7.46 4.06 7.06 11.32 11.27 1.57 6.46 4.64 4.16 9.64 
4.17 6.72 2.18 6.71 6.10 2.60 5.37 6.22 0.93 6.14 7.98 7.60 2.05 8.47 1.97 6.07 0.98 7.14 8.31 7.03 2.44 2.12 4.07 5.08 7.20 2.55 6.46 5.42 5.83 5.11 4.64 2.28 4.66 6.22 5.46 6.84 0.30 4.84 1.57 6.53 4.60 6.18 4.80 5.81 6.46 5.14 7.59 8.74 4.54 6.64 5.58 1.31 4.64 8.23 8.19 1.54 3.70 1.76 1.48 6.71 
2.01 9.13 5.41 9.02 4.46 4.71 7.25 7.79 4.21 5.54 8.49 10.46 5.10 9.78 4.07 8.35 4.18 9.91 9.44 10.00 1.97 4.65 0.81 4.23 9.55 5.65 7.82 5.83 8.75 4.40 7.79 2.90 2.33 8.18 7.41 9.10 3.52 7.78 3.57 5.41 5.49 3.90 1.58 5.62 4.80 5.30 9.59 9.49 7.58 4.85 8.60 4.34 7.35 8.34 8.12 3.61 6.14 4.48 4.52 5.99 
6.42 5.61 8.93 5.27 4.80 10.38 3.98 3.15 8.18 2.89 0.58 7.86 7.03 2.91 9.77 5.03 7.50 7.17 2.33 8.09 6.40 9.82 8.14 4.05 5.60 7.18 2.62 2.42 7.24 3.84 7.93 9.72 6.44 4.11 4.11 5.15 8.03 7.01 9.35 3.64 3.22 6.05 8.16 2.53 4.76 2.85 4.57 1.64 7.35 4.97 7.60 7.10 6.12 0.60 0.96 9.33 5.47 6.51 7.07 2.77 
7.47 3.94 8.48 3.60 6.34 10.26 2.90 1.88 7.97 4.39 1.44 6.14 6.57 1.03 9.73 3.53 7.28 5.48 0.56 6.49 6.99 9.63 9.08 5.28 3.83 6.57 1.44 3.14 5.82 5.05 6.80 9.96 7.61 2.62 2.95 3.45 7.99 5.81 9.38 5.29 3.43 7.55 9.25 3.80 6.36 3.72 2.70 1.17 6.23 6.61 6.25 6.84 4.99 2.46 2.91 9.35 4.72 6.25 6.77 4.46 
5.61 9.23 3.29 9.26 7.96 1.24 8.06 8.93 2.84 8.47 10.65 9.76 4.45 11.19 1.08 8.65 3.43 9.41 11.04 9.08 4.36 1.68 4.59 7.26 9.72 4.81 9.18 8.02 8.00 7.35 6.55 0.95 6.04 8.89 8.14 9.41 2.58 7.04 1.19 8.66 7.27 7.65 5.34 8.26 8.32 7.67 10.23 11.44 6.64 8.44 7.65 3.87 7.06 10.82 10.74 1.24 6.32 4.42 4.00 9.01 
2.94 5.72 5.67 5.51 2.94 6.66 3.55 3.77 4.65 2.15 4.27 7.61 4.02 5.55 6.00 4.90 4.04 6.94 5.18 7.43 2.44 6.17 4.46 1.51 6.03 4.40 3.67 1.58 6.22 1.39 6.04 5.79 3.19 4.41 3.75 5.52 4.33 5.49 5.54 2.78 1.35 3.77 4.69 1.74 3.21 1.13 5.72 5.23 5.57 3.47 6.32 3.74 4.70 4.29 4.19 5.53 3.46 3.27 3.79 2.71 
9.23 1.38 7.66 1.25 8.87 9.84 2.85 2.67 7.66 7.09 4.82 2.98 6.05 2.79 9.49 1.86 7.08 2.45 3.26 3.54 8.13 9.17 10.52 7.54 0.91 5.77 3.00 5.39 3.41 7.32 4.90 10.19 9.52 1.94 2.68 1.09 7.98 3.94 9.31 8.05 5.01 9.95 10.91 6.37 9.00 5.92 0.73 4.38 4.45 9.26 3.93 6.65 3.53 5.83 6.25 9.26 4.22 6.16 6.51 7.34 
1.96 9.34 8.17 9.10 1.18 8.22 7.14 7.18 6.94 3.10 6.50 11.25 7.02 8.48 7.53 8.51 6.56 10.57 7.99 11.05 3.62 7.98 3.30 2.29 9.62 7.52 6.94 4.49 9.81 2.51 9.44 6.61 1.52 7.95 7.35 9.10 6.35 9.02 7.00 2.38 4.87 0.14 2.85 3.65 1.33 3.92 9.17 7.59 9.03 1.24 9.87 6.46 8.28 5.94 5.56 7.02 7.01 6.23 6.59 3.24 
2.84 7.44 3.59 7.38 4.99 3.48 5.76 6.46 2.34 5.38 7.74 8.62 3.17 8.62 2.79 6.71 2.24 8.09 8.37 8.12 1.29 3.19 2.69 4.18 7.89 3.72 6.60 5.06 6.87 4.26 5.85 2.27 3.33 6.68 5.90 7.48 1.67 5.90 2.26 5.60 4.44 4.90 3.41 5.20 5.35 4.66 8.09 8.62 5.67 5.50 6.70 2.41 5.53 7.82 7.71 2.28 4.40 2.60 2.58 5.93 
8.14 4.46 9.28 4.12 6.84 11.07 3.66 2.64 8.78 4.89 1.59 6.57 7.37 0.92 10.54 4.15 8.09 5.95 0.46 7.00 7.74 10.44 9.79 5.89 4.26 7.36 2.24 3.82 6.43 5.66 7.50 10.76 8.25 3.28 3.70 3.95 8.80 6.50 10.19 5.74 4.20 8.08 9.92 4.37 6.84 4.39 3.06 0.72 6.94 7.07 6.88 7.65 5.70 2.53 3.00 10.16 5.51 7.06 7.58 4.88 
9.31 1.91 5.66 2.25 9.74 7.96 3.65 4.29 6.12 8.32 7.10 0.91 4.64 5.57 7.79 2.40 5.72 0.66 5.91 0.67 7.80 7.31 10.18 8.30 2.18 4.15 4.81 6.56 0.87 8.13 2.42 8.82 9.72 3.32 3.46 2.42 6.63 1.85 7.76 9.24 5.77 10.59 10.74 7.58 9.97 6.92 3.40 6.98 2.23 10.23 1.26 5.39 2.25 8.02 8.35 7.70 3.53 5.11 5.22 8.73 
4.31 4.63 3.28 4.56 5.33 4.77 3.03 3.86 2.51 4.66 5.79 5.96 1.48 6.12 4.23 3.89 1.82 5.38 5.97 5.57 2.72 4.17 5.11 3.98 5.08 1.86 4.11 3.45 4.30 3.90 3.69 4.59 4.76 3.92 3.14 4.66 2.51 3.39 3.90 5.32 2.50 5.89 5.66 4.12 5.65 3.36 5.32 6.46 3.32 5.88 4.24 1.40 2.83 6.18 6.22 3.86 1.61 0.82 1.38 5.21 
7.82 1.83 7.16 1.49 7.33 9.19 1.66 1.14 6.92 5.54 3.45 4.03 5.36 1.94 8.76 1.53 6.28 3.37 2.20 4.37 6.87 8.53 9.21 6.02 1.74 5.20 1.45 3.85 3.78 5.80 4.95 9.28 8.09 0.82 1.56 1.33 7.12 3.93 8.50 6.50 3.55 8.44 9.54 4.82 7.46 4.40 0.85 3.25 4.40 7.72 4.24 5.83 3.23 4.43 4.82 8.46 3.42 5.28 5.72 5.79 
7.29 3.08 3.30 3.24 8.17 5.58 3.20 4.19 3.67 7.12 6.96 3.36 2.22 6.21 5.36 2.81 3.28 2.97 6.34 2.77 5.63 4.92 7.94 6.75 3.57 1.71 4.69 5.51 1.58 6.63 0.84 6.36 7.74 3.53 3.11 3.43 4.19 0.61 5.32 7.94 4.55 8.83 8.55 6.44 8.45 5.69 4.46 7.22 0.34 8.70 1.34 2.98 1.08 7.69 7.91 5.25 1.83 2.79 2.81 7.62 
2.30 7.56 7.32 7.31 0.95 7.87 5.36 5.33 6.17 1.41 4.77 9.55 5.85 6.65 7.17 6.74 5.65 8.86 6.17 9.41 3.12 7.49 4.06 0.50 7.82 6.29 5.08 2.63 8.21 0.68 8.03 6.58 2.21 6.13 5.56 7.30 5.70 7.49 6.66 1.20 3.08 1.97 3.94 1.83 1.22 2.07 7.32 5.85 7.57 1.47 8.32 5.44 6.69 4.34 4.03 6.67 5.46 5.07 5.53 1.76 
7.25 3.56 2.87 3.72 8.27 5.15 3.60 4.60 3.33 7.32 7.34 3.71 2.00 6.66 4.97 3.29 3.01 3.38 6.78 3.06 5.55 4.50 7.79 6.87 4.05 1.46 5.09 5.76 1.96 6.76 0.71 6.03 7.71 3.98 3.53 3.91 3.90 1.05 4.95 8.10 4.78 8.87 8.43 6.66 8.57 5.90 4.94 7.64 0.59 8.81 1.61 2.76 1.53 8.04 8.24 4.89 2.07 2.67 2.59 7.83 
5.86 8.22 2.10 8.28 8.05 0.43 7.24 8.16 1.92 8.28 10.11 8.62 3.49 10.44 0.30 7.69 2.59 8.30 10.33 7.92 4.34 0.47 5.18 7.16 8.72 3.77 8.46 7.59 6.88 7.21 5.38 1.70 6.33 8.02 7.30 8.44 1.93 5.94 0.83 8.60 6.75 7.93 5.95 7.97 8.42 7.31 9.31 10.83 5.51 8.57 6.50 3.03 6.04 10.39 10.36 0.80 5.42 3.63 3.13 8.84 
4.44 4.31 3.63 4.21 5.26 5.19 2.62 3.44 2.92 4.44 5.39 5.75 1.76 5.69 4.66 3.55 2.23 5.15 5.55 5.41 2.95 4.58 5.36 3.87 4.74 2.05 3.69 3.13 4.14 3.77 3.70 5.01 4.86 3.52 2.74 4.31 2.93 3.28 4.33 5.15 2.15 5.90 5.88 3.86 5.56 3.09 4.93 6.05 3.28 5.80 4.13 1.80 2.64 5.81 5.88 4.29 1.36 1.20 1.76 4.98 
7.22 5.92 9.69 5.58 5.50 11.19 4.52 3.60 8.97 3.64 0.74 8.14 7.77 2.77 10.59 5.43 8.28 7.47 2.21 8.45 7.24 10.61 8.96 4.85 5.84 7.89 3.06 3.25 7.69 4.64 8.50 10.56 7.23 4.50 4.63 5.44 8.84 7.55 10.17 4.31 4.02 6.75 8.96 3.35 5.42 3.69 4.72 1.20 7.92 5.62 8.08 7.87 6.68 0.76 1.22 10.15 6.13 7.28 7.84 3.44 
7.09 2.31 6.86 1.97 6.57 8.80 1.20 0.39 6.51 4.79 2.97 4.55 5.00 2.05 8.33 1.75 5.84 3.86 2.10 4.79 6.20 8.15 8.51 5.26 2.35 4.92 0.74 3.09 4.02 5.04 4.98 8.75 7.34 0.82 1.19 1.87 6.65 3.98 8.04 5.75 2.81 7.68 8.82 4.07 6.70 3.64 1.61 3.00 4.41 6.96 4.43 5.40 3.18 3.90 4.25 8.00 3.08 4.82 5.30 5.06 
3.92 5.86 7.13 5.58 2.76 8.23 3.70 3.47 6.17 1.01 2.93 7.98 5.36 4.67 7.58 5.07 5.53 7.27 4.20 7.96 3.93 7.73 5.63 1.63 6.05 5.66 3.16 0.76 6.84 1.40 7.00 7.35 4.00 4.35 3.90 5.54 5.89 6.28 7.12 1.96 1.63 3.93 5.69 0.28 2.87 0.53 5.43 3.98 6.48 3.13 7.05 5.20 5.41 2.77 2.62 7.11 4.34 4.68 5.22 1.45 
5.79 9.17 3.15 9.21 8.13 1.02 8.05 8.94 2.79 8.59 10.71 9.64 4.40 11.21 0.97 8.60 3.41 9.31 11.06 8.96 4.50 1.52 4.81 7.39 9.66 4.73 9.20 8.10 7.90 7.48 6.42 1.16 6.23 8.87 8.13 9.36 2.59 6.95 1.19 8.81 7.33 7.85 5.56 8.37 8.49 7.76 10.20 11.49 6.53 8.61 7.53 3.85 7.00 10.90 10.83 1.23 6.29 4.41 3.97 9.14 
5.53 3.07 4.20 2.97 5.98 6.08 1.52 2.47 3.80 4.79 4.89 4.65 2.30 4.74 5.62 2.31 3.14 4.00 4.69 4.40 4.15 5.43 6.57 4.54 3.50 2.30 2.84 3.17 3.17 4.40 3.17 6.14 5.92 2.35 1.59 3.07 3.97 2.47 5.36 5.64 2.21 6.78 7.05 4.11 6.24 3.36 3.73 5.36 2.64 6.50 3.28 2.69 1.65 5.50 5.67 5.31 0.53 2.13 2.59 5.29 
4.33 6.60 2.00 6.60 6.23 2.56 5.29 6.16 0.75 6.22 7.98 7.44 1.90 8.43 1.95 5.96 0.81 6.99 8.28 6.86 2.59 2.04 4.26 5.18 7.08 2.39 6.42 5.45 5.67 5.20 4.46 2.38 4.83 6.14 5.38 6.73 0.21 4.68 1.59 6.63 4.61 6.34 4.99 5.87 6.59 5.19 7.50 8.73 4.37 6.77 5.41 1.18 4.50 8.26 8.23 1.56 3.60 1.67 1.34 6.79 
6.64 4.18 2.13 4.30 7.84 4.39 3.83 4.85 2.52 7.05 7.45 4.51 1.27 7.02 4.18 3.80 2.23 4.16 7.08 3.87 4.89 3.73 7.07 6.47 4.68 0.72 5.30 5.61 2.75 6.39 1.44 5.22 7.11 4.37 3.80 4.48 3.09 1.80 4.15 7.78 4.61 8.35 7.73 6.44 8.15 5.67 5.46 7.86 1.39 8.38 2.42 2.01 2.02 8.07 8.22 4.08 2.06 2.02 1.84 7.59 
3.43 7.17 7.88 6.89 1.60 8.68 5.00 4.77 6.81 0.35 3.75 9.28 6.25 5.78 8.00 6.38 6.23 8.57 5.26 9.24 4.03 8.25 5.19 1.15 7.36 6.62 4.43 2.08 8.10 1.05 8.14 7.54 3.34 5.66 5.20 6.85 6.42 7.49 7.50 0.65 2.84 2.84 5.08 1.06 1.62 1.68 6.72 4.83 7.64 1.87 8.28 5.96 6.63 3.23 2.90 7.50 5.49 5.50 6.01 0.65 
3.22 8.94 4.36 8.88 5.65 3.36 7.28 7.97 3.26 6.46 9.11 10.01 4.48 10.11 2.75 8.22 3.43 9.52 9.84 9.47 2.40 3.37 2.15 5.17 9.39 5.00 8.09 6.41 8.25 5.30 7.09 1.52 3.62 8.20 7.42 8.99 2.60 7.26 2.28 6.48 5.88 5.23 2.91 6.40 6.00 5.95 9.61 10.03 6.98 6.09 8.02 3.71 6.97 9.09 8.93 2.33 5.89 4.02 3.89 6.96 
5.19 3.30 4.67 3.14 5.44 6.43 1.36 2.14 4.14 4.18 4.33 5.08 2.75 4.41 5.92 2.49 3.45 4.41 4.29 4.91 3.96 5.80 6.37 4.00 3.68 2.84 2.42 2.53 3.72 3.84 3.81 6.31 5.54 2.28 1.50 3.20 4.21 3.08 5.61 5.04 1.58 6.30 6.79 3.48 5.69 2.74 3.69 4.87 3.27 5.95 3.87 3.01 2.23 4.90 5.05 5.57 1.16 2.42 2.93 4.66 
1.42 9.89 7.53 9.70 2.75 7.15 7.76 8.00 6.28 4.47 7.84 11.59 6.75 9.61 6.48 9.06 6.06 10.95 9.16 11.27 3.12 7.02 1.77 3.34 10.23 7.29 7.87 5.49 10.01 3.57 9.36 5.37 1.06 8.64 7.96 9.73 5.62 9.12 5.96 3.94 5.59 1.73 1.18 4.87 2.99 4.90 9.97 8.91 9.04 2.93 9.97 6.08 8.50 7.39 7.06 6.00 7.21 6.00 6.23 4.74 
0.48 8.25 6.47 8.05 2.02 6.56 6.11 6.36 5.24 3.18 6.40 9.99 5.40 8.03 5.86 7.42 4.88 9.34 7.61 9.71 1.92 6.29 2.25 1.91 8.58 5.92 6.24 3.92 8.45 2.12 7.92 5.04 0.59 6.99 6.31 8.08 4.64 7.59 5.33 2.95 3.95 1.83 2.22 3.42 2.37 3.33 8.32 7.45 7.55 2.47 8.45 4.81 6.93 6.08 5.81 5.35 5.63 4.62 4.94 3.58 
1.75 9.86 6.57 9.72 3.97 5.87 7.87 8.29 5.35 5.40 8.60 11.35 6.13 10.12 5.23 9.06 5.27 10.76 9.74 10.94 2.67 5.83 0.37 4.13 10.26 6.68 8.24 6.05 9.67 4.34 8.81 4.01 1.82 8.79 8.04 9.78 4.66 8.72 4.74 5.07 5.90 3.14 0.41 5.64 4.27 5.48 10.17 9.64 8.56 4.26 9.56 5.39 8.22 8.31 8.03 4.79 6.97 5.45 5.56 5.77 
7.65 3.63 3.01 3.82 8.68 5.30 3.89 4.88 3.60 7.71 7.65 3.52 2.36 6.87 5.17 3.45 3.34 3.26 7.02 2.83 5.94 4.66 8.16 7.28 4.10 1.81 5.38 6.14 1.83 7.17 0.33 6.28 8.11 4.20 3.80 4.01 4.19 1.07 5.19 8.51 5.17 9.28 8.81 7.06 8.98 6.29 5.07 7.91 0.56 9.22 1.41 3.11 1.76 8.38 8.58 5.12 2.45 3.06 2.94 8.23 
1.31 7.35 6.13 7.15 1.98 6.54 5.21 5.44 4.94 2.52 5.57 9.15 4.84 7.12 5.84 6.53 4.48 8.50 6.71 8.91 1.78 6.18 3.00 1.21 7.68 5.33 5.32 3.02 7.66 1.37 7.24 5.23 1.52 6.08 5.40 7.18 4.42 6.84 5.32 2.55 3.02 2.34 3.09 2.62 2.34 2.44 7.40 6.60 6.84 2.52 7.69 4.33 6.13 5.33 5.10 5.33 4.84 4.05 4.44 3.00 
4.88 3.62 4.67 3.45 5.15 6.33 1.62 2.32 4.05 3.93 4.31 5.40 2.75 4.56 5.80 2.80 3.36 4.73 4.40 5.21 3.67 5.71 6.07 3.70 3.99 2.89 2.54 2.34 4.01 3.55 4.02 6.12 5.23 2.55 1.78 3.50 4.08 3.34 5.47 4.78 1.36 5.99 6.49 3.25 5.39 2.49 3.96 4.92 3.50 5.65 4.14 2.93 2.51 4.82 4.94 5.43 1.36 2.33 2.87 4.43 
9.09 1.17 7.44 1.04 8.77 9.63 2.70 2.58 7.46 7.01 4.84 2.85 5.84 2.88 9.29 1.65 6.87 2.30 3.33 3.39 7.97 8.96 10.36 7.43 0.71 5.56 2.94 5.30 3.21 7.22 4.69 9.99 9.39 1.80 2.52 0.88 7.77 3.73 9.11 7.98 4.88 9.85 10.76 6.29 8.91 5.82 0.73 4.44 4.24 9.18 3.73 6.45 3.32 5.85 6.26 9.05 4.02 5.96 6.30 7.28 
4.08 4.82 3.37 4.74 5.12 4.77 3.15 3.94 2.53 4.50 5.77 6.19 1.64 6.19 4.21 4.07 1.85 5.60 6.02 5.80 2.49 4.18 4.89 3.78 5.26 2.06 4.17 3.36 4.53 3.72 3.93 4.49 4.52 4.06 3.27 4.84 2.46 3.63 3.85 5.14 2.43 5.66 5.43 3.99 5.44 3.23 5.46 6.47 3.56 5.67 4.48 1.46 3.06 6.12 6.15 3.82 1.82 0.92 1.47 5.06 
5.00 3.49 4.84 3.31 5.19 6.52 1.45 2.12 4.24 3.90 4.15 5.32 2.91 4.36 6.00 2.67 3.55 4.65 4.21 5.17 3.84 5.90 6.23 3.75 3.85 3.04 2.34 2.27 3.98 3.58 4.08 6.32 5.34 2.37 1.61 3.36 4.27 3.35 5.67 4.77 1.31 6.06 6.63 3.21 5.42 2.47 3.78 4.73 3.55 5.68 4.14 3.12 2.50 4.68 4.81 5.63 1.42 2.52 3.05 4.39 
6.25 2.67 3.92 2.66 6.82 5.99 1.83 2.85 3.78 5.64 5.51 3.93 2.17 5.03 5.61 2.04 3.19 3.33 5.08 3.61 4.76 5.33 7.16 5.38 3.14 1.96 3.30 4.00 2.36 5.24 2.36 6.32 6.65 2.42 1.80 2.80 4.09 1.62 5.42 6.49 3.05 7.59 7.69 4.95 7.08 4.21 3.65 5.86 1.81 7.34 2.44 2.76 0.83 6.20 6.40 5.37 0.46 2.30 2.62 6.13 
1.76 10.20 7.29 10.04 3.56 6.67 8.13 8.46 6.06 5.19 8.51 11.79 6.72 10.18 6.03 9.38 5.92 11.18 9.76 11.42 3.14 6.61 1.16 3.99 10.57 7.27 8.37 6.06 10.15 4.22 9.38 4.82 1.60 9.04 8.32 10.08 5.38 9.23 5.53 4.73 6.05 2.56 0.41 5.52 3.81 5.48 10.40 9.57 9.10 3.77 10.08 6.00 8.67 8.12 7.81 5.58 7.40 6.01 6.17 5.50 
8.81 1.82 5.21 2.13 9.28 7.50 3.29 4.01 5.62 7.90 6.85 1.43 4.12 5.47 7.31 2.14 5.21 1.03 5.77 1.08 7.28 6.85 9.66 7.84 2.18 3.65 4.54 6.15 0.40 7.67 2.02 8.32 9.21 3.07 3.11 2.32 6.13 1.35 7.27 8.82 5.33 10.11 10.22 7.17 9.51 6.49 3.36 6.81 1.76 9.78 0.90 4.87 1.73 7.75 8.06 7.21 3.02 4.59 4.70 8.33 
4.79 7.36 1.93 7.38 6.87 1.69 6.16 7.05 1.01 7.02 8.88 8.03 2.59 9.32 1.06 6.76 1.54 7.63 9.18 7.40 3.16 1.27 4.38 5.92 7.85 2.99 7.31 6.34 6.26 5.96 4.91 1.69 5.27 6.99 6.24 7.52 0.70 5.28 0.71 7.37 5.51 6.84 5.14 6.71 7.24 6.05 8.33 9.63 4.91 7.40 5.95 1.97 5.21 9.14 9.10 0.66 4.42 2.52 2.10 7.58 
8.09 0.74 6.51 0.40 7.91 8.66 1.70 1.84 6.45 6.23 4.50 2.98 4.84 2.99 8.29 0.65 5.85 2.30 3.29 3.28 6.92 7.99 9.33 6.53 0.81 4.59 2.31 4.48 2.72 6.33 4.00 8.96 8.40 0.89 1.51 0.30 6.75 2.99 8.09 7.20 3.95 8.94 9.74 5.50 8.08 4.96 1.03 4.34 3.48 8.34 3.20 5.42 2.42 5.46 5.82 8.04 2.98 4.92 5.28 6.55 
8.67 1.60 7.58 1.32 8.19 9.70 2.38 2.01 7.47 6.39 4.09 3.57 5.87 2.15 9.31 1.73 6.85 2.97 2.58 4.04 7.66 9.03 10.02 6.89 1.28 5.65 2.29 4.72 3.70 6.67 5.06 9.92 8.94 1.45 2.23 1.13 7.72 4.06 9.09 7.35 4.40 9.30 10.37 5.67 8.31 5.26 0.06 3.69 4.56 8.57 4.20 6.41 3.50 5.10 5.51 9.04 3.97 5.88 6.28 6.62 
9.13 2.97 4.69 3.28 9.87 6.96 4.21 5.03 5.34 8.65 7.90 1.94 4.02 6.61 6.88 3.21 5.05 1.94 6.89 1.16 7.49 6.34 9.79 8.43 3.33 3.49 5.56 6.94 0.93 8.29 1.42 8.02 9.57 4.13 4.05 3.47 5.92 1.45 6.92 9.53 6.05 10.60 10.41 7.94 10.13 7.22 4.52 7.91 1.53 10.39 0.61 4.79 2.25 8.75 9.04 6.85 3.47 4.64 4.62 9.11 
2.45 10.85 8.53 10.65 3.19 8.02 8.71 8.89 7.28 5.08 8.49 12.59 7.78 10.38 7.37 10.03 7.08 11.95 9.91 12.29 4.15 7.94 2.52 4.09 11.18 8.33 8.72 6.30 11.03 4.32 10.40 6.18 2.03 9.57 8.90 10.68 6.61 10.15 6.86 4.40 6.49 1.96 1.77 5.57 3.33 5.71 10.87 9.57 10.07 3.20 11.00 7.11 9.51 7.95 7.58 6.90 8.22 7.03 7.26 5.25 
