10.66 8.83 6.77 6.67 3.38 10.72 7.59 8.84 8.48 6.87 3.30 5.27 1.56 2.52 1.22 2.15 11.61 3.73 8.85 8.36 4.32 6.40 5.68 1.50 11.14 9.89 0.98 3.56 11.14 9.65 5.32 6.72 9.92 3.54 7.79 6.10 9.27 12.17 7.98 0.47 4.94 0.19 4.50 5.33 0.98 10.73 2.22 10.86 3.38 1.17 
10.30 8.71 6.80 6.27 4.02 10.57 7.38 8.77 8.66 7.23 3.54 4.84 1.81 3.00 0.55 1.57 11.71 3.02 8.42 8.25 4.03 6.74 6.35 1.96 11.08 9.94 0.27 4.22 11.15 9.37 5.78 7.09 9.86 2.96 7.96 6.50 9.46 12.26 8.09 0.92 4.74 0.69 4.80 5.83 0.52 10.61 1.80 10.43 2.92 1.58 
8.78 5.38 2.84 6.27 3.74 7.07 5.23 4.98 3.01 1.14 2.62 5.87 4.31 3.37 6.61 7.62 6.32 7.67 8.06 4.91 4.65 0.64 4.37 4.31 6.80 5.02 6.23 3.91 6.40 7.32 1.40 1.06 5.76 6.31 2.50 0.90 3.71 6.89 3.02 5.34 4.13 5.65 1.33 1.85 6.62 6.90 5.35 9.63 5.55 4.63 
4.82 4.73 4.66 0.93 7.67 6.15 3.10 5.17 7.10 7.47 5.08 0.88 5.28 6.13 5.61 5.97 8.92 3.94 2.79 4.50 2.19 7.04 9.73 5.87 7.19 7.01 5.46 7.96 7.70 4.25 7.38 7.49 6.12 2.82 6.47 7.41 7.79 9.35 6.08 5.82 2.42 5.94 5.74 7.76 5.99 6.33 3.89 4.80 2.72 5.70 
2.11 2.14 3.93 2.45 9.25 2.90 1.49 2.79 5.75 7.22 6.56 3.83 7.52 7.89 8.55 9.10 6.38 7.27 1.93 2.28 4.42 6.97 10.82 8.03 4.16 4.66 8.32 9.53 4.89 0.93 7.98 7.34 3.35 5.99 5.37 7.59 6.18 6.69 4.73 8.36 3.86 8.56 6.56 8.43 8.88 3.16 6.65 2.94 5.63 8.00 
4.37 3.77 3.76 0.44 7.43 5.28 2.14 4.20 6.17 6.72 4.74 1.20 5.27 5.93 5.99 6.48 7.95 4.67 2.63 3.53 2.04 6.32 9.35 5.83 6.26 6.03 5.78 7.72 6.74 3.55 6.83 6.76 5.17 3.36 5.57 6.75 6.85 8.38 5.14 5.97 1.89 6.12 5.21 7.23 6.33 5.44 4.13 4.60 3.05 5.72 
11.57 8.50 5.91 8.34 1.14 10.28 7.99 8.18 6.24 3.82 3.18 7.42 3.68 2.37 5.68 6.65 9.52 7.73 10.43 8.00 6.07 3.57 1.48 3.24 10.10 8.32 5.35 1.06 9.71 10.20 1.96 3.61 9.03 6.83 5.79 2.88 6.86 10.08 6.33 4.21 6.01 4.45 2.91 1.60 5.48 10.14 5.41 12.24 6.22 3.63 
5.80 3.25 4.68 7.08 10.36 2.49 4.87 2.86 3.83 6.34 8.31 8.05 9.93 9.58 11.78 12.60 1.59 11.41 6.98 3.52 7.86 6.46 10.90 10.23 1.06 1.67 11.44 10.56 0.31 4.72 8.04 6.55 1.85 9.92 4.20 7.19 3.47 1.68 3.70 10.99 6.98 11.27 7.48 8.46 11.97 2.14 9.92 7.09 9.29 10.39 
8.34 6.43 4.52 4.45 3.76 8.31 5.17 6.48 6.50 5.43 1.75 3.18 1.24 2.23 2.63 3.54 9.46 3.43 6.66 5.97 2.00 4.93 6.02 1.82 8.78 7.66 2.28 4.04 8.85 7.27 4.40 5.34 7.56 2.28 5.79 4.89 7.31 10.00 5.85 2.01 2.53 2.23 3.00 4.62 2.81 8.33 1.06 8.64 1.66 1.68 
5.75 4.39 3.42 1.87 6.02 6.14 2.87 4.64 5.86 5.86 3.37 1.00 3.82 4.50 4.72 5.34 8.17 3.92 4.08 4.01 0.60 5.41 8.02 4.38 6.89 6.25 4.48 6.30 7.20 4.77 5.66 5.87 5.71 2.43 5.17 5.73 6.61 8.66 4.91 4.55 0.78 4.73 4.02 6.03 5.04 6.24 2.81 6.05 1.87 4.28 
3.55 0.94 2.41 2.91 8.10 2.65 0.69 1.42 4.16 5.67 5.49 3.91 6.73 6.86 8.14 8.83 5.20 7.35 3.40 0.78 3.98 5.44 9.47 7.18 3.44 3.34 7.85 8.36 3.91 2.08 6.56 5.79 2.34 5.91 3.77 6.09 4.63 5.59 3.13 7.68 3.19 7.91 5.27 7.01 8.41 2.73 6.21 4.52 5.38 7.22 
5.99 6.03 5.68 2.26 7.63 7.48 4.40 6.44 8.13 8.17 5.26 1.38 5.01 6.08 4.80 4.97 10.16 2.75 3.85 5.77 2.50 7.71 9.84 5.60 8.51 8.24 4.72 7.91 9.00 5.55 7.79 8.17 7.43 1.98 7.46 7.97 8.86 10.61 7.14 5.32 3.11 5.37 6.17 8.12 5.20 7.67 3.36 5.78 2.25 5.35 
7.52 4.29 1.70 4.96 4.34 6.08 3.94 3.98 2.90 2.20 2.30 4.65 4.03 3.48 6.19 7.15 6.05 6.82 6.73 3.79 3.52 1.77 5.46 4.22 6.03 4.46 5.82 4.57 5.80 6.09 2.55 2.22 4.89 5.38 2.21 2.23 3.70 6.62 2.45 5.12 2.89 5.42 1.41 3.00 6.28 5.96 4.65 8.33 4.60 4.44 
1.83 2.04 4.12 2.95 9.61 2.49 1.80 2.70 5.76 7.39 6.94 4.33 7.96 8.28 9.04 9.59 6.13 7.77 2.19 2.29 4.89 7.16 11.12 8.46 3.80 4.49 8.80 9.89 4.59 0.45 8.24 7.52 3.11 6.49 5.44 7.81 6.13 6.41 4.78 8.82 4.29 9.02 6.88 8.69 9.36 2.77 7.13 2.83 6.12 8.44 
4.44 1.10 2.88 4.92 8.86 1.69 2.70 0.70 3.23 5.44 6.54 5.86 8.04 7.87 9.74 10.52 3.23 9.24 5.10 1.33 5.73 5.39 9.79 8.39 1.62 1.53 9.42 9.09 1.90 3.06 6.83 5.62 0.40 7.76 3.20 6.13 3.37 3.60 2.52 9.07 4.86 9.33 5.92 7.28 9.97 1.48 7.85 5.65 7.16 8.51 
4.30 0.84 1.77 3.55 7.69 2.73 1.36 0.86 3.31 4.92 5.20 4.35 6.60 6.56 8.21 8.97 4.54 7.69 4.25 0.34 4.17 4.73 8.91 6.99 3.16 2.63 7.90 7.94 3.43 2.81 5.96 5.06 1.95 6.20 2.94 5.42 3.79 4.99 2.29 7.60 3.30 7.86 4.79 6.42 8.45 2.70 6.31 5.33 5.60 7.08 
7.19 3.74 1.24 5.09 5.10 5.44 3.71 3.34 2.08 2.08 3.15 5.03 4.88 4.33 7.01 7.96 5.19 7.49 6.65 3.27 4.04 1.81 6.00 5.07 5.27 3.62 6.64 5.32 4.98 5.72 3.03 2.18 4.17 6.01 1.37 2.46 2.89 5.76 1.60 5.97 3.29 6.26 2.20 3.49 7.12 5.29 5.40 8.10 5.25 5.30 
6.97 3.55 3.68 7.10 8.73 3.86 4.91 2.92 1.98 4.46 6.99 7.74 8.71 8.14 10.76 11.67 1.35 10.83 7.61 3.53 7.22 4.65 9.03 8.91 2.72 1.04 10.40 8.90 1.86 5.62 6.26 4.68 2.53 9.32 2.54 5.36 1.47 1.92 2.29 9.79 6.33 10.09 5.98 6.65 10.90 3.51 9.03 8.21 8.61 9.13 
6.66 4.40 2.56 3.20 4.74 6.28 3.25 4.42 4.79 4.41 2.02 2.51 3.03 3.32 4.64 5.48 7.52 4.70 5.31 3.92 1.29 3.94 6.59 3.49 6.73 5.67 4.32 5.02 6.82 5.44 4.14 4.40 5.51 3.21 4.08 4.21 5.59 8.05 3.99 4.00 0.88 4.25 2.50 4.51 4.86 6.29 2.81 7.17 2.45 3.52 
6.31 2.64 2.33 5.87 7.68 3.58 3.75 1.98 1.32 3.73 5.75 6.42 7.43 6.96 9.44 10.33 2.64 9.48 6.62 2.47 5.86 3.79 8.25 7.67 2.91 1.02 9.09 7.88 2.41 4.86 5.36 3.93 2.12 7.96 1.51 4.54 1.46 3.19 1.03 8.52 4.97 8.81 4.83 5.78 9.59 3.31 7.68 7.47 7.26 7.87 
9.98 7.57 5.22 6.27 1.84 9.46 6.58 7.45 6.62 4.85 1.56 5.10 0.91 0.49 3.06 4.08 9.84 4.95 8.47 7.07 3.83 4.39 4.17 0.55 9.68 8.24 2.69 2.10 9.55 8.78 3.28 4.70 8.48 4.12 5.96 4.06 7.39 10.41 6.24 1.62 4.10 1.92 2.55 3.32 2.96 9.42 2.66 10.42 3.59 0.93 
9.77 7.65 5.47 5.91 2.63 9.54 6.51 7.61 7.11 5.54 1.93 4.63 0.25 1.33 2.23 3.26 10.26 4.12 8.12 7.16 3.46 5.06 4.98 0.42 9.88 8.57 1.86 2.88 9.84 8.66 4.08 5.40 8.67 3.39 6.43 4.80 7.90 10.82 6.63 0.90 3.91 1.21 3.14 4.16 2.19 9.53 1.91 10.11 2.95 0.25 
11.93 8.75 6.16 8.82 1.75 10.49 8.34 8.39 6.25 3.76 3.71 7.95 4.31 2.99 6.30 7.28 9.48 8.36 10.88 8.26 6.60 3.59 1.00 3.88 10.22 8.39 5.98 1.62 9.77 10.53 2.03 3.55 9.19 7.43 5.86 2.86 6.81 10.03 6.44 4.84 6.49 5.07 3.27 1.59 6.10 10.33 6.03 12.64 6.81 4.26 
8.03 5.67 3.51 4.42 3.44 7.57 4.62 5.62 5.36 4.28 0.82 3.43 1.75 1.96 3.73 4.68 8.38 4.53 6.59 5.18 2.08 3.78 5.47 2.15 7.90 6.64 3.36 3.73 7.88 6.82 3.42 4.20 6.68 3.23 4.65 3.79 6.17 8.94 4.76 2.80 2.17 3.08 1.89 3.70 3.85 7.55 2.22 8.50 2.49 2.23 
2.19 1.58 3.79 3.15 9.43 2.12 1.64 2.24 5.32 7.02 6.78 4.47 7.89 8.14 9.08 9.67 5.66 7.94 2.64 1.87 4.91 6.82 10.86 8.37 3.38 4.02 8.83 9.70 4.14 0.70 7.95 7.16 2.64 6.61 5.03 7.48 5.68 5.95 4.36 8.78 4.24 8.99 6.64 8.41 9.39 2.38 7.16 3.27 6.19 8.38 
2.01 2.38 4.11 2.35 9.34 3.10 1.64 3.02 5.96 7.41 6.64 3.76 7.55 7.96 8.52 9.04 6.61 7.17 1.70 2.51 4.42 7.14 10.95 8.07 4.37 4.90 8.30 9.62 5.11 1.00 8.12 7.52 3.58 5.92 5.58 7.75 6.41 6.92 4.95 8.37 3.89 8.56 6.68 8.57 8.86 3.36 6.63 2.76 5.59 8.03 
1.89 3.43 4.97 2.18 9.80 4.01 2.48 4.07 6.96 8.26 7.09 3.63 7.79 8.36 8.48 8.89 7.65 6.84 0.65 3.54 4.57 7.96 11.55 8.34 5.35 5.95 8.29 10.09 6.13 1.72 8.81 8.36 4.62 5.74 6.54 8.53 7.43 7.95 5.93 8.51 4.23 8.67 7.30 9.25 8.84 4.31 6.66 2.11 5.54 8.25 
2.93 0.98 3.05 3.06 8.76 2.20 1.10 1.62 4.63 6.28 6.14 4.23 7.33 7.50 8.66 9.31 5.26 7.71 3.09 1.15 4.48 6.07 10.14 7.79 3.22 3.51 8.38 9.02 3.84 1.44 7.22 6.42 2.27 6.32 4.31 6.74 5.03 5.61 3.64 8.26 3.74 8.49 5.93 7.68 8.94 2.36 6.73 3.97 5.83 7.82 
3.66 2.17 2.74 1.70 7.70 3.75 0.54 2.61 4.94 5.99 5.00 2.71 5.98 6.33 7.15 7.78 6.38 6.17 2.74 1.94 2.98 5.68 9.32 6.49 4.66 4.49 6.90 7.97 5.14 2.43 6.54 6.08 3.56 4.77 4.43 6.24 5.53 6.80 3.89 6.86 2.32 7.06 5.06 6.98 7.46 3.88 5.23 4.32 4.30 6.47 
5.50 2.36 0.60 3.49 6.18 4.24 1.96 2.22 3.01 3.84 3.70 3.75 5.16 5.05 6.92 7.75 5.30 6.76 4.90 1.86 3.14 3.55 7.48 5.52 4.50 3.42 6.59 6.44 4.55 4.06 4.58 3.94 3.28 5.24 2.39 4.15 3.73 5.82 2.01 6.19 2.25 6.46 3.30 5.03 7.12 4.18 5.08 6.36 4.55 5.63 
12.60 9.54 6.95 9.30 1.60 11.32 9.02 9.21 7.19 4.72 4.12 8.32 4.33 3.12 6.06 6.98 10.44 8.32 11.42 9.04 6.99 4.52 0.85 3.81 11.11 9.31 5.77 1.35 10.69 11.24 2.93 4.51 10.06 7.56 6.78 3.80 7.77 11.00 7.33 4.64 6.99 4.83 3.95 2.52 5.81 11.17 6.10 13.25 7.00 4.17 
6.81 3.12 1.52 5.55 6.40 4.52 3.70 2.56 0.93 2.61 4.53 5.82 6.25 5.70 8.34 9.27 3.81 8.61 6.71 2.76 5.04 2.59 7.04 6.46 4.09 2.30 7.97 6.60 3.68 5.32 4.11 2.79 3.12 7.11 0.41 3.33 1.68 4.38 0.32 7.34 4.19 7.63 3.56 4.54 8.46 4.30 6.66 7.87 6.37 6.67 
5.67 4.57 3.76 1.68 6.29 6.26 3.00 4.85 6.20 6.24 3.68 0.62 4.00 4.76 4.72 5.27 8.44 3.70 3.90 4.21 0.80 5.79 8.33 4.57 7.08 6.52 4.50 6.58 7.42 4.77 6.02 6.25 5.91 2.25 5.52 6.10 6.95 8.92 5.25 4.67 1.16 4.82 4.38 6.38 5.05 6.38 2.84 5.89 1.80 4.44 
8.97 5.36 3.11 7.01 4.83 6.82 5.60 4.84 2.16 0.36 3.93 6.83 5.63 4.66 7.93 8.94 5.36 8.90 8.57 4.95 5.71 0.71 4.93 5.62 6.29 4.37 7.55 4.96 5.73 7.49 2.23 0.57 5.41 7.51 1.93 1.29 2.69 5.92 2.61 6.66 5.07 6.96 2.64 2.58 7.94 6.59 6.62 9.95 6.74 5.94 
0.89 4.40 6.45 3.95 11.57 4.19 3.99 5.05 8.15 9.74 8.85 5.37 9.58 10.14 10.20 10.56 8.17 8.40 1.82 4.68 6.36 9.49 13.26 10.13 5.62 6.73 10.04 11.85 6.55 2.17 10.46 9.86 5.26 7.42 7.84 10.10 8.49 8.36 7.17 10.29 6.01 10.44 9.00 10.91 10.57 4.54 8.42 0.44 7.28 10.04 
12.84 9.67 7.08 9.66 2.16 11.40 9.25 9.30 7.11 4.60 4.51 8.75 4.88 3.62 6.68 7.60 10.30 8.90 11.75 9.18 7.40 4.46 0.22 4.38 11.12 9.27 6.38 1.93 10.65 11.45 2.94 4.39 10.10 8.08 6.74 3.72 7.63 10.85 7.34 5.24 7.34 5.44 4.17 2.49 6.43 11.24 6.64 13.54 7.50 4.75 
4.50 3.80 3.69 0.59 7.28 5.34 2.17 4.21 6.11 6.61 4.60 1.11 5.12 5.78 5.86 6.37 7.94 4.59 2.78 3.54 1.89 6.21 9.21 5.68 6.30 6.02 5.65 7.57 6.76 3.66 6.70 6.65 5.20 3.26 5.50 6.63 6.80 8.38 5.09 5.83 1.75 5.99 5.08 7.09 6.21 5.50 4.00 4.75 2.92 5.58 
8.20 5.30 2.80 5.09 3.25 7.16 4.63 5.08 4.15 2.86 1.03 4.41 2.78 2.21 5.00 6.00 7.34 5.95 7.10 4.79 3.11 2.35 4.77 2.93 7.23 5.73 4.63 3.50 7.06 6.85 2.22 2.78 6.06 4.61 3.48 2.41 4.95 7.90 3.73 3.86 2.78 4.16 0.58 2.59 5.06 7.07 3.63 8.87 3.85 3.17 
2.52 1.58 4.16 4.32 10.06 0.97 2.54 2.06 5.15 7.17 7.50 5.60 8.76 8.87 10.10 10.74 4.82 9.08 3.67 2.06 5.92 7.05 11.30 9.21 2.35 3.43 9.83 10.32 3.21 1.35 8.34 7.34 1.93 7.72 5.01 7.75 5.34 5.04 4.31 9.70 5.18 9.93 7.18 8.80 10.39 1.28 8.17 3.78 7.26 9.24 
8.43 5.77 3.38 5.04 2.92 7.65 4.91 5.62 4.90 3.55 0.29 4.16 2.02 1.64 4.25 5.24 8.06 5.31 7.15 5.26 2.82 3.05 4.77 2.22 7.83 6.41 3.87 3.20 7.71 7.14 2.60 3.45 6.64 4.04 4.22 3.00 5.70 8.62 4.44 3.10 2.72 3.41 1.11 2.89 4.30 7.59 2.95 9.00 3.31 2.43 
9.32 8.29 6.79 5.29 5.43 10.06 6.79 8.47 8.94 7.93 4.20 3.83 2.81 4.15 1.29 1.46 11.75 1.39 7.30 7.88 3.45 7.43 7.78 3.22 10.76 9.89 1.37 5.65 10.97 8.57 6.76 7.83 9.56 1.69 8.22 7.34 9.75 12.28 8.21 2.39 4.31 2.27 5.48 6.90 1.71 10.15 1.48 9.29 2.05 2.84 
8.25 6.71 5.02 4.25 4.43 8.54 5.32 6.82 7.14 6.20 2.55 2.86 1.73 2.93 2.24 3.02 9.98 2.63 6.44 6.27 1.96 5.70 6.73 2.31 9.13 8.14 1.96 4.69 9.27 7.30 5.20 6.11 7.91 1.54 6.42 5.68 7.95 10.52 6.42 2.12 2.71 2.24 3.79 5.42 2.52 8.60 0.34 8.44 1.05 2.06 
10.67 7.19 4.72 8.14 3.39 8.78 7.14 6.73 4.20 1.70 3.76 7.61 5.10 3.85 7.38 8.41 7.34 8.93 9.97 6.74 6.32 1.72 2.92 4.88 8.33 6.42 7.01 3.42 7.78 9.20 1.10 1.50 7.40 7.72 3.94 1.03 4.68 7.88 4.59 5.96 5.92 6.24 2.65 1.03 7.29 8.57 6.53 11.54 6.99 5.26 
7.24 5.84 4.41 3.24 5.09 7.64 4.39 6.01 6.69 6.10 2.79 1.88 2.56 3.55 3.18 3.84 9.34 2.81 5.44 5.42 1.01 5.61 7.30 3.14 8.31 7.46 2.94 5.37 8.52 6.31 5.41 6.06 7.10 1.33 5.97 5.73 7.49 9.86 5.87 3.11 1.85 3.25 3.84 5.69 3.50 7.71 1.27 7.44 0.56 2.96 
10.13 8.58 6.71 6.09 4.12 10.43 7.23 8.65 8.60 7.22 3.50 4.66 1.81 3.04 0.51 1.54 11.63 2.85 8.24 8.12 3.87 6.73 6.46 2.02 10.96 9.85 0.14 4.33 11.04 9.21 5.81 7.09 9.74 2.77 7.90 6.51 9.41 12.18 8.01 1.01 4.60 0.83 4.78 5.88 0.63 10.47 1.63 10.25 2.74 1.63 
5.26 2.13 3.42 5.94 9.22 2.13 3.71 1.64 2.97 5.41 7.08 6.83 8.67 8.36 10.50 11.32 2.21 10.15 6.10 2.31 6.59 5.46 9.92 8.98 1.22 0.79 10.17 9.43 0.97 3.98 7.00 5.61 0.84 8.66 3.18 6.20 2.87 2.57 2.59 9.73 5.70 10.01 6.31 7.43 10.70 1.79 8.64 6.52 8.02 9.13 
3.35 4.06 4.83 0.99 8.85 5.12 2.62 4.62 7.11 7.96 6.17 2.29 6.63 7.35 7.11 7.47 8.38 5.38 1.30 3.98 3.42 7.60 10.78 7.20 6.34 6.54 6.95 9.14 6.99 2.99 8.21 8.03 5.41 4.32 6.57 8.07 7.70 8.75 6.05 7.26 3.31 7.39 6.61 8.62 7.48 5.37 5.35 3.31 4.20 7.07 
7.92 4.22 3.04 7.05 7.03 5.19 5.10 3.58 0.59 2.63 5.63 7.33 7.38 6.63 9.57 10.54 3.09 10.05 8.08 3.98 6.52 2.89 7.18 7.50 4.35 2.39 9.20 7.18 3.63 6.46 4.49 2.85 3.74 8.56 1.28 3.56 0.42 3.64 1.63 8.46 5.69 8.76 4.47 4.85 9.66 4.90 8.00 9.06 7.80 7.76 
3.99 4.70 5.20 1.12 8.73 5.84 3.18 5.24 7.55 8.22 6.10 1.96 6.37 7.20 6.63 6.92 9.01 4.75 1.84 4.58 3.24 7.82 10.75 6.95 7.03 7.14 6.50 9.02 7.65 3.71 8.30 8.26 6.07 3.81 6.98 8.25 8.19 9.39 6.51 6.91 3.32 7.01 6.67 8.69 7.02 6.07 4.96 3.80 3.79 6.78 
9.62 8.96 7.66 5.67 6.43 10.67 7.40 9.20 9.89 8.96 5.24 4.27 3.86 5.19 2.00 1.53 12.60 0.94 7.51 8.58 4.19 8.46 8.78 4.24 11.46 10.71 2.22 6.64 11.74 9.01 7.81 8.87 10.28 2.15 9.17 8.39 10.69 13.12 9.11 3.33 5.08 3.17 6.52 7.96 2.37 10.79 2.48 9.45 2.75 3.85 
5.61 2.80 4.14 6.63 9.85 2.32 4.41 2.37 3.39 5.89 7.78 7.56 9.39 9.05 11.24 12.07 1.70 10.90 6.65 3.03 7.34 5.99 10.44 9.69 1.00 1.18 10.91 10.06 0.23 4.43 7.56 6.10 1.41 9.40 3.71 6.73 3.11 1.95 3.19 10.46 6.45 10.73 6.96 7.98 11.44 1.96 9.39 6.89 8.77 9.85 
5.25 2.75 1.54 2.61 6.13 4.63 1.69 2.83 3.99 4.52 3.47 2.77 4.68 4.83 6.22 6.99 6.22 5.84 4.29 2.29 2.24 4.16 7.70 5.12 5.14 4.31 5.91 6.40 5.33 3.92 4.92 4.59 3.92 4.33 3.35 4.67 4.71 6.72 3.00 5.65 1.34 5.90 3.44 5.36 6.46 4.65 4.32 5.95 3.67 5.17 
6.75 6.38 5.65 2.83 6.88 7.96 4.76 6.72 8.07 7.84 4.66 1.54 4.21 5.35 3.89 4.10 10.35 2.00 4.66 6.07 2.17 7.36 9.14 4.79 8.89 8.43 3.82 7.16 9.29 6.18 7.27 7.81 7.76 1.08 7.38 7.54 8.83 10.83 7.14 4.45 2.96 4.48 5.68 7.56 4.30 8.12 2.51 6.63 1.47 4.52 
8.25 4.54 3.17 7.23 6.79 5.57 5.35 3.90 0.80 2.33 5.51 7.45 7.26 6.46 9.49 10.47 3.41 10.07 8.34 4.27 6.58 2.63 6.85 7.35 4.74 2.77 9.11 6.93 4.01 6.78 4.21 2.55 4.11 8.58 1.37 3.27 0.76 3.95 1.85 8.33 5.77 8.64 4.32 4.56 9.56 5.28 7.96 9.38 7.82 7.63 
9.95 7.66 5.38 6.17 2.14 9.56 6.61 7.57 6.87 5.18 1.73 4.94 0.60 0.86 2.69 3.71 10.07 4.62 8.38 7.16 3.72 4.71 4.49 0.21 9.82 8.43 2.32 2.39 9.73 8.79 3.64 5.03 8.62 3.84 6.21 4.40 7.65 10.64 6.46 1.27 4.07 1.57 2.83 3.69 2.60 9.52 2.37 10.34 3.35 0.56 
8.17 7.29 6.02 4.15 5.76 9.02 5.75 7.52 8.29 7.57 3.99 2.70 3.03 4.32 2.33 2.60 10.93 1.23 6.15 6.90 2.51 7.08 8.10 3.56 9.79 9.04 2.27 6.02 10.06 7.45 6.65 7.50 8.60 0.54 7.58 7.10 9.09 11.45 7.48 3.01 3.40 3.00 5.20 6.87 2.73 9.13 1.28 8.14 1.08 3.24 
10.14 7.02 4.43 7.08 1.88 8.80 6.55 6.69 4.89 2.64 2.13 6.30 3.28 2.02 5.55 6.58 8.20 7.19 9.10 6.52 4.96 2.28 2.79 3.05 8.64 6.90 5.19 2.03 8.28 8.75 0.81 2.44 7.56 6.07 4.39 1.72 5.56 8.76 4.89 4.13 4.75 4.42 1.48 0.84 5.46 8.66 4.79 10.85 5.38 3.43 
5.44 2.36 0.70 3.38 6.20 4.24 1.89 2.25 3.12 3.92 3.69 3.65 5.12 5.05 6.86 7.69 5.39 6.67 4.81 1.86 3.06 3.63 7.53 5.50 4.54 3.49 6.53 6.45 4.60 4.01 4.63 4.02 3.32 5.16 2.50 4.22 3.83 5.90 2.12 6.15 2.16 6.42 3.33 5.08 7.07 4.20 5.01 6.29 4.47 5.60 
9.59 8.22 6.50 5.54 4.60 10.05 6.81 8.34 8.53 7.33 3.58 4.09 2.05 3.37 0.76 1.52 11.46 2.22 7.65 7.79 3.43 6.83 6.95 2.40 10.65 9.64 0.62 4.82 10.79 8.72 6.05 7.21 9.43 2.12 7.81 6.68 9.34 12.00 7.87 1.55 4.22 1.44 4.87 6.16 1.12 10.11 1.19 9.66 2.18 2.02 
1.66 2.39 4.91 4.31 10.69 1.66 2.95 2.94 6.05 8.02 8.07 5.70 9.21 9.43 10.38 10.95 5.66 9.13 3.19 2.83 6.21 7.86 12.04 9.69 3.09 4.34 10.13 10.96 4.02 0.97 9.10 8.17 2.84 7.86 5.89 8.55 6.26 5.83 5.19 10.10 5.56 10.31 7.86 9.55 10.69 2.01 8.46 2.94 7.48 9.69 
10.98 8.56 6.18 7.22 1.48 10.45 7.58 8.42 7.41 5.45 2.52 5.99 1.60 1.20 3.10 4.05 10.68 5.39 9.43 8.06 4.77 5.02 3.79 1.01 10.63 9.13 2.80 1.66 10.47 9.79 3.70 5.27 9.44 4.79 6.79 4.58 8.16 11.25 7.12 1.67 5.09 1.87 3.35 3.61 2.88 10.40 3.31 11.39 4.36 1.28 
9.88 8.90 7.38 5.86 5.63 10.67 7.40 9.08 9.50 8.40 4.66 4.42 3.15 4.46 1.15 0.91 12.34 1.58 7.84 8.49 4.07 7.90 7.97 3.47 11.38 10.49 1.39 5.84 11.58 9.16 7.15 8.30 10.17 2.26 8.79 7.78 10.31 12.88 8.79 2.52 4.93 2.34 5.95 7.26 1.53 10.76 2.04 9.82 2.66 3.08 
9.43 7.35 5.21 5.57 2.85 9.24 6.19 7.32 6.93 5.46 1.77 4.29 0.12 1.44 2.27 3.29 10.04 3.94 7.78 6.86 3.12 4.97 5.19 0.71 9.60 8.33 1.89 3.11 9.58 8.33 4.09 5.33 8.39 3.12 6.24 4.76 7.72 10.60 6.41 1.10 3.58 1.39 3.02 4.20 2.29 9.23 1.65 9.77 2.64 0.57 
10.56 9.79 8.35 6.59 6.41 11.53 8.26 9.99 10.48 9.37 5.62 5.17 4.06 5.34 1.83 0.95 13.30 1.88 8.45 9.39 4.97 8.87 8.72 4.32 12.28 11.44 2.17 6.59 12.51 9.92 8.07 9.26 11.08 3.02 9.77 8.73 11.29 13.83 9.76 3.30 5.84 3.07 6.91 8.17 2.08 11.63 3.01 10.39 3.54 3.93 
4.17 0.53 2.48 4.30 8.48 1.91 2.07 0.20 3.32 5.32 6.07 5.23 7.52 7.42 9.16 9.92 3.81 8.61 4.60 0.70 5.11 5.22 9.54 7.90 2.21 2.00 8.85 8.72 2.54 2.72 6.57 5.49 1.00 7.13 3.15 5.94 3.61 4.20 2.45 8.53 4.25 8.79 5.55 7.03 9.40 1.81 7.26 5.33 6.54 8.00 
6.31 2.73 2.77 6.16 8.13 3.41 3.99 2.08 1.61 4.10 6.22 6.78 7.90 7.42 9.90 10.79 2.19 9.89 6.77 2.64 6.28 4.20 8.65 8.14 2.58 0.63 9.54 8.32 1.99 4.90 5.78 4.31 1.97 8.38 1.93 4.94 1.52 2.74 1.50 8.98 5.38 9.27 5.29 6.19 10.05 3.11 8.13 7.51 7.68 8.34 
9.64 8.10 6.27 5.61 4.15 9.95 6.74 8.18 8.22 6.94 3.20 4.18 1.61 2.92 0.88 1.83 11.21 2.64 7.76 7.65 3.38 6.44 6.50 1.95 10.49 9.41 0.55 4.37 10.59 8.72 5.62 6.82 9.27 2.35 7.51 6.27 9.03 11.76 7.60 1.12 4.11 1.07 4.48 5.72 1.11 9.99 1.14 9.77 2.27 1.56 
4.05 3.14 3.29 0.82 7.47 4.67 1.51 3.57 5.65 6.37 4.76 1.77 5.49 6.02 6.41 6.96 7.32 5.25 2.58 2.90 2.30 6.00 9.29 6.03 5.63 5.41 6.18 7.76 6.11 3.07 6.65 6.43 4.54 3.89 5.07 6.48 6.30 7.75 4.61 6.26 1.89 6.44 5.07 7.06 6.74 4.83 4.51 4.45 3.49 5.96 
8.72 7.68 6.24 4.68 5.39 9.44 6.18 7.87 8.44 7.55 3.87 3.22 2.69 4.01 1.74 2.07 11.19 1.36 6.71 7.27 2.85 7.05 7.75 3.17 10.16 9.32 1.69 5.64 10.39 7.95 6.49 7.46 8.96 1.11 7.72 7.01 9.25 11.72 7.68 2.51 3.72 2.47 5.13 6.67 2.14 9.54 1.07 8.72 1.43 2.82 
10.02 7.28 4.79 6.55 1.33 9.15 6.50 7.07 5.84 3.88 1.38 5.55 1.90 0.58 4.13 5.15 9.12 5.91 8.70 6.77 4.21 3.45 3.39 1.62 9.21 7.63 3.76 1.62 8.99 8.73 2.22 3.71 8.05 4.92 5.24 3.04 6.59 9.69 5.61 2.69 4.26 2.98 1.81 2.25 4.03 9.06 3.54 10.58 4.30 2.00 
0.52 4.19 6.36 4.14 11.63 3.83 3.95 4.83 7.95 9.63 8.92 5.58 9.72 10.22 10.43 10.82 7.83 8.70 2.10 4.51 6.51 9.40 13.27 10.26 5.26 6.45 10.25 11.91 6.20 1.96 10.43 9.76 4.96 7.67 7.67 10.03 8.26 8.00 7.00 10.46 6.11 10.62 9.00 10.88 10.79 4.19 8.62 0.77 7.50 10.19 
11.17 8.98 6.71 7.29 2.30 10.88 7.89 8.91 8.12 6.25 3.05 5.97 1.64 1.88 2.41 3.29 11.35 4.87 9.50 8.49 4.85 5.81 4.53 1.17 11.15 9.74 2.16 2.44 11.05 10.05 4.53 6.08 9.95 4.49 7.47 5.39 8.88 11.92 7.75 1.13 5.31 1.22 4.04 4.46 2.12 10.85 3.05 11.49 4.19 1.17 
12.89 9.65 7.07 9.80 2.47 11.35 9.30 9.26 6.96 4.44 4.68 8.93 5.17 3.88 7.03 7.96 10.11 9.20 11.86 9.17 7.58 4.35 0.21 4.69 11.02 9.15 6.72 2.27 10.52 11.48 2.89 4.23 10.02 8.34 6.63 3.60 7.45 10.65 7.24 5.58 7.47 5.79 4.24 2.43 6.79 11.18 6.92 13.61 7.75 5.06 
8.39 5.75 3.37 4.99 2.96 7.63 4.88 5.61 4.92 3.59 0.30 4.11 2.00 1.66 4.22 5.21 8.07 5.26 7.10 5.24 2.76 3.09 4.82 2.21 7.82 6.41 3.84 3.24 7.71 7.11 2.66 3.50 6.63 3.99 4.24 3.05 5.72 8.63 4.44 3.09 2.67 3.39 1.16 2.95 4.28 7.58 2.90 8.96 3.25 2.42 
9.51 6.69 4.18 6.15 1.87 8.55 5.96 6.47 5.25 3.39 0.99 5.24 2.11 1.02 4.43 5.45 8.52 5.97 8.27 6.18 3.89 2.93 3.66 2.00 8.59 7.02 4.05 2.13 8.37 8.19 1.91 3.23 7.44 4.86 4.63 2.61 6.00 9.09 4.99 3.06 3.83 3.36 1.19 2.06 4.38 8.46 3.57 10.11 4.18 2.34 
10.73 7.27 4.78 8.15 3.27 8.86 7.19 6.81 4.31 1.80 3.71 7.61 5.02 3.76 7.30 8.32 7.46 8.87 10.00 6.81 6.31 1.80 2.80 4.79 8.43 6.52 6.93 3.30 7.89 9.26 1.04 1.60 7.49 7.67 4.04 1.09 4.80 8.01 4.68 5.87 5.92 6.15 2.63 0.93 7.20 8.66 6.47 11.59 6.95 5.17 
7.86 5.10 2.70 4.64 3.52 6.98 4.30 4.94 4.33 3.26 0.97 3.93 2.63 2.31 4.76 5.73 7.43 5.54 6.68 4.59 2.62 2.76 5.18 2.88 7.15 5.75 4.39 3.79 7.04 6.54 2.70 3.20 5.96 4.17 3.63 2.88 5.13 7.99 3.80 3.71 2.32 4.01 1.06 3.06 4.86 6.92 3.27 8.48 3.41 3.06 
2.90 2.98 3.99 1.22 8.63 4.11 1.61 3.56 6.16 7.23 5.91 2.66 6.65 7.18 7.47 7.95 7.31 6.05 1.52 2.93 3.45 6.90 10.39 7.19 5.28 5.48 7.26 8.91 5.92 2.13 7.68 7.31 4.34 4.82 5.66 7.44 6.71 7.67 5.10 7.40 3.06 7.57 6.15 8.11 7.81 4.34 5.60 3.28 4.52 7.12 
8.20 6.56 4.82 4.23 4.27 8.41 5.21 6.66 6.92 5.97 2.33 2.87 1.62 2.76 2.39 3.20 9.78 2.86 6.43 6.11 1.87 5.47 6.56 2.20 8.97 7.95 2.09 4.55 9.10 7.22 4.98 5.88 7.75 1.71 6.20 5.45 7.73 10.32 6.21 2.12 2.57 2.27 3.56 5.20 2.64 8.46 0.55 8.43 1.15 1.98 
7.57 5.85 4.17 3.65 4.49 7.70 4.50 5.95 6.34 5.58 2.16 2.38 2.04 2.94 3.10 3.89 9.13 3.24 5.86 5.40 1.22 5.08 6.68 2.62 8.26 7.28 2.80 4.77 8.41 6.54 4.80 5.52 7.05 1.86 5.62 5.16 7.14 9.66 5.58 2.74 1.86 2.93 3.26 5.07 3.35 7.75 1.21 7.85 1.11 2.48 
6.41 4.76 3.39 2.58 5.31 6.58 3.35 4.92 5.74 5.46 2.69 1.56 3.13 3.79 4.21 4.92 8.28 3.79 4.79 4.33 0.24 4.99 7.35 3.68 7.22 6.39 3.94 5.60 7.43 5.37 5.08 5.44 6.01 2.27 5.03 5.23 6.53 8.80 4.87 3.91 0.76 4.10 3.45 5.43 4.50 6.64 2.29 6.75 1.57 3.59 
8.65 5.69 3.16 5.52 2.85 7.54 5.07 5.45 4.30 2.73 1.02 4.81 2.72 1.96 5.01 6.02 7.54 6.15 7.55 5.19 3.48 2.23 4.32 2.79 7.56 6.00 4.63 3.10 7.34 7.29 1.83 2.62 6.41 4.86 3.65 2.16 5.07 8.11 3.98 3.78 3.21 4.08 0.27 2.18 5.04 7.44 3.79 9.32 4.12 3.07 
2.02 3.53 5.00 2.08 9.75 4.15 2.52 4.17 7.02 8.28 7.04 3.52 7.71 8.30 8.37 8.77 7.77 6.70 0.54 3.62 4.49 7.97 11.53 8.27 5.49 6.06 8.19 10.04 6.26 1.87 8.80 8.38 4.74 5.62 6.59 8.53 7.51 8.07 5.99 8.42 4.17 8.57 7.28 9.24 8.73 4.45 6.56 2.17 5.43 8.17 
9.14 5.72 3.20 6.66 3.65 7.37 5.61 5.30 3.14 0.95 2.83 6.24 4.47 3.45 6.79 7.81 6.44 7.95 8.45 5.26 5.01 0.51 4.08 4.43 7.05 5.23 6.41 3.80 6.61 7.69 1.15 0.81 6.04 6.62 2.69 0.51 3.79 7.00 3.27 5.48 4.50 5.78 1.55 1.58 6.78 7.19 5.60 10.01 5.86 4.76 
7.26 3.93 1.35 4.91 4.75 5.70 3.72 3.60 2.53 2.20 2.71 4.73 4.43 3.90 6.56 7.51 5.64 7.08 6.58 3.45 3.68 1.83 5.79 4.63 5.62 4.03 6.19 4.97 5.38 5.81 2.84 2.26 4.49 5.61 1.82 2.40 3.34 6.20 2.03 5.51 2.97 5.81 1.82 3.30 6.66 5.57 4.96 8.12 4.84 4.85 
5.94 4.42 3.29 2.12 5.76 6.20 2.95 4.63 5.70 5.63 3.11 1.24 3.61 4.25 4.61 5.27 8.10 3.96 4.32 4.02 0.44 5.18 7.75 4.16 6.91 6.18 4.35 6.05 7.17 4.91 5.40 5.63 5.71 2.45 5.01 5.48 6.47 8.60 4.78 4.37 0.60 4.56 3.76 5.76 4.91 6.28 2.69 6.27 1.83 4.07 
3.51 2.22 2.91 1.62 7.84 3.74 0.62 2.70 5.09 6.16 5.14 2.70 6.10 6.46 7.22 7.83 6.47 6.18 2.57 2.03 3.05 5.85 9.49 6.60 4.69 4.59 6.97 8.12 5.20 2.32 6.71 6.25 3.62 4.80 4.59 6.41 5.67 6.88 4.04 6.95 2.43 7.16 5.22 7.14 7.53 3.88 5.30 4.16 4.35 6.58 
8.09 4.39 2.55 6.63 5.92 5.70 4.92 3.81 0.92 1.60 4.58 6.71 6.33 5.53 8.56 9.54 4.16 9.20 7.94 4.04 5.76 1.79 6.17 6.42 5.08 3.14 8.18 6.08 4.49 6.60 3.40 1.81 4.26 7.73 0.87 2.49 1.51 4.72 1.56 7.40 4.99 7.70 3.38 3.78 8.62 5.45 7.06 9.14 6.96 6.70 
4.69 1.69 1.30 3.04 6.94 3.59 1.19 1.74 3.45 4.60 4.38 3.61 5.72 5.74 7.32 8.09 5.25 6.86 4.20 1.21 3.30 4.33 8.29 6.13 4.04 3.32 7.00 7.20 4.26 3.24 5.39 4.71 2.83 5.37 2.93 4.96 4.07 5.72 2.40 6.72 2.42 6.97 4.09 5.84 7.55 3.58 5.42 5.57 4.74 6.20 
6.63 3.76 4.70 7.56 10.08 3.33 5.33 3.25 3.37 5.87 8.21 8.41 9.89 9.41 11.84 12.71 0.69 11.68 7.67 3.93 8.08 6.05 10.44 10.14 1.93 1.56 11.50 10.26 0.95 5.47 7.65 6.08 2.41 10.17 3.86 6.76 2.87 0.94 3.49 10.96 7.18 11.25 7.27 8.05 12.02 2.97 10.04 7.91 9.51 10.33 
11.88 9.17 6.66 8.29 0.72 11.03 8.38 8.95 7.47 5.21 3.24 7.16 2.87 1.93 4.39 5.30 10.77 6.74 10.48 8.67 5.87 4.87 2.53 2.30 11.04 9.40 4.12 0.62 10.77 10.61 3.33 5.01 9.90 6.11 6.92 4.27 8.15 11.34 7.36 3.00 6.06 3.17 3.61 3.08 4.13 10.94 4.62 12.40 5.63 2.62 
9.27 6.31 3.76 6.09 2.24 8.15 5.69 6.05 4.70 2.84 1.17 5.29 2.61 1.58 4.93 5.95 7.98 6.33 8.14 5.81 3.95 2.37 3.72 2.54 8.13 6.51 4.55 2.48 7.87 7.92 1.50 2.69 6.99 5.13 4.10 2.09 5.45 8.55 4.48 3.59 3.76 3.90 0.70 1.75 4.90 8.04 3.93 9.93 4.42 2.87 
6.03 2.44 0.66 4.58 6.39 4.10 2.77 2.00 1.88 3.20 4.20 4.90 5.83 5.48 7.78 8.67 4.31 7.84 5.78 2.01 4.23 3.04 7.34 6.11 3.98 2.52 7.43 6.61 3.80 4.54 4.37 3.34 2.85 6.32 1.32 3.74 2.58 4.85 0.86 6.90 3.35 7.19 3.46 4.83 7.95 3.95 6.01 7.03 5.60 6.29 
5.47 2.62 1.02 3.11 6.02 4.51 1.88 2.58 3.47 4.07 3.44 3.28 4.80 4.80 6.49 7.30 5.79 6.27 4.68 2.12 2.65 3.73 7.46 5.20 4.88 3.89 6.17 6.28 4.99 4.08 4.61 4.15 3.66 4.75 2.82 4.28 4.20 6.30 2.49 5.82 1.76 6.08 3.21 5.05 6.71 4.49 4.63 6.25 4.07 5.29 
6.35 3.29 0.89 3.87 5.25 5.15 2.77 3.10 3.08 3.24 2.81 3.78 4.35 4.15 6.26 7.15 5.83 6.42 5.56 2.78 2.87 2.88 6.59 4.68 5.32 4.03 5.92 5.51 5.27 4.94 3.72 3.30 4.12 4.91 2.38 3.40 3.87 6.37 2.26 5.42 2.06 5.70 2.38 4.17 6.43 5.08 4.50 7.15 4.17 4.82 
7.06 3.56 3.49 7.02 8.45 4.00 4.86 2.92 1.70 4.17 6.74 7.61 8.46 7.88 10.54 11.45 1.62 10.66 7.62 3.50 7.05 4.37 8.74 8.66 2.93 1.12 10.18 8.62 2.10 5.68 5.98 4.39 2.63 9.14 2.27 5.08 1.19 2.19 2.07 9.55 6.16 9.85 5.72 6.36 10.67 3.67 8.82 8.28 8.43 8.89 
7.66 6.08 4.45 3.70 4.61 7.91 4.69 6.20 6.64 5.88 2.40 2.36 2.06 3.07 2.88 3.63 9.41 2.93 5.90 5.64 1.34 5.38 6.85 2.65 8.51 7.55 2.60 4.89 8.67 6.68 5.06 5.81 7.29 1.58 5.92 5.44 7.45 9.94 5.88 2.65 2.07 2.81 3.54 5.32 3.16 7.97 0.96 7.90 0.86 2.47 
8.85 8.41 7.33 4.96 6.83 10.06 6.82 8.70 9.64 8.94 5.31 3.62 4.15 5.48 2.66 2.38 12.21 0.15 6.71 8.06 3.77 8.44 9.19 4.61 10.93 10.30 2.80 7.06 11.26 8.31 7.95 8.86 9.76 1.67 8.93 8.44 10.44 12.71 8.81 3.83 4.67 3.71 6.55 8.14 3.06 10.20 2.52 8.63 2.40 4.24 
2.58 4.35 5.60 2.07 9.94 5.01 3.19 4.97 7.73 8.83 7.24 3.37 7.73 8.44 8.14 8.45 8.61 6.26 0.40 4.40 4.51 8.49 11.82 8.30 6.35 6.88 8.00 10.22 7.12 2.71 9.20 8.91 5.59 5.33 7.26 9.01 8.26 8.93 6.69 8.34 4.37 8.46 7.62 9.62 8.52 5.31 6.42 2.28 5.26 8.16 
1.76 2.19 4.70 4.17 10.48 1.59 2.75 2.75 5.87 7.81 7.87 5.54 9.01 9.23 10.20 10.78 5.56 8.99 3.15 2.63 6.03 7.66 11.83 9.49 3.02 4.20 9.95 10.75 3.93 0.86 8.89 7.97 2.69 7.70 5.70 8.35 6.09 5.75 5.00 9.91 5.37 10.12 7.65 9.35 10.51 1.94 8.28 3.04 7.31 9.50 
