5.24 2.06 5.78 8.89 0.98 2.98 7.86 6.08 0.66 8.18 6.47 2.88 8.05 3.02 2.97 8.36 5.42 3.28 5.59 6.35 8.08 0.34 1.37 7.52 3.63 3.67 8.02 2.88 5.69 8.10 0.77 3.36 5.22 8.85 5.77 1.76 7.99 2.49 7.91 5.92 
7.82 10.45 6.96 0.91 10.18 7.12 3.67 5.24 9.63 1.15 6.58 12.07 2.10 11.03 8.65 2.07 8.38 9.85 5.99 6.99 1.97 8.95 7.94 3.20 6.25 7.44 5.45 7.46 7.44 2.01 9.87 6.59 5.26 0.85 6.67 8.24 1.31 11.54 1.39 4.90 
3.14 4.19 3.61 7.38 2.67 0.90 5.93 4.00 2.82 6.78 4.31 4.89 6.38 5.14 4.33 6.66 3.42 2.30 5.77 4.18 6.43 2.01 1.29 5.68 1.73 4.43 5.90 0.72 6.39 6.44 2.93 3.52 3.22 7.65 3.60 2.91 6.61 3.73 6.62 5.70 
5.79 3.52 5.86 6.74 3.81 3.15 6.51 5.32 2.92 5.94 6.31 5.27 6.16 4.11 1.97 6.50 6.21 5.27 2.83 6.38 6.15 2.51 1.99 5.98 3.09 1.43 7.28 3.37 3.32 6.19 3.17 0.54 4.36 6.38 5.70 1.32 5.73 5.32 5.56 3.10 
1.73 8.88 1.10 6.43 7.15 4.02 3.73 2.27 7.49 6.35 0.79 9.35 5.20 9.82 8.70 5.29 1.90 4.76 8.79 0.56 5.34 6.69 5.85 4.10 3.85 8.34 2.31 4.00 9.93 5.30 7.60 7.15 2.92 7.55 1.24 7.36 6.32 7.70 6.60 8.15 
5.75 3.07 6.56 10.78 1.26 4.35 9.36 7.36 2.34 10.12 7.34 2.15 9.81 3.84 4.93 10.11 5.71 2.86 7.81 7.09 9.86 2.56 3.37 9.13 5.18 5.84 9.14 4.09 7.80 9.88 2.13 5.60 6.65 10.89 6.65 3.94 9.94 0.28 9.91 8.15 
2.75 4.66 3.14 6.98 3.17 0.44 5.45 3.51 3.30 6.41 3.82 5.39 5.95 5.60 4.65 6.23 3.07 2.44 5.81 3.71 6.01 2.48 1.65 5.22 1.32 4.62 5.40 0.22 6.53 6.02 3.42 3.63 2.74 7.32 3.12 3.24 6.25 4.19 6.29 5.64 
4.91 2.40 5.49 8.87 0.89 2.76 7.72 5.88 1.02 8.18 6.20 3.01 7.98 3.36 3.33 8.29 5.08 2.89 5.84 6.06 8.02 0.57 1.35 7.41 3.48 3.98 7.80 2.63 6.00 8.04 1.06 3.58 5.05 8.89 5.50 2.07 7.99 2.33 7.93 6.11 
2.29 9.44 1.64 6.45 7.72 4.57 3.70 2.54 8.06 6.44 1.15 9.92 5.24 10.38 9.22 5.29 2.41 5.30 9.19 1.08 5.38 7.25 6.40 4.15 4.35 8.83 2.09 4.56 10.36 5.33 8.16 7.62 3.30 7.64 1.74 7.90 6.43 8.25 6.73 8.51 
3.04 4.76 3.22 6.36 3.56 0.42 5.01 3.21 3.46 5.75 3.80 5.73 5.37 5.65 4.39 5.66 3.46 3.16 5.18 3.78 5.42 2.63 1.62 4.72 0.76 4.18 5.18 0.75 6.00 5.43 3.63 3.09 2.34 6.63 3.13 3.04 5.58 4.73 5.60 4.95 
4.06 7.68 3.32 3.15 6.85 3.45 1.97 1.68 6.57 2.72 3.16 8.95 2.06 8.46 6.50 2.34 4.63 6.05 5.34 3.50 2.13 5.77 4.70 1.48 2.59 5.65 3.08 3.76 6.70 2.13 6.77 4.46 1.43 3.83 3.02 5.57 2.62 8.04 2.79 4.49 
5.57 6.47 5.11 3.78 6.30 3.76 4.09 3.79 5.67 2.97 5.20 8.10 3.33 7.08 4.79 3.66 6.12 6.57 3.05 5.46 3.29 5.02 4.07 3.44 3.02 3.70 5.38 4.12 4.44 3.34 5.91 2.67 3.07 3.49 4.85 4.25 2.76 7.73 2.60 2.21 
6.06 5.24 5.83 5.18 5.45 3.75 5.46 4.81 4.64 4.35 6.09 7.01 4.79 5.76 3.38 5.12 6.57 6.37 1.98 6.27 4.75 4.13 3.37 4.85 3.26 2.24 6.60 4.07 3.17 4.80 4.89 1.32 3.94 4.67 5.61 3.07 4.14 6.94 3.92 1.64 
5.63 3.32 6.47 10.81 1.44 4.34 9.33 7.32 2.54 10.17 7.25 2.36 9.83 4.09 5.14 10.12 5.58 2.70 7.97 6.99 9.88 2.70 3.47 9.13 5.19 6.02 9.07 4.07 8.00 9.90 2.34 5.75 6.64 10.96 6.57 4.12 10.00 0.34 9.97 8.29 
3.70 3.59 4.25 7.96 1.99 1.57 6.59 4.68 2.20 7.33 4.96 4.21 6.99 4.55 4.01 7.29 3.91 2.23 5.85 4.81 7.04 1.44 1.06 6.33 2.37 4.30 6.58 1.39 6.32 7.06 2.29 3.55 3.89 8.15 4.25 2.59 7.16 3.10 7.14 5.90 
8.25 4.10 8.27 7.85 5.45 5.62 8.35 7.53 4.34 7.00 8.67 6.09 7.62 4.13 1.80 7.94 8.68 7.55 1.90 8.77 7.56 4.36 4.28 7.73 5.51 1.05 9.41 5.84 1.13 7.62 4.55 2.19 6.61 7.02 8.10 2.86 6.79 6.89 6.50 2.91 
2.83 4.49 3.33 7.35 2.88 0.80 5.78 3.81 3.11 6.77 4.03 5.11 6.31 5.44 4.66 6.59 3.09 2.13 6.02 3.89 6.37 2.31 1.61 5.57 1.68 4.73 5.67 0.51 6.68 6.38 3.21 3.79 3.08 7.68 3.32 3.23 6.61 3.85 6.64 5.90 
2.60 5.64 3.57 9.01 3.50 2.82 6.96 4.86 4.31 8.56 4.35 5.46 7.86 6.58 6.50 8.09 2.42 0.52 8.22 4.01 7.95 3.76 3.56 6.94 3.58 6.80 6.27 2.46 8.80 7.94 4.29 5.97 4.48 9.57 3.74 5.09 8.42 3.55 8.52 8.12 
3.85 6.98 3.25 3.71 6.17 2.84 2.64 1.84 5.87 3.17 3.26 8.26 2.70 7.76 5.84 3.00 4.42 5.54 4.91 3.54 2.75 5.08 4.01 2.18 1.96 5.04 3.56 3.17 6.21 2.76 6.07 3.83 1.19 4.18 2.97 4.87 3.03 7.40 3.13 4.15 
8.51 10.04 7.74 2.22 10.08 7.36 4.81 6.04 9.39 1.91 7.47 11.80 3.19 10.52 8.05 3.27 9.07 10.17 5.06 7.86 3.05 8.79 7.86 4.23 6.52 6.78 6.60 7.72 6.44 3.11 9.64 6.11 5.84 0.73 7.44 7.87 1.92 11.51 1.66 4.02 
7.42 2.22 7.66 8.66 3.69 4.77 8.57 7.32 2.56 7.84 8.20 4.22 8.17 2.40 0.11 8.51 7.76 6.13 3.48 8.21 8.15 2.78 3.08 8.04 4.96 1.41 9.30 4.89 3.01 8.20 2.75 2.23 6.36 8.11 7.55 1.46 7.62 5.07 7.40 4.26 
8.36 9.44 7.66 2.64 9.57 7.01 4.99 5.99 8.84 2.12 7.46 11.23 3.42 9.88 7.40 3.56 8.93 9.84 4.36 7.82 3.28 8.27 7.37 4.37 6.20 6.11 6.77 7.38 5.72 3.34 9.09 5.51 5.69 1.16 7.36 7.28 2.05 11.02 1.69 3.32 
7.17 0.69 7.76 10.58 1.82 4.98 9.79 8.06 1.39 9.82 8.47 1.34 9.84 1.35 2.98 10.16 7.31 4.82 6.28 8.33 9.85 2.22 3.27 9.40 5.59 4.18 10.02 4.88 5.90 9.88 1.23 4.44 7.18 10.35 7.76 2.67 9.62 2.58 9.49 6.91 
7.38 7.60 6.84 3.56 7.83 5.60 5.04 5.35 7.04 2.75 6.82 9.41 3.75 8.04 5.55 4.01 7.94 8.40 2.67 7.13 3.64 6.52 5.68 4.35 4.87 4.28 6.63 5.96 4.12 3.71 7.29 3.67 4.79 2.56 6.56 5.46 2.56 9.31 2.20 1.58 
5.22 7.64 4.54 2.61 7.16 4.09 2.74 2.95 6.69 1.92 4.43 9.13 1.95 8.32 6.12 2.28 5.78 6.86 4.38 4.76 1.93 5.96 4.93 2.07 3.22 5.09 4.20 4.44 5.81 1.97 6.92 4.00 2.54 2.82 4.25 5.43 1.74 8.49 1.78 3.42 
6.84 6.39 6.45 4.43 6.69 4.77 5.33 5.17 5.87 3.59 6.57 8.22 4.32 6.84 4.37 4.63 7.38 7.49 1.81 6.82 4.24 5.38 4.60 4.66 4.15 3.11 6.73 5.12 3.28 4.31 6.12 2.48 4.43 3.66 6.20 4.27 3.37 8.19 3.08 0.84 
4.65 7.42 3.98 2.97 6.81 3.61 2.53 2.42 6.40 2.36 3.89 8.83 2.10 8.15 6.06 2.43 5.22 6.35 4.63 4.22 2.12 5.65 4.59 1.91 2.74 5.11 3.82 3.95 6.02 2.15 6.62 3.96 1.98 3.35 3.69 5.25 2.21 8.09 2.30 3.75 
3.50 3.80 4.01 7.70 2.26 1.30 6.32 4.41 2.42 7.07 4.71 4.48 6.72 4.75 4.08 7.01 3.74 2.29 5.76 4.58 6.77 1.62 1.06 6.05 2.09 4.29 6.31 1.13 6.28 6.79 2.53 3.47 3.62 7.91 4.00 2.65 6.90 3.37 6.90 5.76 
5.43 6.43 4.98 3.80 6.22 3.63 4.01 3.66 5.60 3.00 5.07 8.04 3.31 7.05 4.78 3.64 5.98 6.45 3.15 5.32 3.27 4.95 3.98 3.38 2.88 3.72 5.28 3.99 4.52 3.32 5.84 2.66 2.94 3.57 4.72 4.21 2.80 7.63 2.65 2.33 
2.26 6.97 1.69 4.94 5.69 2.13 2.96 0.99 5.68 4.56 1.89 7.90 3.76 7.85 6.35 3.99 2.83 4.35 6.17 2.07 3.86 4.85 3.83 2.85 1.52 5.83 2.97 2.33 7.32 3.85 5.85 4.61 0.42 5.66 1.43 5.13 4.46 6.68 4.62 5.56 
4.98 2.33 5.48 8.54 1.28 2.65 7.51 5.74 0.95 7.84 6.17 3.24 7.69 3.27 2.95 8.00 5.19 3.20 5.38 6.05 7.72 0.17 1.02 7.17 3.28 3.54 7.69 2.57 5.57 7.74 1.10 3.12 4.87 8.51 5.46 1.64 7.64 2.76 7.57 5.67 
5.64 3.34 5.74 6.88 3.55 2.98 6.55 5.28 2.68 6.09 6.23 5.05 6.27 3.98 1.96 6.60 6.04 5.02 3.09 6.27 6.26 2.25 1.74 6.04 2.99 1.60 7.26 3.19 3.54 6.30 2.93 0.80 4.32 6.56 5.60 1.13 5.88 5.06 5.72 3.35 
3.94 3.48 4.62 8.69 1.53 2.21 7.23 5.26 2.11 8.07 5.37 3.74 7.70 4.44 4.33 7.99 4.05 1.82 6.47 5.18 7.75 1.55 1.66 7.00 3.06 4.80 7.09 1.96 6.83 7.76 2.12 4.16 4.52 8.90 4.67 2.96 7.89 2.41 7.89 6.59 
1.31 8.25 0.45 6.13 6.58 3.37 3.54 1.79 6.87 5.97 0.48 8.79 4.90 9.19 8.03 5.02 1.66 4.34 8.14 0.13 5.02 6.06 5.19 3.81 3.17 7.67 2.41 3.37 9.26 4.99 6.98 6.47 2.30 7.16 0.56 6.70 5.93 7.21 6.17 7.53 
9.57 3.36 9.79 10.17 5.40 6.92 10.46 9.37 4.33 9.33 10.31 5.11 9.87 2.84 2.19 10.20 9.90 8.13 4.23 10.34 9.82 4.77 5.20 9.88 7.07 2.86 11.33 7.03 3.03 9.88 4.44 4.04 8.41 9.39 9.67 3.59 9.12 6.55 8.84 5.27 
8.71 2.56 8.96 9.73 4.52 6.07 9.81 8.62 3.44 8.89 9.51 4.42 9.33 2.20 1.38 9.66 9.02 7.23 4.05 9.51 9.30 3.87 4.33 9.26 6.27 2.33 10.60 6.17 3.10 9.35 3.56 3.40 7.66 9.05 8.86 2.72 8.68 5.72 8.43 5.01 
6.19 2.87 6.34 7.44 3.46 3.52 7.19 5.93 2.46 6.63 6.85 4.70 6.87 3.42 1.31 7.20 6.57 5.31 3.08 6.88 6.85 2.23 2.04 6.67 3.60 1.22 7.91 3.69 3.25 6.90 2.71 1.06 4.97 7.03 6.21 0.79 6.42 4.97 6.24 3.55 
2.40 6.18 2.15 5.33 4.94 1.38 3.64 1.78 4.89 4.84 2.55 7.14 4.22 7.06 5.60 4.48 2.94 3.88 5.68 2.64 4.30 4.06 3.04 3.43 0.73 5.15 3.76 1.64 6.75 4.30 5.06 3.95 0.94 5.87 1.96 4.35 4.71 5.99 4.82 5.18 
2.48 6.27 2.17 5.18 5.06 1.51 3.51 1.68 5.00 4.70 2.53 7.25 4.08 7.14 5.64 4.34 3.03 4.02 5.64 2.64 4.15 4.17 3.13 3.29 0.81 5.16 3.67 1.78 6.73 4.15 5.17 3.95 0.81 5.73 1.97 4.41 4.57 6.13 4.68 5.11 
0.91 6.38 1.62 7.06 4.58 1.83 4.90 2.80 4.99 6.68 2.40 6.79 5.88 7.33 6.50 6.09 1.23 2.41 7.35 2.15 5.98 4.21 3.49 4.92 2.17 6.41 4.27 1.66 8.24 5.96 5.07 5.32 2.53 7.76 1.74 5.10 6.57 5.18 6.71 6.99 
2.46 8.71 1.45 4.96 7.26 3.79 2.30 1.01 7.38 4.88 0.79 9.49 3.73 9.61 8.15 3.82 2.89 5.36 7.74 1.22 3.86 6.55 5.57 2.63 3.30 7.59 1.32 3.90 8.98 3.82 7.53 6.37 1.92 6.08 1.24 6.92 4.86 8.07 5.14 7.00 
7.21 3.08 8.02 12.04 2.28 5.73 10.75 8.79 3.01 11.35 8.80 1.30 11.13 3.53 5.31 11.43 7.16 4.27 8.50 8.55 11.17 3.54 4.52 10.50 6.54 6.42 10.59 5.49 8.25 11.19 2.76 6.44 8.05 12.05 8.11 4.67 11.16 1.24 11.10 8.99 
6.76 6.24 6.39 4.53 6.54 4.65 5.35 5.13 5.71 3.69 6.52 8.06 4.38 6.69 4.23 4.69 7.29 7.36 1.77 6.76 4.31 5.22 4.45 4.69 4.04 2.97 6.72 4.99 3.22 4.37 5.96 2.32 4.38 3.79 6.14 4.11 3.47 8.03 3.19 0.86 
3.43 9.92 2.47 4.99 8.47 5.00 2.23 2.08 8.60 5.11 1.69 10.70 3.84 10.82 9.31 3.83 3.76 6.45 8.67 2.04 3.98 7.77 6.79 2.81 4.50 8.70 0.45 5.11 9.98 3.93 8.74 7.47 3.04 6.30 2.34 8.12 5.14 9.23 5.48 7.85 
1.56 6.22 2.53 8.18 4.20 2.44 6.00 3.90 4.84 7.78 3.31 6.30 7.00 7.18 6.74 7.21 1.42 1.50 8.04 2.97 7.09 4.17 3.70 6.03 3.04 6.85 5.24 2.14 8.78 7.08 4.87 5.88 3.64 8.84 2.72 5.31 7.66 4.49 7.79 7.80 
5.64 7.85 4.95 2.36 7.47 4.47 2.93 3.34 6.95 1.60 4.82 9.39 1.90 8.50 6.24 2.22 6.21 7.26 4.27 5.16 1.84 6.25 5.23 2.24 3.62 5.15 4.49 4.83 5.72 1.90 7.19 4.12 2.96 2.42 4.66 5.64 1.41 8.83 1.39 3.26 
0.80 8.07 0.77 6.86 6.27 3.34 4.30 2.47 6.68 6.67 1.23 8.45 5.63 9.02 8.07 5.76 0.96 3.80 8.48 0.80 5.75 5.90 5.12 4.55 3.35 7.83 3.12 3.26 9.52 5.72 6.77 6.67 2.81 7.85 1.06 6.69 6.61 6.76 6.85 7.95 
6.75 2.71 6.91 7.81 3.67 4.08 7.70 6.48 2.59 7.00 7.42 4.64 7.31 3.11 0.78 7.64 7.12 5.76 2.99 7.45 7.28 2.54 2.53 7.16 4.17 0.92 8.46 4.24 2.91 7.33 2.82 1.37 5.52 7.32 6.78 1.03 6.78 5.15 6.58 3.62 
6.36 6.93 5.87 3.56 6.96 4.57 4.43 4.45 6.25 2.72 5.90 8.66 3.39 7.47 5.06 3.70 6.92 7.38 2.74 6.18 3.32 5.66 4.77 3.75 3.84 3.86 5.89 4.93 4.21 3.38 6.50 3.02 3.81 2.97 5.60 4.74 2.50 8.42 2.24 1.73 
5.75 2.23 6.46 10.18 0.42 3.95 8.96 7.05 1.40 9.50 7.21 1.90 9.28 3.08 3.98 9.59 5.81 3.15 6.90 7.02 9.32 1.72 2.67 8.68 4.72 4.90 8.92 3.75 6.86 9.34 1.19 4.72 6.27 10.20 6.51 3.03 9.31 1.16 9.25 7.29 
4.61 9.87 3.61 3.07 8.78 5.22 0.42 2.19 8.66 3.27 2.98 10.97 1.97 10.69 8.82 1.92 5.08 7.34 7.53 3.41 2.12 7.84 6.78 1.11 4.48 7.98 1.48 5.45 8.93 2.05 8.85 6.79 2.91 4.43 3.36 7.83 3.33 9.80 3.70 6.58 
6.81 6.73 6.37 4.06 6.95 4.85 5.05 5.01 6.16 3.22 6.44 8.53 3.98 7.19 4.73 4.28 7.36 7.62 2.15 6.71 3.90 5.64 4.81 4.37 4.18 3.48 6.50 5.21 3.63 3.97 6.41 2.80 4.33 3.28 6.11 4.58 3.00 8.43 2.70 1.11 
7.15 2.25 7.38 8.44 3.55 4.50 8.30 7.04 2.43 7.62 7.92 4.23 7.93 2.54 0.23 8.26 7.49 5.91 3.41 7.93 7.91 2.58 2.82 7.78 4.68 1.31 9.02 4.62 3.06 7.96 2.63 2.00 6.08 7.93 7.27 1.20 7.40 4.97 7.20 4.14 
3.44 10.23 2.56 5.58 8.67 5.29 2.83 2.55 8.88 5.72 1.79 10.90 4.45 11.14 9.73 4.42 3.67 6.48 9.22 2.04 4.59 8.06 7.11 3.42 4.87 9.17 1.03 5.37 10.51 4.53 9.01 7.94 3.49 6.91 2.50 8.49 5.75 9.35 6.09 8.42 
9.69 4.07 9.82 9.64 5.97 7.02 10.15 9.24 4.86 8.80 10.28 5.93 9.44 3.68 2.40 9.76 10.06 8.53 3.55 10.35 9.38 5.17 5.43 9.54 7.06 2.61 11.15 7.18 2.21 9.44 5.00 3.84 8.29 8.76 9.68 3.82 8.59 7.22 8.29 4.63 
8.12 6.77 7.75 5.18 7.43 5.94 6.49 6.46 6.49 4.37 7.87 8.70 5.31 7.05 4.53 5.59 8.65 8.58 1.23 8.12 5.22 6.13 5.50 5.80 5.38 3.24 7.97 6.27 2.57 5.29 6.74 3.09 5.73 4.09 7.50 4.83 4.17 8.95 3.81 0.58 
