5.32 3.42 3.48 3.53 5.18 4.24 3.39 4.96 4.40 3.80 3.82 3.47 6.06 1.72 5.90 6.27 3.76 3.83 7.31 5.12 
2.85 8.71 2.55 8.78 6.63 2.44 2.38 7.63 4.02 9.09 3.43 8.36 1.49 4.27 8.75 2.04 9.05 8.95 2.01 5.30 
3.85 4.68 3.88 4.41 3.39 2.93 3.67 3.52 5.38 4.97 2.21 3.68 5.06 2.95 4.59 5.12 4.97 4.39 6.68 6.38 
2.31 8.75 2.90 8.76 6.21 2.04 2.70 7.28 4.49 9.12 3.05 8.25 1.00 4.47 8.39 1.52 9.09 8.88 2.09 5.79 
8.18 1.39 5.72 2.24 7.31 7.09 5.74 6.56 5.83 1.78 6.63 3.34 8.85 3.75 7.16 9.10 1.66 2.97 9.93 5.93 
8.24 7.84 3.88 8.52 10.45 7.27 4.17 10.66 2.02 8.25 7.73 9.07 7.40 4.25 11.67 7.93 8.13 9.11 7.04 0.78 
3.93 4.96 4.81 4.51 2.45 3.24 4.58 2.55 6.36 5.19 2.30 3.50 5.43 3.93 3.64 5.39 5.22 4.32 7.20 7.37 
7.44 5.34 3.31 6.03 8.70 6.32 3.52 8.64 2.27 5.75 6.47 6.65 7.19 2.43 9.58 7.64 5.64 6.64 7.51 1.96 
5.02 6.04 0.84 6.40 7.00 3.94 1.02 7.34 1.57 6.46 4.29 6.48 4.69 1.33 8.41 5.14 6.38 6.80 5.20 2.70 
9.67 1.97 8.49 1.52 7.24 8.78 8.43 5.92 8.98 1.56 8.01 2.37 10.86 6.56 5.99 10.96 1.68 1.50 12.30 9.23 
10.03 1.56 8.21 1.88 8.11 9.04 8.20 6.92 8.43 1.21 8.38 3.22 11.01 6.23 7.14 11.17 1.23 2.36 12.28 8.50 
2.99 9.10 2.86 9.16 6.89 2.71 2.72 7.94 4.24 9.48 3.72 8.74 1.40 4.63 9.05 1.97 9.43 9.33 1.63 5.50 
7.12 8.66 3.11 9.19 9.95 6.29 3.37 10.42 1.65 9.08 6.95 9.48 5.97 4.32 11.50 6.53 8.98 9.69 5.34 1.73 
6.12 2.79 3.93 3.07 5.80 5.02 3.90 5.41 4.55 3.19 4.62 3.31 6.80 2.00 6.26 7.03 3.13 3.50 7.96 5.07 
8.72 0.33 7.01 0.83 6.98 7.73 6.99 5.91 7.39 0.10 7.08 2.25 9.70 5.05 6.28 9.86 0.14 1.55 11.01 7.60 
5.98 3.55 3.18 3.94 6.29 4.84 3.19 6.09 3.63 3.96 4.62 4.23 6.39 1.20 7.00 6.69 3.89 4.41 7.38 4.16 
8.04 6.95 3.65 7.65 9.91 7.00 3.92 10.02 1.91 7.36 7.36 8.25 7.39 3.62 11.00 7.91 7.24 8.26 7.28 0.72 
1.91 7.55 5.23 7.11 2.31 2.06 4.95 3.67 7.07 7.79 1.34 6.05 3.82 5.34 4.69 3.54 7.81 6.90 5.79 8.31 
5.35 3.48 5.20 2.99 3.55 4.51 5.03 2.94 6.43 3.69 3.68 2.08 6.67 3.77 3.79 6.70 3.72 2.84 8.29 7.23 
6.10 6.09 1.78 6.59 7.97 5.03 2.02 8.18 0.97 6.51 5.35 6.89 5.66 1.82 9.22 6.13 6.42 7.09 5.92 1.70 
5.33 5.02 1.76 5.39 6.64 4.19 1.83 6.77 2.30 5.43 4.29 5.54 5.34 0.38 7.79 5.72 5.36 5.81 6.08 3.11 
2.29 8.76 2.93 8.76 6.19 2.02 2.72 7.27 4.52 9.13 3.04 8.25 0.97 4.49 8.38 1.49 9.09 8.88 2.09 5.82 
4.90 7.37 0.86 7.71 7.64 3.99 1.08 8.20 1.41 7.79 4.62 7.72 4.07 2.65 9.30 4.59 7.71 8.08 4.14 2.71 
3.33 6.59 1.14 6.70 5.76 2.27 0.86 6.38 3.00 6.98 2.75 6.41 3.18 2.19 7.50 3.55 6.93 6.93 4.14 4.27 
1.52 7.30 4.52 6.94 2.84 1.38 4.24 4.04 6.37 7.57 0.66 5.99 3.32 4.73 5.11 3.12 7.58 6.80 5.26 7.61 
3.52 9.95 3.58 10.03 7.59 3.45 3.47 8.70 4.74 10.33 4.47 9.60 1.64 5.43 9.81 2.16 10.29 10.20 0.79 5.94 
3.76 7.79 1.23 7.99 6.92 2.97 1.15 7.67 2.66 8.20 3.75 7.77 2.83 3.14 8.79 3.35 8.14 8.25 3.13 3.95 
2.97 5.64 4.03 5.31 2.83 2.19 3.78 3.39 5.73 5.91 1.30 4.45 4.38 3.56 4.52 4.36 5.92 5.22 6.14 6.84 
7.32 4.21 3.62 4.90 8.03 6.18 3.76 7.81 3.11 4.62 6.15 5.57 7.37 2.11 8.69 7.76 4.51 5.52 7.97 3.07 
5.09 5.37 6.60 4.64 1.64 4.69 6.37 0.79 8.13 5.46 3.67 3.29 6.84 5.62 1.85 6.68 5.53 4.17 8.71 9.10 
4.94 3.63 4.48 3.32 3.79 4.02 4.32 3.44 5.73 3.90 3.28 2.65 6.12 3.09 4.38 6.20 3.91 3.31 7.68 6.56 
8.51 1.45 5.98 2.37 7.64 7.42 6.01 6.86 6.00 1.80 6.98 3.56 9.17 4.01 7.44 9.42 1.66 3.12 10.22 6.03 
2.91 6.36 5.12 5.88 1.73 2.58 4.85 2.68 6.87 6.58 1.56 4.79 4.67 4.76 3.79 4.50 6.61 5.64 6.58 8.01 
6.14 2.41 5.09 2.15 4.74 5.18 4.98 4.05 6.01 2.68 4.49 1.84 7.23 3.35 4.79 7.34 2.69 2.28 8.68 6.63 
1.90 6.83 2.82 6.70 4.27 0.76 2.54 5.14 4.68 7.17 1.11 6.07 2.68 3.32 6.27 2.80 7.15 6.75 4.33 5.93 
6.09 8.78 2.50 9.20 9.21 5.34 2.71 9.83 1.85 9.20 6.10 9.30 4.82 4.15 10.93 5.39 9.11 9.62 4.15 2.60 
3.61 6.52 6.01 5.92 0.83 3.44 5.75 1.92 7.74 6.69 2.44 4.69 5.46 5.52 2.97 5.24 6.74 5.57 7.40 8.85 
8.25 8.22 3.94 8.88 10.62 7.31 4.22 10.88 2.09 8.63 7.82 9.40 7.31 4.50 11.91 7.86 8.51 9.46 6.85 1.02 
5.79 8.34 2.05 8.75 8.79 4.99 2.26 9.38 1.50 8.76 5.71 8.84 4.63 3.69 10.49 5.19 8.67 9.16 4.16 2.44 
2.88 6.61 1.64 6.65 5.30 1.79 1.36 5.99 3.50 6.99 2.26 6.26 2.95 2.46 7.11 3.26 6.95 6.83 4.14 4.76 
6.87 6.73 8.87 5.82 2.67 6.71 8.65 1.53 10.41 6.69 5.69 4.41 8.75 7.87 0.45 8.50 6.79 5.16 10.69 11.35 
6.93 4.40 3.19 5.03 7.79 5.79 3.33 7.65 2.77 4.82 5.80 5.60 6.95 1.73 8.56 7.34 4.71 5.62 7.54 2.87 
3.69 5.72 5.39 5.18 1.59 3.24 5.14 2.06 7.04 5.91 2.22 4.03 5.40 4.73 3.18 5.26 5.95 4.89 7.27 8.11 
6.96 8.03 2.76 8.58 9.57 6.06 3.03 9.97 1.09 8.45 6.64 8.89 5.96 3.76 11.03 6.51 8.35 9.08 5.54 1.18 
9.20 0.69 7.31 1.35 7.53 8.20 7.30 6.46 7.56 0.49 7.57 2.78 10.13 5.33 6.80 10.31 0.42 2.03 11.38 7.67 
6.99 2.24 6.38 1.49 4.75 6.14 6.27 3.67 7.31 2.31 5.33 0.53 8.27 4.66 4.13 8.33 2.38 1.20 9.83 7.89 
3.76 6.49 0.73 6.67 6.12 2.71 0.46 6.68 2.57 6.89 3.17 6.48 3.51 1.93 7.78 3.92 6.83 6.94 4.30 3.83 
0.48 8.04 4.04 7.81 4.04 0.70 3.76 5.27 5.89 8.35 1.23 6.98 2.09 4.76 6.34 1.90 8.35 7.75 4.04 7.19 
2.22 8.59 6.18 8.10 2.58 2.84 5.90 4.11 8.04 8.81 2.38 6.96 4.10 6.44 4.99 3.69 8.84 7.83 6.05 9.30 
2.11 7.79 2.36 7.78 5.51 1.37 2.11 6.47 4.15 8.15 2.30 7.27 1.73 3.64 7.59 2.08 8.12 7.90 3.06 5.46 
4.16 5.87 0.96 6.08 6.05 3.05 0.84 6.46 2.51 6.27 3.32 5.96 4.10 1.29 7.55 4.48 6.21 6.39 4.94 3.67 
3.92 5.66 1.38 5.81 5.61 2.78 1.21 6.01 2.95 6.05 2.95 5.61 4.07 1.32 7.10 4.39 6.00 6.07 5.08 4.09 
5.95 2.59 4.45 2.59 5.09 4.92 4.36 4.58 5.29 2.94 4.35 2.54 6.87 2.64 5.40 7.03 2.91 2.87 8.21 5.90 
3.07 8.10 1.87 8.20 6.51 2.40 1.69 7.39 3.42 8.48 3.29 7.85 2.07 3.59 8.51 2.58 8.44 8.41 2.64 4.72 
3.16 7.38 6.23 6.81 1.11 3.27 5.95 2.61 8.03 7.56 2.40 5.58 5.09 6.01 3.53 4.78 7.61 6.46 7.06 9.21 
9.83 1.33 7.89 1.84 8.07 8.83 7.89 6.95 8.07 1.05 8.20 3.24 10.76 5.91 7.22 10.94 1.03 2.42 12.00 8.12 
2.55 6.81 5.18 6.34 1.81 2.37 4.91 2.98 6.97 7.03 1.41 5.25 4.38 4.99 4.05 4.17 7.06 6.10 6.32 8.15 
5.51 5.25 6.92 4.47 1.93 5.10 6.71 0.67 8.41 5.31 4.08 3.08 7.26 5.86 1.56 7.10 5.40 3.96 9.13 9.35 
7.14 3.79 7.52 2.87 3.92 6.51 7.36 2.50 8.69 3.73 5.55 1.47 8.70 6.01 2.60 8.64 3.84 2.21 10.45 9.40 
7.62 2.84 4.53 3.58 7.56 6.48 4.61 7.10 4.40 3.25 6.23 4.41 8.00 2.66 7.87 8.31 3.13 4.25 8.86 4.45 
5.49 4.28 6.20 3.57 2.67 4.87 6.01 1.73 7.57 4.38 3.91 2.27 7.07 4.96 2.53 7.00 4.45 3.15 8.85 8.44 
1.79 7.49 5.06 7.08 2.44 1.89 4.78 3.76 6.90 7.74 1.17 6.04 3.68 5.19 4.79 3.42 7.76 6.88 5.65 8.14 
2.73 8.14 2.11 8.21 6.26 2.11 1.91 7.18 3.74 8.52 3.04 7.80 1.78 3.73 8.31 2.27 8.48 8.38 2.59 5.04 
3.71 4.87 3.02 4.77 4.13 2.65 2.82 4.38 4.53 5.21 2.21 4.26 4.61 2.19 5.46 4.75 5.19 4.87 6.08 5.56 
8.72 0.79 7.27 0.50 6.74 7.77 7.23 5.60 7.74 0.48 7.07 1.90 9.80 5.33 5.90 9.93 0.62 1.11 11.17 8.01 
7.02 2.15 6.35 1.41 4.83 6.16 6.24 3.76 7.26 2.22 5.36 0.57 8.28 4.61 4.23 8.35 2.30 1.16 9.83 7.83 
1.84 8.55 3.04 8.51 5.74 1.58 2.80 6.83 4.73 8.91 2.60 7.93 0.94 4.43 7.94 1.32 8.88 8.59 2.47 6.04 
4.26 6.34 6.49 5.67 0.58 4.07 6.24 1.28 8.17 6.47 3.06 4.37 6.11 5.85 2.32 5.89 6.53 5.25 8.05 9.24 
7.02 7.26 2.65 7.84 9.27 6.03 2.93 9.55 0.79 7.68 6.50 8.24 6.24 3.20 10.59 6.76 7.58 8.38 6.06 0.54 
4.68 5.77 6.49 5.07 1.17 4.36 6.25 0.91 8.09 5.88 3.33 3.75 6.47 5.66 2.03 6.29 5.95 4.64 8.38 9.11 
9.92 1.54 8.23 1.71 7.91 8.95 8.22 6.70 8.51 1.15 8.27 3.00 10.95 6.26 6.89 11.10 1.20 2.13 12.26 8.62 
3.81 4.71 3.82 4.45 3.43 2.88 3.61 3.58 5.33 5.00 2.17 3.74 5.00 2.90 4.65 5.06 5.01 4.44 6.62 6.33 
3.78 10.84 4.56 10.88 7.99 3.99 4.44 9.20 5.69 11.22 5.00 10.38 1.86 6.38 10.29 2.20 11.18 11.01 0.31 6.86 
2.48 7.34 1.92 7.37 5.52 1.56 1.65 6.37 3.75 7.71 2.33 6.92 2.24 3.13 7.49 2.59 7.68 7.52 3.43 5.05 
1.64 7.06 3.00 6.91 4.23 0.50 2.72 5.17 4.87 7.39 1.02 6.24 2.50 3.57 6.29 2.58 7.37 6.94 4.22 6.13 
6.31 2.25 5.22 1.98 4.85 5.35 5.12 4.12 6.10 2.51 4.66 1.72 7.40 3.45 4.83 7.51 2.52 2.12 8.84 6.70 
1.04 8.19 3.42 8.05 4.86 0.79 3.15 6.00 5.23 8.53 1.79 7.37 1.40 4.45 7.10 1.44 8.51 8.07 3.27 6.54 
5.36 5.98 1.14 6.38 7.27 4.28 1.34 7.56 1.36 6.40 4.61 6.54 5.01 1.36 8.61 5.46 6.32 6.81 5.45 2.40 
5.38 7.47 1.25 7.86 8.08 4.47 1.50 8.59 1.02 7.89 5.08 7.95 4.50 2.81 9.68 5.03 7.81 8.27 4.42 2.28 
8.77 2.28 8.08 1.39 6.09 7.95 7.99 4.73 8.82 2.01 7.11 1.36 10.09 6.24 4.78 10.14 2.15 0.78 11.65 9.23 
3.85 9.97 3.48 10.08 7.87 3.70 3.40 8.94 4.51 10.36 4.72 9.71 2.01 5.38 10.06 2.54 10.31 10.28 0.92 5.67 
5.06 3.79 3.11 3.91 5.20 3.95 3.02 5.09 4.10 4.17 3.60 3.81 5.72 1.43 6.06 5.94 4.12 4.20 6.94 4.88 
8.21 8.27 3.91 8.93 10.60 7.27 4.19 10.88 2.06 8.69 7.80 9.43 7.25 4.51 11.92 7.80 8.57 9.51 6.77 1.05 
2.72 7.55 1.76 7.61 5.89 1.88 1.52 6.74 3.53 7.93 2.69 7.22 2.19 3.20 7.86 2.61 7.89 7.79 3.18 4.84 
8.85 1.48 6.29 2.44 7.92 7.77 6.33 7.10 6.27 1.77 7.31 3.71 9.51 4.34 7.64 9.76 1.63 3.20 10.55 6.25 
4.66 6.68 7.06 5.96 0.47 4.56 6.81 1.11 8.74 6.78 3.56 4.60 6.54 6.41 1.96 6.28 6.85 5.49 8.50 9.82 
7.44 4.29 8.06 3.35 3.95 6.88 7.89 2.43 9.27 4.19 5.90 2.00 9.07 6.59 2.27 8.98 4.31 2.64 10.86 9.99 
7.06 7.67 9.47 6.77 2.87 7.05 9.23 2.19 11.07 7.63 6.06 5.35 8.98 8.60 1.34 8.68 7.73 6.10 10.95 12.07 
4.82 6.34 0.52 6.67 7.00 3.77 0.74 7.41 1.57 6.76 4.19 6.70 4.41 1.61 8.49 4.86 6.68 7.05 4.86 2.78 
3.14 7.92 1.68 8.03 6.47 2.41 1.50 7.32 3.27 8.31 3.27 7.70 2.24 3.40 8.44 2.74 8.26 8.25 2.83 4.57 
3.85 10.30 3.87 10.40 7.96 3.83 3.78 9.08 4.92 10.69 4.85 9.98 1.94 5.76 10.19 2.42 10.64 10.57 0.51 6.08 
2.92 5.65 2.94 5.51 3.91 1.85 2.69 4.45 4.65 5.98 1.47 4.90 3.87 2.66 5.56 3.98 5.97 5.56 5.44 5.79 
0.23 8.36 4.16 8.13 4.28 0.93 3.88 5.55 6.00 8.67 1.56 7.31 1.85 4.99 6.61 1.61 8.67 8.07 3.82 7.30 
6.86 6.98 8.99 6.09 2.64 6.74 8.76 1.65 10.55 6.95 5.73 4.67 8.75 8.03 0.67 8.49 7.05 5.43 10.71 11.51 
2.70 7.41 1.73 7.47 5.78 1.82 1.47 6.61 3.53 7.79 2.59 7.07 2.28 3.09 7.73 2.68 7.75 7.65 3.32 4.84 
0.49 8.02 4.09 7.77 3.96 0.73 3.81 5.19 5.95 8.32 1.19 6.94 2.17 4.78 6.27 1.97 8.32 7.71 4.12 7.24 
1.06 9.21 4.29 9.04 5.28 1.72 4.04 6.58 6.03 9.54 2.56 8.29 0.95 5.48 7.63 0.57 9.53 9.02 2.90 7.34 
6.10 3.08 5.93 2.42 3.85 5.30 5.78 2.91 7.06 3.20 4.44 1.31 7.47 4.38 3.56 7.49 3.26 2.13 9.10 7.78 
6.09 2.84 3.87 3.13 5.81 4.99 3.84 5.44 4.49 3.25 4.59 3.37 6.75 1.94 6.29 6.99 3.18 3.56 7.91 5.02 
9.35 0.94 7.24 1.76 7.86 8.32 7.24 6.83 7.37 0.91 7.74 3.19 10.20 5.26 7.21 10.40 0.80 2.47 11.38 7.42 
7.84 7.31 3.45 7.97 9.92 6.83 3.73 10.10 1.62 7.72 7.25 8.50 7.09 3.69 11.11 7.62 7.60 8.56 6.88 0.31 
1.21 9.72 5.28 9.45 4.98 2.31 5.02 6.41 7.05 10.02 2.85 8.56 1.90 6.32 7.39 1.35 10.02 9.35 3.66 8.36 
8.08 8.60 3.87 9.23 10.65 7.19 4.15 10.99 2.09 9.02 7.76 9.68 7.03 4.67 12.04 7.59 8.91 9.79 6.45 1.34 
4.69 5.77 0.93 6.07 6.52 3.58 0.97 6.85 2.06 6.19 3.85 6.08 4.53 1.05 7.92 4.94 6.12 6.43 5.22 3.16 
3.69 5.07 4.52 4.67 2.60 2.96 4.30 2.83 6.11 5.31 2.04 3.72 5.15 3.73 3.93 5.12 5.34 4.51 6.90 7.14 
6.69 3.51 3.51 4.08 7.05 5.55 3.58 6.79 3.55 3.93 5.39 4.62 6.99 1.63 7.66 7.32 3.84 4.65 7.83 3.82 
8.29 0.36 6.66 0.64 6.58 7.30 6.62 5.56 7.11 0.53 6.64 1.96 9.28 4.71 5.97 9.44 0.54 1.39 10.61 7.38 
3.06 9.15 2.89 9.22 6.97 2.78 2.75 8.01 4.24 9.53 3.79 8.80 1.44 4.67 9.13 2.01 9.49 9.39 1.58 5.49 
8.72 0.21 6.90 1.02 7.09 7.71 6.88 6.05 7.23 0.28 7.09 2.43 9.66 4.93 6.45 9.83 0.16 1.76 10.93 7.41 
7.14 2.93 7.01 2.04 4.39 6.40 6.88 3.13 8.05 2.90 5.50 0.61 8.57 5.38 3.42 8.57 3.00 1.44 10.23 8.69 
4.92 6.90 0.58 7.24 7.41 3.94 0.86 7.89 1.31 7.32 4.48 7.28 4.27 2.18 8.98 4.77 7.24 7.63 4.51 2.61 
4.24 8.11 1.42 8.36 7.47 3.50 1.44 8.22 2.42 8.52 4.30 8.20 3.14 3.40 9.34 3.68 8.46 8.66 3.08 3.67 
4.37 4.65 2.36 4.76 5.17 3.24 2.23 5.32 3.61 5.03 3.06 4.57 4.89 1.15 6.36 5.14 4.99 5.02 6.07 4.57 
8.87 2.61 8.31 1.71 6.04 8.08 8.21 4.64 9.09 2.33 7.21 1.49 10.23 6.50 4.62 10.26 2.47 1.06 11.82 9.53 
4.04 7.46 7.01 6.79 0.56 4.16 6.74 2.06 8.78 7.59 3.25 5.47 5.97 6.63 2.81 5.65 7.65 6.36 7.95 9.92 
9.91 1.41 8.03 1.83 8.07 8.91 8.02 6.92 8.22 1.10 8.27 3.21 10.86 6.05 7.17 11.03 1.09 2.37 12.11 8.28 
1.82 7.43 2.57 7.37 4.94 0.87 2.30 5.89 4.42 7.78 1.73 6.79 2.02 3.54 7.01 2.24 7.76 7.45 3.57 5.72 
5.85 3.10 5.59 2.54 3.83 5.03 5.44 3.03 6.73 3.27 4.19 1.57 7.18 4.06 3.75 7.21 3.32 2.34 8.79 7.47 
7.34 6.81 2.95 7.44 9.32 6.31 3.23 9.49 1.23 7.22 6.69 7.93 6.70 3.08 10.50 7.21 7.11 8.01 6.64 0.46 
6.22 6.57 8.29 5.71 2.03 6.06 8.06 0.95 9.86 6.57 5.05 4.28 8.10 7.36 0.45 7.85 6.67 5.09 10.04 10.83 
6.09 7.85 8.83 7.02 2.02 6.18 8.57 1.98 10.51 7.88 5.23 5.59 8.02 8.15 1.72 7.69 7.97 6.42 9.99 11.57 
5.47 3.50 3.27 3.71 5.55 4.36 3.21 5.36 4.06 3.89 4.03 3.77 6.08 1.41 6.29 6.32 3.84 4.07 7.24 4.74 
5.88 3.99 6.41 3.24 3.02 5.23 6.23 1.93 7.71 4.07 4.28 1.90 7.43 5.07 2.58 7.37 4.14 2.78 9.18 8.53 
2.17 10.31 4.92 10.17 6.34 2.85 4.71 7.69 6.50 10.64 3.73 9.44 1.03 6.36 8.73 0.68 10.63 10.17 2.23 7.78 
6.72 2.18 4.53 2.56 6.12 5.64 4.50 5.58 5.00 2.59 5.19 3.04 7.43 2.56 6.34 7.66 2.52 3.07 8.60 5.40 
3.31 9.45 3.11 9.54 7.28 3.10 2.99 8.34 4.35 9.84 4.11 9.13 1.58 4.94 9.45 2.14 9.79 9.72 1.28 5.57 
6.61 6.32 2.25 6.88 8.51 5.56 2.51 8.70 0.90 6.74 5.90 7.27 6.09 2.30 9.72 6.58 6.63 7.41 6.22 1.19 
4.71 6.07 0.66 6.38 6.74 3.64 0.77 7.12 1.82 6.49 3.99 6.39 4.43 1.34 8.19 4.86 6.41 6.75 5.01 2.99 
7.70 3.08 4.47 3.84 7.76 6.56 4.56 7.33 4.24 3.49 6.34 4.67 8.01 2.65 8.11 8.35 3.37 4.51 8.82 4.23 
7.60 5.73 3.37 6.42 9.01 6.50 3.60 8.99 2.11 6.13 6.70 7.04 7.25 2.71 9.94 7.72 6.02 7.03 7.47 1.62 
4.53 7.97 1.28 8.25 7.63 3.74 1.36 8.32 2.09 8.39 4.50 8.16 3.47 3.24 9.44 4.01 8.32 8.58 3.39 3.33 
6.40 5.90 8.08 5.02 2.36 6.12 7.86 0.87 9.56 5.88 5.09 3.59 8.22 7.00 0.46 8.02 5.98 4.39 10.13 10.48 
3.32 6.62 5.81 6.06 1.06 3.16 5.54 2.22 7.55 6.81 2.17 4.86 5.17 5.40 3.27 4.94 6.85 5.74 7.11 8.69 
1.93 10.14 4.89 9.99 6.09 2.67 4.67 7.45 6.51 10.48 3.51 9.24 1.02 6.27 8.48 0.56 10.46 9.98 2.43 7.80 
4.02 7.62 0.97 7.84 7.04 3.18 0.94 7.74 2.34 8.02 3.91 7.68 3.15 2.92 8.86 3.67 7.96 8.14 3.40 3.64 
2.38 6.57 2.33 6.51 4.63 1.24 2.05 5.39 4.18 6.93 1.57 5.98 2.88 2.83 6.51 3.08 6.90 6.61 4.35 5.43 
2.48 10.48 4.92 10.38 6.67 3.09 4.72 8.01 6.43 10.83 4.00 9.68 1.07 6.44 9.05 0.91 10.81 10.40 1.91 7.70 
9.73 1.22 7.78 1.78 8.00 8.72 7.78 6.89 7.95 0.97 8.10 3.19 10.65 5.80 7.18 10.83 0.93 2.38 11.88 8.01 
3.02 5.76 4.46 5.37 2.40 2.39 4.21 3.02 6.16 6.01 1.41 4.41 4.58 3.97 4.14 4.50 6.03 5.21 6.40 7.27 
6.05 6.63 8.18 5.79 1.84 5.90 7.94 0.89 9.77 6.65 4.89 4.36 7.93 7.29 0.64 7.68 6.74 5.18 9.87 10.76 
5.04 5.04 1.67 5.36 6.36 3.90 1.69 6.52 2.47 5.45 3.99 5.43 5.11 0.31 7.56 5.48 5.38 5.75 5.93 3.36 
7.67 4.61 3.78 5.34 8.52 6.54 3.96 8.32 3.01 5.01 6.56 6.06 7.61 2.49 9.21 8.03 4.89 5.98 8.09 2.76 
3.28 10.51 4.39 10.51 7.48 3.52 4.25 8.71 5.67 10.88 4.53 9.97 1.37 6.14 9.80 1.69 10.84 10.62 0.71 6.88 
5.26 4.28 2.42 4.57 6.01 4.12 2.41 6.01 3.17 4.69 4.00 4.67 5.59 0.51 7.00 5.90 4.62 4.96 6.57 3.92 
0.79 8.31 3.67 8.15 4.74 0.83 3.40 5.93 5.49 8.64 1.76 7.42 1.43 4.67 7.01 1.36 8.63 8.15 3.35 6.79 
5.39 3.32 3.60 3.42 5.15 4.31 3.51 4.90 4.51 3.70 3.87 3.35 6.15 1.84 5.82 6.35 3.66 3.72 7.41 5.21 
6.87 3.45 7.06 2.57 3.91 6.18 6.91 2.60 8.21 3.43 5.25 1.14 8.37 5.53 2.89 8.34 3.53 1.97 10.09 8.91 
5.86 4.55 2.35 5.00 6.87 4.72 2.43 6.87 2.56 4.98 4.74 5.30 5.95 0.66 7.85 6.32 4.89 5.48 6.69 3.13 
6.38 8.52 2.52 8.98 9.33 5.58 2.76 9.87 1.48 8.94 6.27 9.16 5.21 3.98 10.97 5.78 8.85 9.43 4.64 2.10 
6.32 5.00 2.40 5.54 7.57 5.19 2.56 7.59 2.06 5.42 5.31 5.94 6.21 1.27 8.57 6.62 5.33 6.07 6.74 2.45 
1.55 9.70 4.54 9.55 5.76 2.22 4.30 7.08 6.20 10.03 3.09 8.81 0.79 5.85 8.13 0.22 10.02 9.54 2.54 7.50 
9.45 2.15 8.47 1.51 6.87 8.59 8.40 5.53 9.06 1.78 7.78 2.06 10.70 6.57 5.56 10.77 1.91 1.27 12.19 9.37 
7.65 7.76 3.31 8.39 9.97 6.69 3.59 10.24 1.45 8.18 7.18 8.84 6.77 3.88 11.28 7.31 8.07 8.95 6.43 0.50 
5.09 3.51 3.64 3.50 4.76 4.03 3.53 4.54 4.70 3.87 3.53 3.27 5.94 2.03 5.49 6.12 3.84 3.72 7.29 5.48 
9.44 1.45 8.05 1.19 7.23 8.51 8.01 5.99 8.49 1.03 7.78 2.32 10.56 6.11 6.16 10.68 1.15 1.43 11.95 8.71 
5.58 7.34 1.34 7.75 8.17 4.64 1.61 8.64 0.77 7.76 5.22 7.89 4.74 2.72 9.73 5.27 7.67 8.18 4.68 2.04 
5.38 6.79 1.00 7.19 7.74 4.39 1.28 8.15 0.86 7.21 4.87 7.32 4.74 2.15 9.22 5.24 7.13 7.62 4.91 2.15 
5.24 6.28 0.91 6.67 7.34 4.19 1.15 7.69 1.23 6.70 4.58 6.79 4.80 1.62 8.75 5.26 6.62 7.08 5.17 2.39 
5.60 6.72 7.87 5.91 1.38 5.49 7.62 0.81 9.49 6.76 4.48 4.49 7.48 7.06 1.09 7.22 6.85 5.35 9.44 10.51 
2.81 10.11 4.13 10.09 7.01 3.04 3.97 8.24 5.53 10.47 4.05 9.52 0.89 5.81 9.32 1.26 10.44 10.18 1.11 6.77 
2.73 8.46 2.38 8.52 6.41 2.24 2.20 7.39 3.94 8.84 3.20 8.09 1.55 4.05 8.51 2.08 8.80 8.69 2.27 5.23 
8.35 7.80 3.98 8.49 10.51 7.36 4.26 10.69 2.12 8.20 7.81 9.06 7.52 4.29 11.71 8.05 8.08 9.09 7.18 0.85 
3.89 10.50 4.09 10.58 8.03 3.93 3.99 9.18 5.14 10.89 4.95 10.15 1.97 5.97 10.28 2.41 10.84 10.75 0.29 6.29 
7.10 7.45 9.40 6.54 2.89 7.05 9.16 2.08 10.98 7.40 6.05 5.13 9.01 8.48 1.15 8.73 7.51 5.87 10.98 11.96 
4.07 8.55 1.89 8.76 7.53 3.45 1.87 8.36 2.89 8.95 4.33 8.55 2.78 3.86 9.49 3.34 8.89 9.03 2.58 4.12 
2.94 8.33 2.14 8.42 6.52 2.37 1.97 7.46 3.67 8.72 3.31 8.04 1.82 3.86 8.58 2.34 8.67 8.61 2.40 4.96 
8.57 0.66 7.09 0.42 6.65 7.61 7.04 5.54 7.56 0.45 6.91 1.85 9.63 5.14 5.87 9.76 0.57 1.12 10.99 7.84 
9.20 0.75 7.44 1.16 7.38 8.21 7.42 6.27 7.75 0.38 7.55 2.57 10.18 5.47 6.58 10.34 0.41 1.78 11.47 7.91 
6.41 8.19 2.38 8.67 9.21 5.56 2.64 9.71 1.14 8.62 6.21 8.88 5.33 3.71 10.79 5.89 8.52 9.14 4.87 1.78 
3.70 8.31 1.75 8.49 7.13 3.05 1.68 7.97 3.02 8.71 3.92 8.23 2.52 3.67 9.09 3.07 8.65 8.74 2.61 4.28 
4.83 4.23 2.62 4.39 5.37 3.70 2.53 5.40 3.66 4.62 3.47 4.30 5.35 1.02 6.40 5.61 4.57 4.69 6.50 4.51 
7.31 2.93 4.26 3.61 7.32 6.18 4.32 6.90 4.21 3.34 5.93 4.34 7.69 2.36 7.70 8.01 3.23 4.24 8.57 4.34 
5.05 7.01 7.59 6.25 0.84 5.02 7.33 1.18 9.27 7.09 4.05 4.86 6.96 6.93 1.72 6.68 7.17 5.73 8.93 10.34 
6.21 5.05 2.29 5.57 7.50 5.09 2.45 7.54 2.01 5.47 5.21 5.94 6.10 1.20 8.53 6.51 5.37 6.08 6.63 2.46 
5.44 6.54 1.05 6.95 7.65 4.41 1.32 8.02 0.91 6.96 4.85 7.10 4.88 1.93 9.08 5.37 6.88 7.38 5.12 2.13 
2.55 8.15 6.20 7.63 2.01 2.96 5.92 3.54 8.05 8.35 2.31 6.45 4.47 6.28 4.42 4.10 8.39 7.32 6.44 9.28 
2.63 8.19 6.29 7.66 1.98 3.05 6.01 3.53 8.14 8.39 2.40 6.48 4.55 6.36 4.39 4.17 8.43 7.35 6.52 9.37 
8.96 2.66 8.41 1.78 6.11 8.17 8.31 4.70 9.18 2.38 7.31 1.59 10.33 6.59 4.66 10.36 2.51 1.15 11.92 9.61 
1.28 8.77 5.53 8.39 3.42 2.15 5.25 4.89 7.39 9.03 2.05 7.36 3.10 6.07 5.84 2.67 9.05 8.20 5.04 8.68 
9.13 0.71 7.41 1.06 7.29 8.14 7.39 6.18 7.75 0.32 7.48 2.48 10.12 5.44 6.48 10.28 0.37 1.69 11.42 7.91 
1.50 7.49 2.91 7.38 4.65 0.52 2.64 5.65 4.77 7.83 1.44 6.74 2.01 3.77 6.77 2.13 7.81 7.43 3.70 6.06 
1.07 9.57 5.20 9.30 4.85 2.17 4.94 6.27 6.98 9.87 2.70 8.42 1.90 6.20 7.26 1.37 9.87 9.21 3.71 8.29 
8.01 1.30 6.92 0.37 5.88 7.10 6.84 4.74 7.59 1.23 6.35 1.06 9.18 5.04 5.08 9.28 1.34 0.49 10.64 7.99 
1.09 8.66 5.33 8.30 3.47 1.94 5.04 4.91 7.18 8.93 1.89 7.30 2.94 5.89 5.89 2.53 8.95 8.12 4.89 8.47 
8.91 0.69 6.77 1.64 7.54 7.87 6.78 6.58 6.94 0.88 7.31 3.01 9.74 4.79 7.02 9.95 0.74 2.39 10.92 7.03 
5.74 6.35 1.37 6.80 7.80 4.69 1.63 8.10 0.83 6.77 5.08 7.02 5.23 1.86 9.15 5.71 6.68 7.26 5.47 1.89 
5.54 4.06 2.64 4.40 6.17 4.40 2.64 6.11 3.24 4.48 4.26 4.58 5.87 0.67 7.07 6.19 4.40 4.83 6.83 3.91 
7.50 4.22 8.07 3.27 4.03 6.93 7.90 2.52 9.26 4.12 5.95 1.94 9.12 6.58 2.37 9.04 4.23 2.56 10.90 9.97 
7.06 4.71 3.17 5.36 8.07 5.93 3.33 7.96 2.55 5.13 5.99 5.95 6.99 1.91 8.89 7.40 5.02 5.96 7.49 2.55 
4.38 6.86 0.16 7.14 6.93 3.40 0.35 7.47 1.85 7.28 3.95 7.07 3.81 2.14 8.57 4.28 7.21 7.47 4.22 3.15 
5.74 5.20 1.86 5.65 7.16 4.62 1.99 7.28 1.92 5.62 4.78 5.91 5.63 0.87 8.29 6.04 5.53 6.12 6.21 2.62 
9.57 1.29 7.98 1.34 7.52 8.61 7.96 6.32 8.33 0.87 7.92 2.62 10.62 6.02 6.53 10.76 0.95 1.75 11.96 8.49 
2.36 7.73 5.78 7.23 1.92 2.62 5.50 3.39 7.61 7.94 1.88 6.09 4.30 5.81 4.34 3.97 7.98 6.96 6.27 8.84 
4.28 6.16 0.59 6.41 6.39 3.21 0.52 6.83 2.18 6.57 3.58 6.33 4.05 1.48 7.92 4.46 6.51 6.73 4.75 3.39 
7.32 4.56 8.11 3.62 3.72 6.80 7.93 2.19 9.36 4.47 5.80 2.25 8.99 6.69 1.98 8.88 4.59 2.92 10.80 10.11 
2.55 10.85 5.52 10.69 6.60 3.36 5.31 8.01 7.08 11.18 4.18 9.92 1.63 6.96 9.01 1.25 11.17 10.67 2.50 8.35 
3.22 5.44 2.68 5.36 4.23 2.11 2.45 4.68 4.33 5.79 1.84 4.84 4.02 2.28 5.78 4.18 5.77 5.46 5.49 5.45 
1.14 9.49 4.66 9.29 5.30 1.99 4.41 6.65 6.39 9.81 2.75 8.50 1.18 5.83 7.68 0.66 9.80 9.26 3.02 7.70 
3.87 6.89 6.51 6.25 0.36 3.82 6.25 1.81 8.25 7.04 2.86 4.96 5.76 6.05 2.75 5.50 7.09 5.85 7.72 9.37 
3.34 11.38 5.63 11.28 7.47 3.99 5.46 8.85 7.03 11.72 4.89 10.59 1.93 7.25 9.87 1.81 11.70 11.31 1.93 8.26 
3.14 10.74 4.78 10.70 7.36 3.55 4.62 8.65 6.13 11.10 4.53 10.10 1.36 6.47 9.72 1.52 11.07 10.77 1.13 7.35 
7.43 2.29 4.70 2.98 7.08 6.32 4.74 6.53 4.80 2.71 5.97 3.77 7.96 2.75 7.27 8.24 2.61 3.62 8.96 4.97 
3.61 11.60 5.77 11.51 7.74 4.24 5.61 9.12 7.12 11.95 5.15 10.84 2.15 7.43 10.15 2.06 11.93 11.55 1.89 8.33 
1.70 6.83 3.34 6.63 3.76 0.70 3.05 4.69 5.19 7.15 0.57 5.89 2.88 3.66 5.81 2.89 7.14 6.62 4.66 6.43 
2.80 5.84 2.72 5.73 4.12 1.70 2.46 4.70 4.46 6.18 1.48 5.15 3.65 2.60 5.82 3.78 6.16 5.80 5.18 5.63 
6.83 2.26 6.19 1.57 4.69 5.97 6.07 3.67 7.12 2.35 5.17 0.72 8.09 4.46 4.18 8.15 2.42 1.35 9.64 7.71 
0.35 8.33 4.05 8.12 4.36 0.87 3.77 5.61 5.88 8.65 1.57 7.31 1.76 4.91 6.68 1.55 8.64 8.07 3.73 7.19 
5.96 2.61 5.04 2.31 4.53 5.02 4.92 3.87 6.02 2.87 4.31 1.87 7.08 3.35 4.63 7.19 2.88 2.38 8.56 6.68 
8.76 1.06 6.41 2.02 7.64 7.69 6.43 6.76 6.50 1.34 7.19 3.31 9.50 4.44 7.27 9.73 1.21 2.77 10.61 6.55 
4.21 4.69 4.89 4.22 2.59 3.49 4.68 2.52 6.39 4.91 2.57 3.22 5.68 3.91 3.58 5.65 4.94 4.03 7.43 7.37 
3.10 5.54 4.15 5.20 2.74 2.34 3.90 3.25 5.83 5.81 1.44 4.31 4.53 3.62 4.38 4.50 5.82 5.09 6.30 6.93 
7.36 1.21 5.53 1.54 6.15 6.33 5.49 5.36 6.02 1.60 5.76 2.26 8.25 3.58 5.97 8.43 1.55 2.11 9.51 6.37 
4.30 8.09 1.39 8.33 7.50 3.55 1.42 8.24 2.36 8.49 4.34 8.19 3.20 3.37 9.36 3.75 8.43 8.64 3.14 3.61 
8.83 1.40 7.66 0.69 6.55 7.93 7.60 5.32 8.24 1.08 7.17 1.64 10.00 5.75 5.52 10.10 1.22 0.75 11.45 8.55 
5.43 3.13 4.02 3.10 4.81 4.39 3.92 4.46 5.00 3.47 3.84 2.89 6.33 2.33 5.35 6.50 3.45 3.32 7.69 5.72 
5.93 4.47 2.44 4.93 6.89 4.79 2.52 6.86 2.63 4.89 4.78 5.24 6.03 0.72 7.83 6.40 4.80 5.42 6.78 3.17 
2.88 9.37 3.22 9.41 6.90 2.75 3.07 8.00 4.60 9.75 3.77 8.95 1.13 4.96 9.11 1.70 9.71 9.56 1.38 5.86 
5.74 6.77 1.35 7.22 8.02 4.74 1.63 8.39 0.54 7.20 5.20 7.42 5.09 2.24 9.45 5.59 7.11 7.67 5.19 1.80 
4.40 9.24 2.56 9.46 8.07 3.92 2.57 8.97 3.31 9.65 4.86 9.25 2.85 4.54 10.09 3.42 9.59 9.74 2.14 4.44 
5.05 5.89 0.96 6.25 6.94 3.96 1.11 7.25 1.66 6.31 4.27 6.34 4.78 1.19 8.31 5.21 6.23 6.65 5.32 2.74 
4.65 8.09 1.41 8.38 7.79 3.88 1.51 8.48 2.07 8.50 4.64 8.30 3.54 3.36 9.59 4.09 8.43 8.72 3.37 3.29 
8.17 2.08 5.37 2.93 7.66 7.06 5.42 7.02 5.30 2.46 6.70 3.96 8.70 3.44 7.69 8.98 2.33 3.64 9.66 5.32 
3.49 11.16 5.17 11.12 7.70 3.95 5.01 9.01 6.46 11.52 4.92 10.51 1.77 6.88 10.06 1.86 11.49 11.19 1.23 7.66 
2.40 6.26 2.75 6.14 4.13 1.28 2.48 4.85 4.56 6.60 1.21 5.53 3.24 2.91 5.97 3.37 6.58 6.19 4.83 5.77 
2.84 10.26 4.32 10.23 7.05 3.14 4.15 8.30 5.72 10.63 4.13 9.65 0.95 5.99 9.38 1.25 10.59 10.32 1.14 6.96 
2.84 6.26 1.97 6.26 4.89 1.70 1.70 5.53 3.79 6.63 1.95 5.81 3.21 2.37 6.64 3.46 6.59 6.40 4.54 5.02 
6.85 2.81 6.63 1.99 4.29 6.07 6.49 3.13 7.67 2.83 5.20 0.63 8.24 5.00 3.54 8.26 2.92 1.51 9.88 8.32 
3.89 5.83 5.73 5.24 1.30 3.52 5.48 1.75 7.38 6.00 2.49 4.04 5.64 5.05 2.87 5.48 6.05 4.91 7.54 8.45 
5.59 6.34 7.65 5.53 1.45 5.40 7.41 0.43 9.24 6.38 4.38 4.12 7.45 6.77 0.99 7.21 6.47 4.97 9.39 10.24 
8.68 0.24 6.76 1.19 7.15 7.66 6.75 6.15 7.05 0.49 7.06 2.56 9.58 4.79 6.58 9.77 0.36 1.94 10.83 7.22 
5.45 7.09 7.95 6.29 1.24 5.42 7.69 1.18 9.61 7.14 4.44 4.88 7.36 7.23 1.43 7.07 7.22 5.74 9.32 10.66 
6.06 2.45 4.68 2.39 5.03 5.05 4.59 4.45 5.53 2.78 4.45 2.30 7.03 2.88 5.24 7.18 2.76 2.64 8.40 6.13 
2.90 5.67 2.94 5.53 3.91 1.83 2.69 4.45 4.65 6.00 1.46 4.92 3.85 2.67 5.57 3.96 5.99 5.58 5.42 5.80 
3.21 7.12 6.08 6.54 1.02 3.22 5.81 2.44 7.86 7.30 2.30 5.33 5.11 5.80 3.41 4.83 7.34 6.21 7.08 9.03 
6.23 4.10 2.86 4.60 6.95 5.08 2.93 6.83 2.96 4.52 5.02 5.00 6.41 1.05 7.77 6.76 4.43 5.12 7.19 3.38 
7.13 6.71 9.07 5.79 2.94 6.95 8.84 1.74 10.57 6.65 5.94 4.38 9.00 8.01 0.62 8.76 6.76 5.11 10.95 11.50 
2.27 10.35 4.90 10.23 6.44 2.92 4.69 7.79 6.46 10.69 3.81 9.51 1.02 6.37 8.83 0.73 10.67 10.24 2.11 7.74 
3.25 5.91 1.82 5.94 5.02 2.11 1.58 5.55 3.56 6.28 2.25 5.57 3.60 1.96 6.65 3.87 6.24 6.12 4.85 4.75 
5.46 3.32 5.17 2.85 3.72 4.60 5.01 3.10 6.36 3.53 3.79 2.00 6.74 3.70 3.92 6.79 3.56 2.73 8.35 7.14 
7.95 1.48 6.96 0.55 5.74 7.06 6.88 4.58 7.67 1.41 6.28 0.88 9.15 5.10 4.90 9.24 1.52 0.37 10.63 8.10 
5.92 2.82 5.35 2.36 4.17 5.04 5.22 3.42 6.42 3.03 4.26 1.63 7.15 3.74 4.16 7.22 3.06 2.28 8.71 7.12 
6.37 8.36 2.43 8.83 9.26 5.55 2.68 9.78 1.32 8.79 6.22 9.02 5.25 3.85 10.87 5.81 8.69 9.29 4.73 1.96 
3.89 6.46 6.23 5.83 0.64 3.71 5.97 1.65 7.94 6.61 2.71 4.57 5.74 5.68 2.69 5.51 6.67 5.45 7.68 9.04 
8.01 6.57 3.65 7.28 9.72 6.95 3.91 9.77 2.03 6.98 7.26 7.91 7.47 3.41 10.75 7.96 6.86 7.90 7.45 1.03 
8.04 3.67 8.22 2.70 4.78 7.39 8.08 3.29 9.28 3.51 6.45 1.56 9.59 6.61 3.16 9.54 3.63 1.95 11.31 9.90 
5.97 3.55 3.17 3.94 6.28 4.83 3.18 6.08 3.63 3.97 4.62 4.23 6.39 1.19 7.00 6.68 3.89 4.41 7.37 4.16 
2.11 10.50 5.41 10.31 6.11 3.00 5.19 7.52 7.05 10.83 3.76 9.51 1.56 6.74 8.52 1.06 10.82 10.27 2.82 8.34 
7.56 1.08 6.18 0.79 5.84 6.59 6.12 4.87 6.81 1.28 5.91 1.46 8.62 4.28 5.36 8.75 1.31 1.25 10.00 7.21 
3.28 5.32 4.07 5.00 2.89 2.47 3.83 3.30 5.71 5.60 1.62 4.14 4.65 3.44 4.41 4.65 5.61 4.90 6.38 6.78 
4.56 8.92 2.22 9.17 8.08 3.98 2.26 8.90 2.87 9.33 4.87 9.01 3.14 4.20 10.03 3.71 9.26 9.47 2.58 4.01 
1.69 8.90 3.46 8.83 5.76 1.71 3.23 6.93 5.13 9.25 2.72 8.21 0.55 4.85 8.03 0.90 9.23 8.89 2.34 6.44 
1.48 8.54 5.57 8.13 3.08 2.19 5.29 4.55 7.44 8.79 1.93 7.08 3.36 6.00 5.50 2.96 8.82 7.92 5.32 8.71 
1.48 8.62 3.35 8.53 5.48 1.39 3.11 6.63 5.08 8.97 2.41 7.90 0.85 4.64 7.72 1.07 8.94 8.58 2.64 6.39 
2.20 7.06 2.24 7.02 4.98 1.14 1.96 5.82 4.10 7.42 1.80 6.50 2.40 3.11 6.95 2.65 7.39 7.13 3.83 5.39 
6.59 3.47 6.80 2.64 3.72 5.90 6.64 2.48 7.97 3.49 4.97 1.23 8.09 5.30 2.88 8.06 3.58 2.10 9.80 8.70 
6.96 5.47 8.30 4.55 3.04 6.58 8.09 1.49 9.69 5.41 5.56 3.14 8.73 7.07 0.99 8.56 5.52 3.88 10.61 10.54 
1.57 8.31 3.06 8.23 5.39 1.23 2.81 6.48 4.82 8.66 2.25 7.63 1.14 4.31 7.59 1.40 8.63 8.30 2.81 6.12 
7.08 8.66 3.08 9.19 9.92 6.25 3.34 10.40 1.65 9.09 6.91 9.47 5.92 4.31 11.48 6.49 8.99 9.69 5.29 1.76 
6.37 2.32 5.50 1.89 4.66 5.45 5.39 3.84 6.44 2.53 4.71 1.41 7.53 3.77 4.51 7.62 2.56 1.91 9.03 7.05 
8.62 1.90 5.86 2.82 7.95 7.51 5.91 7.22 5.75 2.24 7.12 3.99 9.18 3.93 7.83 9.45 2.10 3.57 10.15 5.71 
5.32 3.36 4.94 2.96 3.77 4.44 4.79 3.24 6.14 3.60 3.65 2.19 6.56 3.48 4.10 6.62 3.62 2.88 8.15 6.93 
4.03 4.62 4.37 4.25 3.01 3.20 4.16 3.04 5.87 4.88 2.37 3.40 5.37 3.39 4.11 5.39 4.89 4.15 7.06 6.85 
7.20 5.05 3.17 5.71 8.36 6.08 3.36 8.29 2.34 5.47 6.19 6.31 7.03 2.12 9.22 7.46 5.35 6.31 7.44 2.22 
4.63 5.26 1.45 5.52 6.09 3.49 1.41 6.34 2.58 5.67 3.61 5.49 4.72 0.65 7.39 5.07 5.61 5.87 5.59 3.58 
1.99 6.77 2.74 6.65 4.32 0.85 2.46 5.17 4.60 7.11 1.17 6.03 2.73 3.23 6.29 2.86 7.09 6.70 4.35 5.85 
5.90 5.87 7.64 5.03 1.91 5.62 7.42 0.37 9.17 5.89 4.59 3.61 7.72 6.63 0.80 7.52 5.98 4.45 9.64 10.12 
4.40 7.09 0.39 7.37 7.07 3.45 0.53 7.65 1.84 7.50 4.05 7.30 3.72 2.37 8.75 4.21 7.44 7.70 4.04 3.15 
1.29 7.31 3.35 7.12 4.06 0.21 3.07 5.09 5.22 7.63 0.86 6.39 2.39 3.94 6.20 2.39 7.62 7.11 4.21 6.49 
0.92 7.82 3.49 7.64 4.37 0.32 3.21 5.49 5.34 8.14 1.28 6.91 1.90 4.30 6.59 1.87 8.13 7.63 3.78 6.64 
4.20 4.40 4.27 4.06 3.26 3.33 4.07 3.22 5.71 4.66 2.54 3.27 5.47 3.19 4.26 5.51 4.68 4.00 7.11 6.66 
3.26 10.55 4.45 10.55 7.47 3.53 4.31 8.71 5.74 10.92 4.53 10.00 1.36 6.20 9.79 1.66 10.88 10.65 0.76 6.95 
5.99 2.52 4.66 2.43 4.94 4.99 4.57 4.38 5.54 2.84 4.37 2.29 6.97 2.88 5.17 7.12 2.83 2.66 8.36 6.16 
0.20 8.56 4.57 8.29 4.10 1.28 4.30 5.43 6.42 8.86 1.69 7.41 2.10 5.35 6.47 1.76 8.86 8.19 4.07 7.72 
3.86 11.53 5.48 11.50 8.06 4.34 5.33 9.38 6.71 11.90 5.30 10.90 2.16 7.22 10.43 2.24 11.87 11.58 1.34 7.89 
4.59 5.35 6.07 4.69 1.57 4.14 5.84 1.28 7.63 5.48 3.13 3.42 6.30 5.17 2.38 6.17 5.54 4.30 8.17 8.63 
3.01 10.83 5.02 10.76 7.21 3.53 4.85 8.54 6.43 11.19 4.48 10.11 1.39 6.65 9.58 1.39 11.16 10.81 1.50 7.66 
1.36 9.72 4.80 9.53 5.49 2.21 4.56 6.86 6.51 10.04 2.99 8.73 1.17 6.02 7.89 0.61 10.03 9.49 2.92 7.81 
5.65 7.40 1.43 7.83 8.26 4.72 1.70 8.73 0.74 7.83 5.31 7.97 4.79 2.80 9.82 5.32 7.74 8.26 4.69 1.99 
6.74 3.56 7.01 2.69 3.76 6.07 6.85 2.46 8.18 3.55 5.13 1.26 8.26 5.50 2.78 8.22 3.65 2.11 9.99 8.90 
2.93 8.50 2.30 8.58 6.59 2.42 2.13 7.55 3.79 8.88 3.38 8.18 1.70 4.03 8.67 2.24 8.83 8.76 2.23 5.08 
1.46 8.74 5.65 8.33 3.25 2.27 5.37 4.74 7.52 8.99 2.09 7.28 3.30 6.14 5.68 2.87 9.01 8.13 5.24 8.80 
7.20 5.68 8.60 4.75 3.21 6.85 8.39 1.69 9.99 5.61 5.83 3.36 8.99 7.37 0.97 8.81 5.72 4.06 10.88 10.84 
6.48 6.20 2.13 6.75 8.34 5.41 2.38 8.53 0.93 6.62 5.74 7.12 5.99 2.13 9.55 6.47 6.52 7.27 6.17 1.36 
4.40 4.11 3.71 3.94 4.00 3.40 3.54 3.95 5.03 4.43 2.80 3.41 5.44 2.46 4.96 5.55 4.42 4.02 6.93 5.94 
3.31 7.50 1.26 7.64 6.38 2.46 1.07 7.14 2.96 7.89 3.21 7.35 2.62 2.96 8.26 3.10 7.84 7.87 3.27 4.27 
2.73 6.23 2.18 6.20 4.68 1.58 1.91 5.34 3.99 6.59 1.76 5.71 3.22 2.48 6.46 3.44 6.56 6.32 4.62 5.21 
1.59 10.06 5.24 9.84 5.55 2.56 5.00 6.97 6.95 10.37 3.25 9.00 1.56 6.44 7.96 0.99 10.36 9.77 3.15 8.25 
5.43 3.22 4.93 2.84 3.92 4.53 4.79 3.36 6.09 3.46 3.77 2.12 6.65 3.42 4.21 6.72 3.49 2.79 8.21 6.86 
6.17 3.26 6.18 2.54 3.70 5.42 6.02 2.68 7.34 3.35 4.52 1.30 7.59 4.67 3.28 7.59 3.42 2.16 9.26 8.07 
5.82 4.40 6.65 3.62 2.69 5.25 6.45 1.52 8.01 4.46 4.27 2.24 7.45 5.39 2.17 7.36 4.54 3.12 9.25 8.86 
4.51 7.71 7.53 7.00 0.85 4.67 7.26 2.06 9.29 7.82 3.77 5.64 6.44 7.11 2.61 6.10 7.89 6.53 8.42 10.43 
2.84 10.54 4.71 10.48 7.06 3.29 4.53 8.36 6.12 10.90 4.25 9.85 1.11 6.34 9.42 1.21 10.87 10.54 1.37 7.37 
1.89 6.62 3.46 6.40 3.54 0.97 3.18 4.43 5.29 6.93 0.46 5.63 3.16 3.63 5.55 3.15 6.93 6.37 4.94 6.51 
6.90 8.21 9.60 7.33 2.83 7.00 9.35 2.52 11.26 8.20 6.04 5.91 8.83 8.85 1.88 8.50 8.30 6.69 10.81 12.30 
9.84 2.13 8.67 1.71 7.37 8.96 8.61 6.04 9.16 1.72 8.18 2.52 11.04 6.74 6.08 11.13 1.84 1.67 12.49 9.40 
0.94 8.84 5.28 8.49 3.74 1.92 5.00 5.18 7.13 9.11 2.01 7.51 2.72 5.93 6.16 2.29 9.12 8.33 4.66 8.43 
7.61 6.20 3.28 6.88 9.24 6.53 3.53 9.29 1.81 6.61 6.80 7.46 7.14 2.93 10.26 7.62 6.49 7.48 7.23 1.14 
6.03 3.54 6.24 2.81 3.43 5.31 6.07 2.39 7.46 3.63 4.40 1.52 7.50 4.79 3.02 7.48 3.70 2.41 9.20 8.23 
6.73 4.08 7.32 3.19 3.46 6.13 7.14 2.05 8.56 4.05 5.16 1.76 8.33 5.89 2.26 8.25 4.15 2.57 10.10 9.32 
2.61 8.28 2.30 8.33 6.23 2.06 2.10 7.19 3.91 8.66 3.02 7.89 1.60 3.90 8.31 2.09 8.61 8.49 2.46 5.22 
