8.78 8.98 6.67 2.58 7.07 3.03 7.31 11.19 10.55 5.48 7.02 7.69 7.79 10.93 5.84 10.41 5.95 5.27 7.08 1.26 7.79 3.89 7.07 10.18 4.17 2.33 5.89 6.32 11.28 3.04 3.64 10.63 5.79 5.15 8.00 3.14 4.41 2.61 7.03 10.21 8.16 6.85 8.13 1.28 4.25 
9.00 8.62 6.32 3.12 6.69 2.32 7.59 11.29 10.56 5.19 7.36 7.22 7.30 10.87 6.37 10.36 6.24 5.39 7.38 1.78 7.74 3.73 6.93 9.74 4.59 1.65 5.61 6.04 11.31 2.51 3.56 10.53 6.44 5.16 7.50 3.80 4.50 3.17 7.12 10.34 7.81 6.65 8.17 1.96 4.78 
3.16 7.58 5.83 3.52 6.36 7.44 1.58 5.94 5.85 4.86 1.24 7.56 7.85 6.64 2.31 6.07 0.31 1.78 1.31 4.57 4.03 3.91 4.38 9.27 1.76 6.56 4.98 5.07 6.41 5.86 3.57 6.69 4.05 2.61 8.19 4.09 2.33 3.57 2.48 4.85 6.82 4.71 3.56 4.92 2.39 
7.61 3.14 1.38 6.53 1.36 4.47 7.07 8.52 7.21 1.69 7.44 1.59 1.71 6.97 8.41 6.66 6.39 4.77 7.10 6.00 4.62 3.03 3.36 4.10 6.41 4.30 1.70 1.89 7.99 3.14 3.50 6.38 9.59 3.94 1.97 7.73 4.33 6.65 5.33 8.00 2.48 2.78 5.65 6.63 7.30 
6.25 1.08 2.18 8.28 2.01 7.73 6.46 6.04 4.53 3.26 7.11 2.55 2.83 3.96 8.99 3.82 6.45 5.14 6.63 8.24 3.01 4.92 2.34 2.72 7.44 7.40 2.85 2.43 5.22 6.15 5.29 3.28 10.57 4.50 3.08 9.43 5.31 8.40 4.50 5.89 0.96 2.14 4.06 8.89 8.41 
6.70 2.69 0.46 6.33 0.77 5.10 6.25 7.54 6.24 1.08 6.68 1.74 2.00 6.04 7.86 5.71 5.68 4.08 6.30 6.00 3.65 2.76 2.40 3.98 5.96 4.79 0.88 0.94 7.02 3.54 3.22 5.47 9.18 3.26 2.34 7.53 3.80 6.46 4.44 7.03 1.89 1.81 4.69 6.65 6.90 
6.29 10.16 8.04 2.08 8.57 7.21 4.71 9.16 9.15 6.82 4.03 9.63 9.86 9.93 1.70 9.36 3.61 4.36 4.39 3.36 7.15 5.23 7.17 11.75 2.02 6.33 7.10 7.35 9.70 6.25 4.76 9.94 1.40 4.96 10.17 1.46 4.19 2.00 5.70 8.06 9.32 7.32 6.84 3.24 1.05 
3.98 6.07 6.59 9.85 6.74 11.63 5.37 1.50 0.91 6.94 6.13 7.61 7.91 1.19 8.72 1.32 6.38 6.27 5.68 10.49 3.76 7.82 4.84 7.32 8.29 11.02 6.62 6.24 0.36 9.82 7.91 1.92 10.54 6.31 8.18 10.68 7.06 9.95 4.52 2.29 6.01 5.34 3.36 11.03 9.07 
6.88 6.69 4.36 2.59 4.81 3.15 5.60 9.03 8.26 3.12 5.52 5.60 5.75 8.57 5.26 8.06 4.34 3.21 5.44 1.96 5.44 1.48 4.66 8.01 3.18 2.27 3.53 3.94 9.01 1.73 1.25 8.24 5.97 2.88 6.02 3.75 2.30 2.71 4.88 8.12 5.85 4.43 5.89 2.61 3.80 
6.35 4.09 1.77 4.90 2.21 4.16 5.58 7.75 6.64 0.61 5.86 3.11 3.32 6.67 6.68 6.25 4.75 3.14 5.56 4.55 3.80 1.34 2.66 5.44 4.68 3.66 1.02 1.46 7.43 2.41 1.81 6.21 7.87 2.33 3.63 6.10 2.61 5.03 4.04 7.05 3.26 2.22 4.65 5.20 5.58 
4.67 2.64 2.41 7.23 2.60 7.66 4.87 4.81 3.43 2.91 5.54 3.62 3.94 3.22 7.54 2.87 4.96 3.81 5.06 7.41 1.41 4.22 1.07 4.32 6.16 7.16 2.53 2.12 4.20 5.91 4.48 2.70 9.19 3.31 4.26 8.31 4.17 7.34 2.92 4.48 2.16 1.30 2.47 8.04 7.12 
8.63 4.36 2.69 6.46 2.68 3.37 7.91 9.76 8.49 2.61 8.18 2.57 2.53 8.29 8.78 7.96 7.05 5.45 7.89 5.68 5.81 3.31 4.57 5.03 6.70 3.41 2.78 3.08 9.27 2.48 3.74 7.71 9.75 4.66 2.65 7.62 4.83 6.57 6.32 9.18 3.78 4.00 6.79 6.26 7.50 
3.25 6.27 4.51 3.75 5.04 6.71 2.02 5.64 5.21 3.58 2.20 6.24 6.53 5.85 3.55 5.28 1.13 0.53 1.94 4.48 2.94 2.88 3.10 7.95 2.27 5.88 3.67 3.74 5.87 4.99 2.64 5.77 5.18 1.34 6.88 4.63 1.37 3.84 1.59 4.63 5.50 3.39 2.77 4.98 3.18 
6.25 1.28 2.68 8.67 2.50 8.22 6.58 5.81 4.28 3.73 7.26 2.97 3.24 3.62 9.23 3.53 6.67 5.44 6.77 8.67 3.10 5.36 2.61 2.75 7.76 7.89 3.31 2.88 4.93 6.64 5.71 2.91 10.86 4.84 3.46 9.80 5.67 8.79 4.64 5.74 1.42 2.51 4.08 9.32 8.73 
3.64 4.22 4.42 8.19 4.60 9.49 4.49 2.88 1.42 4.77 5.26 5.55 5.86 1.41 7.68 0.92 5.12 4.55 4.76 8.65 1.74 5.76 2.67 5.70 6.79 8.91 4.44 4.05 2.19 7.69 5.91 1.26 9.46 4.40 6.16 9.14 5.22 8.29 2.98 2.79 3.99 3.16 1.87 9.23 7.68 
3.82 3.49 3.02 6.91 3.30 7.93 4.09 4.14 2.88 3.22 4.78 4.40 4.72 2.94 6.91 2.48 4.30 3.34 4.29 7.24 0.60 4.23 1.12 5.16 5.69 7.35 2.91 2.55 3.68 6.13 4.41 2.59 8.61 3.01 5.05 7.94 3.87 7.02 2.18 3.70 2.99 1.63 1.62 7.85 6.63 
2.47 6.09 4.60 4.58 5.09 7.43 1.53 4.78 4.40 3.86 2.00 6.32 6.62 5.09 3.95 4.52 1.34 1.22 1.58 5.34 2.39 3.50 2.87 7.79 3.02 6.63 3.86 3.83 5.04 5.67 3.34 5.08 5.69 1.80 6.98 5.41 2.13 4.67 0.85 3.77 5.38 3.29 1.99 5.83 3.86 
2.01 6.76 6.56 8.37 6.86 10.92 3.52 0.95 1.60 6.53 4.25 7.93 8.25 2.70 6.85 2.33 4.71 5.00 3.84 9.18 3.27 6.96 4.52 8.26 6.69 10.20 6.30 6.01 1.68 9.10 6.94 3.24 8.65 5.27 8.57 9.07 5.88 8.45 3.26 0.27 6.44 5.11 2.35 9.66 7.37 
5.24 5.12 2.91 3.71 3.43 4.70 4.24 7.09 6.23 1.68 4.43 4.50 4.75 6.52 5.16 6.01 3.28 1.71 4.18 3.72 3.39 0.73 2.64 6.64 3.20 3.97 1.97 2.26 7.00 2.90 0.80 6.19 6.41 1.02 5.07 4.88 1.09 3.83 3.03 6.24 4.26 2.50 3.93 4.35 4.13 
1.69 5.81 5.33 7.21 5.67 9.57 2.74 2.22 1.87 5.20 3.53 6.79 7.12 2.78 6.08 2.24 3.69 3.72 3.05 7.94 2.01 5.61 3.26 7.42 5.61 8.86 4.99 4.73 2.43 7.75 5.60 3.04 7.90 3.94 7.45 8.00 4.58 7.30 1.95 1.41 5.38 3.85 1.00 8.45 6.37 
6.87 8.40 6.10 0.69 6.59 4.44 5.35 9.43 8.96 4.83 5.00 7.48 7.66 9.48 3.87 8.93 3.98 3.59 5.10 0.78 6.37 3.09 5.91 9.83 2.13 3.56 5.20 5.56 9.65 3.54 2.66 9.28 4.17 3.72 7.94 1.79 2.88 0.79 5.35 8.40 7.55 5.84 6.50 1.18 2.28 
7.41 8.14 5.81 1.54 6.27 3.58 5.95 9.84 9.24 4.56 5.68 7.06 7.21 9.67 4.72 9.14 4.59 3.92 5.72 0.50 6.53 2.85 5.92 9.48 2.89 2.70 4.96 5.35 9.97 2.81 2.50 9.42 5.01 3.87 7.47 2.52 3.09 1.62 5.69 8.85 7.30 5.76 6.81 1.14 3.14 
6.24 10.56 8.50 2.71 9.03 7.84 4.70 9.14 9.24 7.30 3.97 10.12 10.35 10.07 1.43 9.49 3.74 4.69 4.38 3.99 7.39 5.76 7.51 12.18 2.43 6.96 7.56 7.79 9.75 6.86 5.28 10.12 0.82 5.35 10.67 2.04 4.62 2.63 5.89 8.04 9.74 7.70 6.99 3.85 1.48 
5.72 6.46 4.20 2.36 4.71 4.31 4.42 7.96 7.28 2.93 4.36 5.69 5.90 7.69 4.36 7.16 3.17 2.07 4.26 2.39 4.55 1.25 3.97 7.94 2.27 3.44 3.28 3.61 8.02 2.74 0.78 7.43 5.34 1.89 6.20 3.55 1.17 2.49 3.79 7.01 5.61 3.88 4.87 3.01 3.07 
5.81 1.74 2.81 8.52 2.72 8.36 6.20 5.34 3.81 3.75 6.89 3.33 3.61 3.19 8.93 3.07 6.35 5.18 6.40 8.59 2.71 5.30 2.38 3.21 7.53 7.98 3.33 2.90 4.48 6.72 5.63 2.50 10.58 4.64 3.86 9.63 5.48 8.64 4.28 5.27 1.74 2.38 3.66 9.23 8.49 
6.47 0.84 2.13 8.35 1.90 7.65 6.65 6.27 4.76 3.27 7.29 2.36 2.63 4.18 9.13 4.04 6.61 5.28 6.82 8.27 3.22 4.95 2.49 2.51 7.55 7.35 2.85 2.45 5.45 6.10 5.33 3.49 10.70 4.61 2.87 9.51 5.41 8.48 4.69 6.12 0.79 2.25 4.28 8.92 8.52 
7.47 0.29 2.22 8.75 1.78 7.39 7.56 7.32 5.80 3.49 8.16 1.62 1.81 5.17 9.84 5.07 7.39 5.95 7.70 8.52 4.19 5.23 3.31 1.64 8.14 7.21 3.12 2.80 6.47 6.01 5.66 4.46 11.33 5.22 1.98 9.94 5.95 8.88 5.59 7.17 0.82 2.93 5.27 9.17 9.10 
5.12 2.24 2.63 7.88 2.68 8.07 5.46 4.91 3.43 3.36 6.15 3.53 3.84 3.01 8.20 2.77 5.61 4.48 5.66 8.02 1.97 4.79 1.71 3.85 6.83 7.62 2.95 2.52 4.16 6.37 5.08 2.40 9.86 3.97 4.13 8.97 4.83 7.99 3.53 4.72 1.95 1.83 2.95 8.66 7.79 
5.47 2.25 1.19 6.72 1.45 6.53 5.34 5.99 4.65 1.83 5.90 2.59 2.92 4.44 7.56 4.10 5.10 3.68 5.46 6.70 2.22 3.39 1.08 3.92 5.92 6.09 1.42 0.98 5.43 4.83 3.74 3.89 9.09 2.98 3.26 7.87 3.77 6.84 3.39 5.56 1.47 0.64 3.33 7.34 6.89 
3.53 4.34 2.96 5.39 3.42 6.88 3.19 4.88 3.95 2.53 3.75 4.64 4.96 4.29 5.57 3.76 3.01 1.84 3.30 5.77 1.14 2.97 1.11 6.04 4.20 6.20 2.39 2.24 4.72 5.05 3.06 4.04 7.21 1.52 5.31 6.43 2.36 5.51 1.27 4.13 3.62 1.56 1.73 6.37 5.15 
7.20 11.17 9.02 2.76 9.55 7.74 5.64 10.10 10.15 7.79 4.93 10.58 10.80 10.95 2.41 10.38 4.62 5.40 5.32 3.87 8.19 6.15 8.21 12.75 3.06 6.89 8.08 8.35 10.68 6.98 5.68 10.97 1.08 5.99 11.11 1.74 5.20 2.65 6.73 8.99 10.33 8.35 7.86 3.57 2.09 
1.45 6.01 5.01 5.95 5.44 8.63 1.66 3.40 3.12 4.59 2.43 6.64 6.96 3.94 4.89 3.37 2.42 2.55 1.93 6.72 1.97 4.65 2.98 7.69 4.33 7.86 4.47 4.31 3.71 6.83 4.57 4.07 6.69 2.92 7.30 6.72 3.44 6.03 0.91 2.40 5.42 3.54 1.01 7.21 5.10 
6.70 3.99 1.69 5.16 2.07 4.01 5.95 8.02 6.88 0.77 6.24 2.85 3.04 6.86 7.03 6.45 5.13 3.52 5.94 4.73 4.06 1.63 2.88 5.25 5.02 3.58 1.13 1.55 7.67 2.32 2.10 6.36 8.19 2.71 3.34 6.36 2.98 5.28 4.39 7.35 3.18 2.39 4.95 5.37 5.90 
2.12 7.98 6.53 4.77 7.03 8.71 0.65 5.02 5.23 5.72 0.15 8.25 8.55 6.16 2.75 5.61 1.23 2.72 0.39 5.88 4.08 5.04 4.77 9.69 3.01 7.85 5.76 5.76 5.67 7.08 4.75 6.35 4.56 3.51 8.90 5.20 3.47 4.81 2.52 3.92 7.29 5.22 3.29 6.20 3.44 
8.63 1.72 4.01 10.53 3.56 9.01 8.96 7.91 6.36 5.28 9.62 3.09 3.13 5.49 11.48 5.58 8.96 7.61 9.14 10.31 5.48 7.02 4.84 0.84 9.85 8.90 4.91 4.57 6.90 7.73 7.45 4.77 13.03 6.92 3.11 11.71 7.69 10.66 7.01 8.00 2.57 4.57 6.47 10.96 10.83 
7.07 11.46 9.36 3.29 9.89 8.33 5.56 9.97 10.12 8.14 4.81 10.96 11.19 10.97 2.22 10.40 4.65 5.60 5.24 4.45 8.31 6.56 8.42 13.06 3.31 7.47 8.42 8.67 10.61 7.50 6.08 11.03 0.54 6.25 11.50 2.34 5.50 3.18 6.81 8.87 10.63 8.60 7.90 4.18 2.34 
6.63 2.82 0.55 6.18 0.91 5.00 6.16 7.54 6.25 0.94 6.57 1.88 2.13 6.08 7.73 5.73 5.57 3.96 6.20 5.85 3.62 2.62 2.37 4.13 5.82 4.67 0.77 0.89 7.04 3.43 3.07 5.52 9.04 3.13 2.47 7.38 3.66 6.31 4.36 7.00 2.02 1.79 4.65 6.50 6.75 
4.46 6.79 4.74 2.51 5.27 5.73 3.05 6.92 6.47 3.58 2.94 6.39 6.65 7.04 3.24 6.48 1.76 1.13 2.87 3.20 4.01 2.29 3.83 8.40 1.35 4.85 3.81 4.02 7.15 4.14 1.90 6.91 4.56 1.59 6.98 3.49 0.86 2.61 2.85 5.91 5.96 3.95 4.01 3.69 2.32 
5.58 2.76 3.95 9.23 3.90 9.47 6.27 4.55 3.01 4.79 7.02 4.49 4.75 2.18 9.27 2.22 6.66 5.72 6.51 9.44 2.93 6.23 3.09 3.95 8.08 9.05 4.38 3.94 3.57 7.79 6.51 1.46 10.99 5.31 4.98 10.30 6.17 9.35 4.50 4.70 2.90 3.27 3.61 10.07 9.02 
5.22 6.94 4.75 1.99 5.28 5.04 3.81 7.64 7.12 3.52 3.65 6.33 6.56 7.63 3.55 7.08 2.49 1.75 3.61 2.48 4.53 1.97 4.18 8.48 1.46 4.15 3.81 4.09 7.82 3.54 1.51 7.45 4.61 1.93 6.87 3.10 1.07 2.11 3.52 6.64 6.09 4.20 4.66 3.01 2.32 
9.35 7.63 5.46 4.38 5.73 0.75 8.10 11.32 10.40 4.52 8.02 6.04 6.07 10.54 7.50 10.09 6.84 5.66 7.94 3.13 7.52 3.51 6.52 8.56 5.52 0.26 4.93 5.37 11.18 1.51 3.55 10.11 7.83 5.21 6.22 5.26 4.76 4.46 7.24 10.47 6.89 6.12 8.16 3.48 5.94 
7.54 6.57 4.27 3.26 4.65 2.39 6.32 9.55 8.69 3.12 6.28 5.29 5.41 8.91 6.05 8.43 5.09 3.86 6.17 2.38 5.83 1.77 4.92 7.77 3.98 1.55 3.54 3.97 9.46 0.96 1.75 8.53 6.70 3.42 5.64 4.37 2.96 3.37 5.45 8.68 5.76 4.61 6.39 2.98 4.58 
4.12 9.50 7.72 3.78 8.25 8.57 2.68 7.02 7.28 6.68 1.90 9.44 9.71 8.19 0.78 7.63 2.18 3.65 2.37 5.09 5.86 5.51 6.29 11.19 2.34 7.66 6.84 6.96 7.71 7.20 5.10 8.34 2.53 4.47 10.06 3.76 4.02 3.77 4.27 5.92 8.73 6.62 5.23 5.22 2.13 
7.13 5.56 3.26 3.92 3.64 2.84 6.07 8.91 7.94 2.14 6.15 4.31 4.45 8.09 6.35 7.63 4.97 3.53 5.97 3.26 5.07 1.18 4.06 6.78 4.25 2.20 2.56 3.00 8.73 1.02 1.43 7.66 7.22 2.91 4.70 5.10 2.70 4.04 4.92 8.11 4.75 3.69 5.75 3.89 4.99 
8.95 8.44 6.15 3.19 6.51 2.16 7.55 11.20 10.45 5.03 7.34 7.04 7.11 10.74 6.43 10.24 6.22 5.32 7.35 1.86 7.62 3.60 6.79 9.55 4.60 1.47 5.45 5.89 11.20 2.32 3.44 10.40 6.54 5.07 7.31 3.91 4.42 3.24 7.04 10.26 7.64 6.51 8.08 2.08 4.84 
3.26 5.21 5.43 8.65 5.63 10.36 4.43 1.87 0.40 5.70 5.22 6.58 6.89 1.10 7.75 0.61 5.30 5.04 4.73 9.24 2.48 6.54 3.59 6.62 7.14 9.74 5.39 5.02 1.20 8.55 6.64 1.52 9.57 5.04 7.19 9.52 5.81 8.75 3.32 1.99 5.01 4.11 2.14 9.80 7.96 
7.63 1.71 1.34 7.75 0.82 5.94 7.40 8.01 6.57 2.51 7.90 0.42 0.75 6.13 9.25 5.92 6.98 5.41 7.49 7.36 4.39 4.18 3.23 2.63 7.38 5.81 2.25 2.11 7.31 4.64 4.64 5.47 10.60 4.60 1.09 8.95 5.20 7.87 5.49 7.67 1.26 2.68 5.49 8.00 8.32 
0.15 7.32 6.51 6.81 6.91 10.02 1.76 2.76 3.22 6.11 2.42 8.10 8.42 4.27 5.00 3.77 3.07 3.81 2.07 7.76 3.32 6.07 4.45 8.97 5.07 9.22 5.99 5.82 3.51 8.24 5.93 4.63 6.80 4.33 8.77 7.39 4.72 6.87 2.40 1.66 6.81 5.02 2.22 8.18 5.65 
8.08 2.40 1.64 7.59 1.24 5.36 7.73 8.63 7.22 2.53 8.17 0.56 0.62 6.82 9.33 6.58 7.18 5.58 7.79 7.09 4.90 4.06 3.69 3.07 7.39 5.30 2.38 2.38 7.97 4.18 4.53 6.17 10.59 4.75 0.90 8.79 5.25 7.72 5.87 8.24 1.98 3.11 5.99 7.72 8.30 
10.30 7.95 5.93 5.41 6.12 0.42 9.10 12.17 11.17 5.15 9.05 6.23 6.20 11.24 8.55 10.81 7.87 6.63 8.96 4.13 8.30 4.39 7.22 8.69 6.58 1.26 5.53 5.96 11.96 2.24 4.49 10.77 8.84 6.12 6.29 6.24 5.74 5.48 8.15 11.36 7.28 6.78 9.01 4.42 6.99 
3.59 5.74 6.13 9.33 6.30 11.11 4.91 1.47 0.37 6.44 5.69 7.21 7.52 1.04 8.26 0.93 5.89 5.74 5.23 9.95 3.23 7.28 4.33 7.06 7.77 10.49 6.12 5.75 0.48 9.30 7.38 1.71 10.08 5.77 7.80 10.16 6.52 9.42 3.99 2.01 5.62 4.84 2.82 10.50 8.57 
4.50 3.87 2.11 5.20 2.62 6.01 4.00 5.79 4.75 1.54 4.46 3.84 4.14 4.92 5.95 4.44 3.55 2.06 4.07 5.36 1.88 2.24 0.99 5.53 4.30 5.39 1.42 1.35 5.54 4.19 2.45 4.56 7.46 1.36 4.49 6.32 2.18 5.32 2.21 5.09 3.07 1.00 2.69 5.98 5.27 
8.55 5.08 3.15 5.71 3.27 2.54 7.68 9.93 8.76 2.68 7.87 3.39 3.39 8.67 8.22 8.30 6.70 5.16 7.62 4.85 5.97 2.86 4.77 5.88 6.13 2.52 2.97 3.35 9.55 1.60 3.24 8.13 9.08 4.42 3.53 6.85 4.44 5.83 6.25 9.27 4.42 4.25 6.86 5.42 6.87 
0.31 7.60 6.69 6.62 7.12 10.00 1.53 3.10 3.60 6.23 2.13 8.31 8.64 4.65 4.68 4.15 2.89 3.78 1.82 7.62 3.57 6.08 4.66 9.26 4.87 9.19 6.14 5.99 3.89 8.25 5.92 5.01 6.46 4.36 8.98 7.15 4.68 6.68 2.51 2.01 7.06 5.22 2.49 8.01 5.40 
7.15 8.34 6.03 1.04 6.51 4.09 5.65 9.66 9.13 4.76 5.32 7.35 7.52 9.62 4.24 9.07 4.28 3.77 5.40 0.47 6.49 3.03 5.96 9.73 2.48 3.21 5.15 5.52 9.84 3.26 2.63 9.40 4.51 3.83 7.79 2.05 3.00 1.12 5.54 8.64 7.50 5.86 6.68 1.01 2.65 
8.73 6.48 4.35 4.63 4.59 1.27 7.62 10.51 9.49 3.49 7.64 4.90 4.93 9.57 7.50 9.13 6.45 5.10 7.50 3.56 6.62 2.78 5.55 7.41 5.43 0.95 3.87 4.31 10.28 0.61 2.96 9.10 8.09 4.52 5.09 5.66 4.23 4.73 6.53 9.72 5.76 5.11 7.35 4.06 6.01 
5.00 8.78 6.73 1.98 7.27 6.79 3.40 7.82 7.72 5.56 2.83 8.38 8.63 8.47 1.46 7.90 2.19 2.91 3.09 3.27 5.67 4.11 5.73 10.40 0.69 5.88 5.80 6.02 8.29 5.53 3.65 8.46 2.56 3.56 8.96 2.24 2.85 1.98 4.23 6.73 7.95 5.91 5.37 3.43 0.50 
3.64 4.26 2.86 5.39 3.32 6.80 3.28 4.96 4.02 2.43 3.83 4.54 4.86 4.32 5.62 3.80 3.08 1.87 3.39 5.75 1.18 2.90 1.04 5.96 4.22 6.13 2.28 2.13 4.79 4.98 3.01 4.06 7.25 1.50 5.21 6.43 2.35 5.51 1.38 4.22 3.54 1.46 1.82 6.34 5.18 
8.90 7.90 5.64 3.58 5.97 1.58 7.58 11.03 10.20 4.57 7.44 6.44 6.50 10.43 6.75 9.95 6.28 5.23 7.40 2.30 7.34 3.29 6.43 8.95 4.82 0.80 4.99 5.43 10.97 1.72 3.21 10.05 7.01 4.88 6.68 4.42 4.32 3.65 6.89 10.13 7.12 6.11 7.88 2.64 5.17 
6.49 2.33 4.04 9.81 3.86 9.59 7.13 5.41 3.88 5.06 7.86 4.20 4.43 2.96 10.05 3.09 7.44 6.40 7.36 9.91 3.72 6.62 3.64 3.21 8.75 9.25 4.64 4.20 4.38 8.00 6.95 2.25 11.75 5.90 4.60 10.91 6.76 9.92 5.31 5.61 2.74 3.69 4.48 10.55 9.71 
7.63 9.38 7.08 0.97 7.55 4.78 6.06 10.28 9.88 5.80 5.62 8.41 8.57 10.43 4.04 9.88 4.71 4.52 5.79 0.96 7.34 4.06 6.91 10.78 2.73 3.95 6.18 6.55 10.55 4.21 3.65 10.25 3.89 4.71 8.84 1.24 3.85 0.92 6.26 9.23 8.53 6.84 7.42 0.63 2.51 
9.90 8.20 6.05 4.65 6.31 0.80 8.62 11.92 11.00 5.13 8.51 6.57 6.58 11.16 7.84 10.70 7.34 6.22 8.45 3.34 8.13 4.11 7.13 9.08 5.92 0.88 5.53 5.97 11.78 2.12 4.12 10.72 8.05 5.79 6.71 5.43 5.31 4.72 7.82 11.06 7.47 6.74 8.75 3.60 6.26 
7.25 7.80 5.47 1.72 5.93 3.45 5.82 9.62 8.99 4.22 5.58 6.72 6.87 9.39 4.79 8.87 4.47 3.70 5.60 0.84 6.25 2.52 5.61 9.14 2.87 2.56 4.62 5.02 9.72 2.54 2.18 9.12 5.19 3.60 7.13 2.77 2.84 1.81 5.46 8.64 6.96 5.44 6.56 1.48 3.22 
10.88 8.88 6.83 5.50 7.04 1.28 9.60 12.88 11.94 5.99 9.48 7.17 7.14 12.06 8.73 11.61 8.31 7.20 9.43 4.16 9.06 5.07 8.03 9.64 6.85 1.82 6.38 6.82 12.72 3.01 5.10 11.60 8.82 6.76 7.24 6.17 6.29 5.55 8.79 12.03 8.20 7.61 9.71 4.32 7.14 
3.78 3.74 3.79 7.75 3.99 8.86 4.41 3.44 2.04 4.14 5.16 4.97 5.29 1.98 7.47 1.54 4.87 4.13 4.66 8.15 1.26 5.18 2.05 5.30 6.43 8.30 3.80 3.42 2.82 7.07 5.35 1.67 9.23 3.90 5.59 8.74 4.74 7.86 2.70 3.22 3.43 2.52 1.75 8.74 7.34 
1.88 5.94 5.62 7.68 5.93 10.00 3.12 1.76 1.48 5.57 3.90 7.03 7.35 2.48 6.47 1.97 4.13 4.19 3.43 8.41 2.32 6.05 3.57 7.50 6.06 9.30 5.34 5.06 1.98 8.18 6.05 2.84 8.29 4.39 7.67 8.45 5.04 7.76 2.42 1.07 5.57 4.16 1.41 8.92 6.81 
8.58 7.95 5.66 3.12 6.03 2.03 7.23 10.78 10.00 4.54 7.05 6.57 6.65 10.28 6.30 9.78 5.91 4.93 7.03 1.85 7.16 3.12 6.31 9.08 4.40 1.21 4.96 5.39 10.76 1.87 2.99 9.92 6.56 4.63 6.86 3.97 4.02 3.19 6.63 9.86 7.15 6.02 7.65 2.21 4.72 
6.17 2.42 0.28 6.42 0.77 5.64 5.84 6.92 5.61 1.17 6.31 1.99 2.29 5.41 7.68 5.07 5.38 3.83 5.91 6.21 3.06 2.90 1.81 3.90 5.87 5.27 0.78 0.52 6.39 4.01 3.32 4.85 9.09 3.03 2.65 7.60 3.68 6.54 3.96 6.43 1.57 1.22 4.12 6.86 6.83 
8.86 7.03 4.84 4.29 5.12 1.04 7.67 10.76 9.81 3.91 7.63 5.47 5.51 9.94 7.29 9.49 6.44 5.19 7.52 3.14 6.94 2.96 5.91 7.99 5.26 0.38 4.31 4.75 10.59 0.90 3.05 9.50 7.77 4.68 5.68 5.27 4.29 4.38 6.71 9.93 6.28 5.51 7.60 3.58 5.76 
6.05 8.52 6.31 0.61 6.82 5.45 4.48 8.73 8.40 5.05 4.05 7.82 8.03 9.02 2.81 8.45 3.13 3.12 4.21 1.83 6.00 3.38 5.74 10.04 1.15 4.55 5.37 5.67 9.05 4.35 2.91 8.90 3.32 3.48 8.34 1.52 2.63 0.67 4.78 7.67 7.67 5.79 5.96 2.05 1.23 
8.43 1.82 4.15 10.62 3.73 9.29 8.83 7.58 6.04 5.40 9.51 3.38 3.46 5.14 11.44 5.26 8.89 7.59 9.02 10.45 5.34 7.14 4.79 1.28 9.87 9.15 5.02 4.66 6.55 7.96 7.55 4.43 13.02 6.93 3.47 11.79 7.72 10.74 6.89 7.72 2.67 4.57 6.29 11.10 10.84 
8.36 9.53 7.21 1.76 7.65 4.20 6.82 10.94 10.46 5.95 6.41 8.41 8.54 10.95 4.90 10.41 5.45 5.09 6.55 0.93 7.82 4.25 7.28 10.85 3.51 3.45 6.35 6.75 11.15 3.95 3.89 10.73 4.66 5.16 8.79 2.01 4.34 1.74 6.85 9.91 8.69 7.15 8.00 0.33 3.36 
6.89 11.54 9.48 3.57 10.01 8.65 5.41 9.79 10.00 8.28 4.65 11.10 11.33 10.87 2.06 10.30 4.59 5.64 5.10 4.77 8.29 6.73 8.46 13.16 3.41 7.79 8.54 8.77 10.47 7.77 6.26 10.96 0.24 6.32 11.66 2.68 5.60 3.47 6.76 8.69 10.71 8.67 7.83 4.54 2.46 
5.24 6.89 4.70 2.02 5.23 4.99 3.84 7.65 7.11 3.47 3.69 6.27 6.50 7.62 3.60 7.07 2.53 1.75 3.65 2.48 4.52 1.91 4.15 8.43 1.52 4.11 3.76 4.05 7.82 3.48 1.45 7.43 4.67 1.90 6.82 3.14 1.04 2.14 3.52 6.65 6.04 4.16 4.66 3.01 2.38 
5.47 8.04 5.87 1.20 6.40 5.57 3.92 8.12 7.78 4.63 3.54 7.44 7.67 8.40 2.68 7.84 2.56 2.51 3.66 2.24 5.39 3.04 5.19 9.60 0.69 4.67 4.93 5.20 8.43 4.31 2.57 8.29 3.53 2.93 7.98 2.10 2.09 1.28 4.17 7.07 7.19 5.26 5.34 2.57 1.26 
4.24 9.54 7.74 3.69 8.27 8.50 2.79 7.14 7.38 6.69 2.01 9.45 9.73 8.29 0.65 7.73 2.23 3.67 2.48 5.00 5.93 5.49 6.34 11.22 2.27 7.60 6.86 6.98 7.83 7.15 5.08 8.43 2.41 4.48 10.07 3.64 4.01 3.67 4.34 6.04 8.77 6.66 5.32 5.11 2.02 
4.68 6.41 4.30 2.66 4.83 5.36 3.36 7.01 6.44 3.12 3.33 5.94 6.19 6.95 3.71 6.40 2.14 1.09 3.21 3.14 3.85 1.81 3.54 7.99 1.77 4.50 3.37 3.60 7.15 3.72 1.43 6.77 4.99 1.28 6.52 3.72 0.44 2.77 2.86 6.03 5.57 3.61 3.99 3.69 2.72 
6.68 1.25 1.09 7.58 0.77 6.53 6.59 6.94 5.50 2.33 7.15 1.48 1.79 5.07 8.72 4.85 6.31 4.83 6.71 7.38 3.40 4.07 2.33 2.78 6.98 6.26 1.95 1.63 6.23 5.02 4.49 4.42 10.18 4.07 2.11 8.77 4.79 7.71 4.64 6.63 0.41 1.86 4.51 8.03 7.94 
7.32 6.53 4.21 3.11 4.62 2.62 6.09 9.36 8.51 3.03 6.05 5.31 5.43 8.75 5.84 8.26 4.86 3.64 5.94 2.30 5.65 1.60 4.77 7.77 3.76 1.78 3.45 3.88 9.28 1.15 1.54 8.38 6.52 3.21 5.68 4.23 2.73 3.22 5.24 8.48 5.71 4.48 6.20 2.91 4.38 
6.76 5.91 3.58 3.32 4.02 3.14 5.61 8.70 7.82 2.37 5.64 4.80 4.95 8.05 5.73 7.56 4.45 3.10 5.49 2.76 4.96 0.90 4.06 7.21 3.63 2.37 2.78 3.20 8.59 1.41 0.95 7.67 6.60 2.58 5.23 4.50 2.22 3.44 4.61 7.84 5.08 3.77 5.53 3.41 4.36 
6.21 4.77 2.45 4.19 2.91 3.91 5.28 7.86 6.86 1.20 5.48 3.81 4.01 7.00 6.09 6.54 4.33 2.76 5.22 3.86 3.98 0.64 2.97 6.14 4.05 3.29 1.61 2.03 7.64 2.09 1.12 6.58 7.21 2.02 4.32 5.39 2.09 4.32 3.94 7.08 3.93 2.63 4.70 4.51 4.92 
4.56 7.24 5.18 2.21 5.71 5.88 3.07 7.13 6.76 4.01 2.84 6.83 7.08 7.37 2.83 6.81 1.72 1.51 2.85 3.05 4.38 2.65 4.26 8.85 0.91 4.99 4.25 4.46 7.41 4.37 2.23 7.27 4.11 2.04 7.41 3.11 1.30 2.30 3.14 6.09 6.41 4.40 4.31 3.49 1.88 
7.54 0.44 2.15 8.70 1.68 7.26 7.59 7.43 5.92 3.42 8.19 1.47 1.66 5.30 9.84 5.19 7.40 5.95 7.73 8.44 4.25 5.16 3.33 1.65 8.11 7.10 3.06 2.76 6.60 5.90 5.59 4.60 11.31 5.20 1.83 9.88 5.92 8.82 5.62 7.27 0.82 2.93 5.34 9.09 9.07 
3.23 7.97 6.22 3.55 6.75 7.69 1.63 6.07 6.07 5.24 1.11 7.95 8.23 6.90 1.97 6.33 0.65 2.17 1.32 4.68 4.37 4.25 4.76 9.65 1.79 6.81 5.37 5.46 6.60 6.15 3.89 6.98 3.74 3.00 8.58 4.01 2.68 3.59 2.80 4.97 7.20 5.09 3.85 4.99 2.27 
2.91 6.08 4.44 4.18 4.95 7.00 1.83 5.22 4.79 3.60 2.15 6.17 6.46 5.43 3.81 4.86 1.25 0.78 1.81 4.90 2.58 3.10 2.86 7.77 2.67 6.19 3.65 3.67 5.45 5.25 2.91 5.38 5.49 1.44 6.82 5.04 1.68 4.27 1.17 4.22 5.33 3.22 2.35 5.40 3.56 
6.19 4.30 1.97 4.65 2.44 4.16 5.37 7.67 6.61 0.73 5.63 3.37 3.58 6.68 6.42 6.24 4.51 2.91 5.34 4.33 3.75 1.08 2.66 5.67 4.42 3.61 1.15 1.58 7.40 2.37 1.55 6.24 7.60 2.11 3.89 5.85 2.36 4.78 3.89 6.95 3.45 2.26 4.55 4.98 5.31 
5.62 2.08 1.13 6.85 1.33 6.55 5.51 6.08 4.72 1.90 6.07 2.45 2.77 4.48 7.73 4.15 5.27 3.85 5.63 6.81 2.36 3.49 1.25 3.75 6.08 6.14 1.48 1.04 5.49 4.88 3.86 3.91 9.25 3.14 3.11 8.01 3.92 6.98 3.55 5.67 1.30 0.81 3.47 7.46 7.05 
0.96 7.26 6.11 5.70 6.57 9.11 0.65 3.81 4.00 5.52 1.39 7.79 8.10 4.96 3.98 4.42 1.97 2.89 0.97 6.68 3.23 5.22 4.16 8.95 3.96 8.29 5.47 5.37 4.43 7.37 5.03 5.19 5.80 3.52 8.45 6.27 3.78 5.76 1.88 2.70 6.65 4.68 2.27 7.09 4.55 
3.98 3.58 2.50 6.10 2.89 7.07 3.88 4.83 3.69 2.43 4.49 4.08 4.40 3.83 6.38 3.35 3.82 2.63 4.03 6.37 0.87 3.33 0.43 5.28 4.98 6.47 2.17 1.88 4.48 5.26 3.52 3.48 8.02 2.18 4.75 7.16 3.04 6.21 1.91 4.24 2.90 1.01 1.89 6.99 5.94 
3.41 6.77 7.05 9.67 7.25 11.84 4.92 0.63 1.24 7.25 5.66 8.20 8.51 2.02 8.25 1.96 6.06 6.18 5.24 10.40 3.97 7.94 5.15 8.10 8.03 11.18 6.96 6.61 0.60 10.02 7.98 2.72 10.06 6.33 8.80 10.41 7.02 9.75 4.41 1.62 6.62 5.70 3.32 10.91 8.74 
7.59 10.35 8.09 1.53 8.59 6.12 5.99 10.39 10.19 6.82 5.41 9.52 9.71 10.86 3.32 10.29 4.73 5.00 5.69 2.29 7.88 5.10 7.64 11.83 2.77 5.30 7.17 7.49 10.81 5.53 4.64 10.77 2.70 5.38 10.00 0.39 4.52 1.41 6.60 9.30 9.50 7.67 7.77 1.91 2.10 
4.91 7.86 5.76 1.75 6.29 5.98 3.36 7.59 7.29 4.57 2.99 7.39 7.63 7.95 2.41 7.38 1.99 2.12 3.10 2.79 4.99 3.10 4.89 9.45 0.32 5.08 4.83 5.06 7.93 4.61 2.65 7.86 3.53 2.66 7.96 2.53 1.89 1.82 3.69 6.52 7.02 5.02 4.86 3.14 1.26 
2.40 5.11 4.05 5.78 4.47 7.91 2.36 3.88 3.21 3.68 3.06 5.68 6.00 3.79 5.27 3.23 2.67 2.16 2.56 6.38 1.13 3.94 2.02 6.81 4.31 7.19 3.53 3.35 3.92 6.09 3.93 3.75 7.02 2.27 6.34 6.68 2.96 5.87 0.50 3.04 4.49 2.58 0.76 6.92 5.19 
3.98 4.20 2.60 5.16 3.09 6.40 3.50 5.36 4.40 2.05 4.00 4.32 4.62 4.67 5.62 4.16 3.15 1.77 3.58 5.45 1.54 2.52 1.05 5.88 4.10 5.74 1.95 1.85 5.18 4.58 2.65 4.37 7.20 1.24 4.98 6.24 2.11 5.28 1.68 4.62 3.43 1.32 2.22 6.05 5.07 
3.55 5.09 3.39 4.48 3.90 6.44 2.79 5.40 4.67 2.61 3.19 5.12 5.42 5.12 4.73 4.57 2.27 0.92 2.82 4.94 2.01 2.46 1.92 6.77 3.27 5.69 2.62 2.62 5.40 4.63 2.42 4.93 6.32 0.75 5.77 5.50 1.50 4.59 1.30 4.52 4.31 2.20 2.26 5.51 4.23 
1.72 6.77 6.48 8.10 6.80 10.74 3.24 1.23 1.79 6.40 3.96 7.89 8.21 2.89 6.56 2.49 4.43 4.76 3.56 8.93 3.17 6.77 4.43 8.31 6.42 10.01 6.18 5.91 1.94 8.92 6.73 3.39 8.36 5.07 8.53 8.79 5.65 8.18 3.04 0.21 6.42 5.01 2.19 9.41 7.09 
7.06 5.99 3.67 3.44 4.08 2.83 5.91 8.98 8.08 2.50 5.94 4.80 4.94 8.29 5.97 7.81 4.75 3.40 5.79 2.77 5.22 1.17 4.29 7.25 3.87 2.08 2.92 3.35 8.86 1.11 1.26 7.90 6.78 2.88 5.19 4.61 2.53 3.56 4.91 8.14 5.17 3.97 5.82 3.40 4.57 
10.09 7.20 5.27 5.74 5.41 0.77 8.99 11.78 10.71 4.62 9.01 5.43 5.38 10.71 8.76 10.30 7.82 6.46 8.87 4.54 7.86 4.13 6.73 7.87 6.72 1.51 4.97 5.38 11.50 1.98 4.32 10.20 9.22 5.87 5.46 6.68 5.60 5.83 7.86 11.03 6.56 6.25 8.64 4.92 7.23 
8.26 1.28 2.34 8.84 1.81 6.88 8.20 8.27 6.77 3.57 8.75 0.97 1.00 6.16 10.24 6.05 7.89 6.37 8.31 8.45 4.96 5.27 3.94 1.56 8.41 6.81 3.28 3.07 7.45 5.68 5.73 5.46 11.63 5.58 1.05 10.04 6.23 8.96 6.24 8.08 1.48 3.46 6.07 9.10 9.36 
6.31 2.27 3.88 9.60 3.72 9.44 6.93 5.30 3.76 4.88 7.66 4.12 4.35 2.88 9.84 2.97 7.24 6.19 7.16 9.71 3.51 6.43 3.44 3.26 8.54 9.08 4.46 4.02 4.28 7.83 6.75 2.16 11.54 5.70 4.54 10.70 6.55 9.72 5.10 5.47 2.62 3.49 4.29 10.35 9.50 
