6.02 4.58 0.73 2.12 12.03 
2.37 3.66 2.93 4.85 10.49 
3.13 3.91 2.18 4.32 11.06 
10.93 5.99 8.93 7.08 6.39 
10.10 7.20 11.32 10.69 0.34 
3.00 4.83 7.14 8.29 7.88 
7.02 3.83 7.94 7.55 3.72 
11.16 6.46 9.88 8.26 5.01 
5.08 3.33 0.79 2.18 10.82 
7.94 4.06 8.14 7.38 3.56 
11.74 6.74 9.27 7.21 7.47 
9.09 4.36 5.55 3.32 9.09 
7.26 2.26 5.53 4.31 6.68 
11.10 6.37 9.77 8.13 5.10 
11.68 6.67 8.85 6.68 8.20 
7.61 2.69 4.97 3.35 7.82 
1.79 6.48 7.07 8.94 10.84 
8.20 3.79 4.37 2.15 9.53 
9.94 4.99 8.01 6.27 6.20 
10.88 5.99 9.08 7.30 5.99 
6.73 2.04 5.95 5.14 5.81 
0.61 5.26 5.86 7.66 10.24 
7.11 2.15 5.63 4.51 6.44 
0.44 5.36 5.35 7.32 10.87 
2.13 4.06 6.01 7.27 8.35 
10.69 5.71 7.72 5.57 8.22 
4.62 0.90 4.75 4.85 6.97 
9.90 4.91 7.09 5.04 7.82 
5.60 3.73 7.55 7.70 4.84 
1.33 4.02 5.30 6.79 9.12 
9.52 5.50 9.47 8.44 2.83 
7.12 5.26 1.83 1.88 12.57 
12.13 7.17 9.92 7.92 7.08 
7.39 3.60 7.71 7.07 3.92 
3.34 4.48 7.08 8.09 7.37 
10.44 5.82 9.38 7.90 4.54 
2.91 2.44 4.89 5.80 7.84 
4.51 1.93 2.21 2.82 9.41 
3.67 1.40 3.53 4.24 8.38 
1.17 4.57 4.16 6.16 10.77 
10.95 5.96 8.69 6.74 6.89 
2.61 3.85 6.16 7.26 7.85 
10.86 5.87 8.55 6.59 6.98 
3.40 2.46 5.40 6.12 7.22 
7.84 5.65 9.69 9.50 2.68 
2.09 3.97 5.89 7.16 8.37 
9.56 5.82 9.86 8.94 2.18 
3.09 2.47 2.78 4.15 9.53 
7.70 5.55 9.57 9.40 2.81 
10.47 7.16 11.26 10.44 0.81 
7.28 2.39 5.98 4.88 6.09 
11.71 6.74 9.47 7.50 6.99 
3.18 3.60 2.11 4.13 10.78 
7.32 4.29 2.44 0.32 11.26 
7.34 4.59 8.67 8.37 3.15 
10.07 5.97 9.90 8.76 2.88 
7.16 3.37 7.48 6.89 4.13 
3.92 3.75 1.38 3.54 11.12 
4.09 3.75 1.20 3.37 11.15 
10.74 5.78 7.57 5.35 8.62 
6.17 4.16 8.07 8.11 4.27 
10.15 5.20 7.01 4.83 8.45 
11.85 6.84 9.22 7.10 7.84 
12.00 7.04 9.76 7.77 7.09 
6.83 3.62 2.27 0.37 10.65 
1.41 4.19 5.58 7.05 9.03 
10.96 6.01 8.87 6.99 6.56 
1.25 4.42 5.69 7.22 9.23 
9.35 4.40 7.51 5.86 6.11 
2.55 4.05 2.77 4.87 10.97 
