5.09 1.59 2.65 5.28 8.52 2.28 3.05 0.98 2.60 4.90 6.32 6.09 7.89 7.62 9.71 10.53 2.80 9.39 5.65 1.64 5.81 4.89 9.33 8.21 1.84 0.95 9.38 8.74 1.76 3.69 6.38 5.09 0.83 7.89 2.65 5.63 2.72 3.24 1.99 8.95 4.92 9.22 5.60 6.82 9.91 2.02 7.85 6.30 7.24 8.36 
2.44 3.09 4.38 1.62 9.13 3.99 1.92 3.71 6.46 7.65 6.42 3.08 7.15 7.69 7.91 8.37 7.40 6.40 1.10 3.12 3.93 7.33 10.88 7.69 5.24 5.62 7.71 9.42 5.95 1.84 8.16 7.74 4.39 5.22 6.00 7.89 6.98 7.73 5.41 7.89 3.56 8.05 6.64 8.59 8.26 4.25 6.07 2.78 4.97 7.61 
8.27 4.58 3.39 7.41 7.11 5.50 5.48 3.93 0.95 2.65 5.84 7.68 7.59 6.79 9.81 10.78 3.13 10.35 8.45 4.34 6.84 2.96 7.14 7.68 4.60 2.65 9.43 7.25 3.83 6.82 4.53 2.86 4.05 8.86 1.61 3.59 0.58 3.67 2.00 8.66 6.02 8.97 4.65 4.87 9.88 5.20 8.27 9.42 8.11 7.96 
7.25 6.63 5.67 3.26 6.39 8.28 5.04 6.93 8.04 7.63 4.29 1.86 3.69 4.88 3.30 3.55 10.48 1.63 5.19 6.28 2.10 7.14 8.68 4.26 9.15 8.56 3.22 6.66 9.49 6.60 6.94 7.59 7.98 0.49 7.34 7.27 8.83 10.97 7.16 3.87 2.97 3.89 5.38 7.20 3.71 8.42 1.95 7.17 1.03 3.98 
1.73 2.01 4.25 3.28 9.84 2.22 2.03 2.66 5.77 7.49 7.18 4.66 8.24 8.53 9.35 9.91 5.95 8.10 2.43 2.32 5.20 7.28 11.30 8.73 3.57 4.38 9.11 10.11 4.39 0.24 8.40 7.62 2.95 6.82 5.49 7.94 6.10 6.21 4.81 9.11 4.58 9.31 7.07 8.86 9.67 2.51 7.44 2.84 6.44 8.72 
12.31 9.20 6.61 9.10 1.62 10.95 8.73 8.85 6.78 4.30 3.93 8.17 4.32 3.05 6.18 7.12 10.02 8.35 11.19 8.70 6.82 4.11 0.76 3.83 10.72 8.91 5.87 1.42 10.29 10.94 2.53 4.08 9.68 7.51 6.37 3.38 7.34 10.57 6.94 4.73 6.77 4.94 3.64 2.11 5.94 10.80 6.07 12.99 6.93 4.21 
6.22 3.02 0.55 3.96 5.52 4.87 2.66 2.80 2.80 3.20 3.13 3.99 4.70 4.46 6.61 7.49 5.48 6.72 5.54 2.52 3.15 2.87 6.76 5.01 4.99 3.68 6.26 5.77 4.92 4.78 3.85 3.28 3.80 5.21 2.11 3.45 3.58 6.03 1.94 5.76 2.31 6.04 2.61 4.31 6.78 4.78 4.84 7.06 4.48 5.16 
11.41 8.06 5.51 8.60 2.61 9.71 7.84 7.64 5.26 2.75 3.77 7.90 4.79 3.46 6.96 7.97 8.43 8.78 10.55 7.59 6.57 2.67 1.83 4.46 9.34 7.45 6.61 2.58 8.82 9.97 1.36 2.53 8.36 7.70 4.94 1.92 5.76 8.98 5.57 5.50 6.30 5.77 2.95 0.93 6.82 9.53 6.39 12.22 7.02 4.85 
7.84 5.97 4.14 3.97 4.10 7.84 4.69 6.03 6.22 5.33 1.81 2.75 1.70 2.55 3.03 3.88 9.10 3.47 6.19 5.51 1.52 4.83 6.29 2.27 8.34 7.27 2.70 4.38 8.44 6.78 4.47 5.25 7.12 2.17 5.50 4.86 7.03 9.64 5.51 2.50 2.04 2.71 2.96 4.72 3.24 7.87 1.25 8.17 1.45 2.16 
6.30 2.77 0.54 4.62 6.02 4.46 2.94 2.36 1.91 2.91 3.86 4.83 5.51 5.12 7.50 8.40 4.58 7.65 5.95 2.32 4.06 2.72 6.98 5.78 4.35 2.85 7.14 6.24 4.15 4.81 4.01 3.05 3.22 6.14 1.26 3.41 2.67 5.14 1.00 6.59 3.21 6.87 3.09 4.47 7.65 4.31 5.76 7.27 5.41 5.96 
9.08 5.76 3.19 6.40 3.26 7.49 5.51 5.39 3.50 1.47 2.32 5.89 3.95 2.95 6.27 7.29 6.80 7.46 8.26 5.28 4.62 1.00 3.96 3.92 7.26 5.50 5.89 3.43 6.88 7.64 1.00 1.33 6.20 6.16 2.98 0.86 4.19 7.37 3.49 4.96 4.18 5.27 1.05 1.46 6.26 7.33 5.11 9.89 5.40 4.24 
8.79 5.19 2.91 6.80 4.78 6.69 5.40 4.68 2.11 0.44 3.77 6.62 5.48 4.54 7.77 8.78 5.36 8.71 8.37 4.78 5.50 0.62 4.98 5.49 6.20 4.30 7.39 4.92 5.66 7.31 2.21 0.63 5.28 7.30 1.81 1.29 2.69 5.92 2.48 6.51 4.85 6.82 2.49 2.58 7.79 6.47 6.44 9.76 6.53 5.80 
3.93 1.45 2.08 2.57 7.56 3.24 0.44 1.78 4.11 5.37 4.93 3.42 6.14 6.30 7.55 8.25 5.53 6.82 3.46 1.11 3.41 5.11 9.01 6.59 3.96 3.62 7.26 7.83 4.35 2.52 6.13 5.48 2.80 5.37 3.64 5.72 4.67 5.96 3.06 7.09 2.60 7.32 4.77 6.58 7.82 3.30 5.63 4.80 4.81 6.63 
11.05 8.22 5.68 7.60 0.32 10.07 7.51 7.98 6.45 4.24 2.43 6.57 2.60 1.34 4.56 5.54 9.76 6.64 9.75 7.72 5.24 3.88 2.48 2.13 10.05 8.38 4.23 0.58 9.76 9.75 2.37 4.04 8.91 5.79 5.91 3.31 7.15 10.33 6.35 3.09 5.31 3.33 2.62 2.19 4.37 9.96 4.35 11.63 5.23 2.51 
1.42 3.47 5.23 2.66 10.22 3.82 2.74 4.13 7.11 8.52 7.50 4.11 8.24 8.78 8.95 9.36 7.59 7.30 0.88 3.65 5.03 8.24 11.93 8.79 5.21 5.96 8.77 10.50 6.03 1.51 9.16 8.63 4.57 6.22 6.73 8.83 7.54 7.86 6.09 8.97 4.66 9.13 7.67 9.60 9.31 4.14 7.13 1.71 6.02 8.71 
5.37 1.72 2.20 5.17 8.01 2.75 2.97 1.06 2.17 4.40 5.84 5.88 7.44 7.13 9.31 10.15 2.98 9.10 5.74 1.61 5.49 4.38 8.81 7.75 2.35 1.06 8.97 8.23 2.17 3.93 5.86 4.59 1.33 7.59 2.15 5.12 2.40 3.47 1.48 8.51 4.60 8.79 5.09 6.31 9.50 2.51 7.48 6.54 6.92 7.91 
6.89 6.80 6.19 3.12 7.38 8.32 5.17 7.17 8.63 8.42 5.22 1.99 4.68 5.86 4.10 4.17 10.84 1.87 4.74 6.51 2.75 7.95 9.66 5.24 9.30 8.92 4.08 7.64 9.74 6.43 7.85 8.40 8.19 1.45 7.94 8.13 9.38 11.31 7.68 4.81 3.52 4.82 6.26 8.13 4.52 8.49 2.93 6.66 1.99 4.95 
1.95 1.86 4.34 3.89 10.11 1.59 2.38 2.45 5.58 7.47 7.49 5.24 8.65 8.85 9.86 10.45 5.45 8.70 3.06 2.28 5.69 7.31 11.46 9.12 2.98 3.99 9.61 10.37 3.85 0.73 8.52 7.62 2.51 7.38 5.38 7.99 5.83 5.67 4.68 9.55 5.01 9.76 7.28 8.98 10.17 1.91 7.94 3.18 6.98 9.13 
4.45 3.41 3.25 0.88 7.13 5.01 1.79 3.79 5.67 6.23 4.42 1.43 5.09 5.65 6.01 6.57 7.51 4.90 2.91 3.12 1.90 5.84 8.98 5.64 5.92 5.59 5.78 7.41 6.35 3.47 6.40 6.28 4.80 3.52 5.06 6.28 6.35 7.95 4.64 5.86 1.54 6.04 4.80 6.81 6.33 5.15 4.11 4.81 3.10 5.56 
4.66 3.70 3.42 0.88 7.01 5.30 2.08 4.06 5.85 6.31 4.32 1.15 4.91 5.52 5.75 6.30 7.77 4.61 3.03 3.40 1.69 5.90 8.92 5.46 6.21 5.84 5.52 7.30 6.63 3.74 6.39 6.35 5.08 3.23 5.23 6.32 6.55 8.22 4.83 5.64 1.45 5.81 4.77 6.79 6.08 5.44 3.86 4.97 2.83 5.37 
10.89 9.21 7.22 6.87 3.86 11.08 7.91 9.25 8.98 7.40 3.80 5.44 2.05 3.06 0.90 1.69 12.08 3.53 9.02 8.74 4.59 6.93 6.13 2.03 11.55 10.35 0.83 4.02 11.58 9.94 5.85 7.26 10.33 3.56 8.29 6.63 9.77 12.64 8.45 0.98 5.27 0.67 5.02 5.86 0.54 11.11 2.39 11.03 3.52 1.70 
9.28 5.96 3.39 6.59 3.14 7.68 5.71 5.58 3.62 1.48 2.40 6.05 3.98 2.92 6.30 7.32 6.93 7.56 8.46 5.49 4.78 1.05 3.76 3.91 7.44 5.66 5.92 3.30 7.04 7.84 0.80 1.32 6.39 6.27 3.13 0.75 4.30 7.50 3.66 4.97 4.35 5.27 1.15 1.25 6.28 7.52 5.19 10.09 5.52 4.25 
6.95 4.01 1.60 4.12 4.54 5.89 3.36 3.84 3.49 3.09 2.08 3.77 3.66 3.41 5.66 6.58 6.43 6.04 5.99 3.51 2.65 2.65 5.98 3.96 6.05 4.69 5.30 4.80 5.96 5.58 3.20 3.10 4.85 4.57 2.78 3.04 4.30 6.99 2.81 4.74 2.00 5.02 1.72 3.63 5.80 5.82 3.98 7.68 3.80 4.12 
5.86 2.14 1.58 5.09 7.24 3.48 3.02 1.54 1.62 3.65 5.14 5.61 6.78 6.40 8.72 9.60 3.39 8.69 5.97 1.86 5.07 3.61 8.03 7.06 3.13 1.57 8.37 7.46 2.87 4.38 5.08 3.83 2.10 7.17 1.43 4.35 2.08 3.93 0.73 7.85 4.18 8.14 4.33 5.52 8.89 3.27 6.94 6.97 6.47 7.23 
6.57 5.96 5.14 2.56 6.53 7.59 4.36 6.28 7.56 7.33 4.22 1.16 3.92 4.99 3.88 4.21 9.88 2.32 4.54 5.63 1.66 6.86 8.76 4.50 8.48 7.95 3.76 6.81 8.85 5.89 6.81 7.31 7.33 1.07 6.87 7.05 8.33 10.36 6.63 4.26 2.45 4.33 5.20 7.11 4.27 7.73 2.29 6.54 1.15 4.26 
6.10 2.74 3.33 6.40 8.82 3.01 4.19 2.13 2.27 4.78 6.86 7.15 8.52 8.09 10.48 11.35 1.71 10.36 6.79 2.78 6.75 4.89 9.34 8.78 1.99 0.22 10.13 9.01 1.30 4.76 6.47 4.99 1.66 8.84 2.63 5.63 2.04 2.20 2.17 9.60 5.85 9.89 5.97 6.89 10.65 2.68 8.68 7.34 8.17 8.97 
8.85 5.30 2.92 6.71 4.45 6.85 5.40 4.81 2.38 0.40 3.47 6.46 5.17 4.21 7.47 8.48 5.66 8.46 8.34 4.86 5.31 0.30 4.73 5.17 6.41 4.54 7.09 4.60 5.91 7.37 1.90 0.49 5.46 7.07 2.02 1.02 3.00 6.22 2.66 6.20 4.69 6.50 2.18 2.29 7.48 6.64 6.17 9.79 6.30 5.48 
4.81 1.88 1.24 2.98 6.76 3.78 1.27 1.92 3.49 4.52 4.19 3.48 5.52 5.56 7.12 7.90 5.39 6.70 4.23 1.40 3.12 4.24 8.15 5.94 4.23 3.46 6.81 7.03 4.43 3.38 5.26 4.63 3.02 5.20 2.94 4.85 4.13 5.87 2.44 6.52 2.24 6.77 3.93 5.71 7.36 3.77 5.23 5.66 4.56 6.01 
5.97 2.34 2.41 5.73 7.95 3.21 3.56 1.68 1.69 4.08 5.94 6.35 7.60 7.17 9.55 10.43 2.57 9.49 6.37 2.22 5.87 4.13 8.59 7.86 2.55 0.76 9.20 8.15 2.12 4.54 5.67 4.28 1.75 7.97 1.84 4.87 1.80 3.10 1.28 8.67 4.98 8.96 5.07 6.10 9.72 2.93 7.77 7.16 7.28 8.04 
10.82 8.02 5.49 7.35 0.53 9.87 7.29 7.79 6.34 4.18 2.19 6.32 2.38 1.10 4.40 5.39 9.64 6.43 9.51 7.52 4.99 3.80 2.70 1.94 9.88 8.24 4.06 0.81 9.60 9.52 2.34 3.98 8.74 5.56 5.78 3.26 7.05 10.21 6.20 2.93 5.07 3.18 2.44 2.21 4.22 9.78 4.12 11.39 4.99 2.33 
8.72 5.01 3.31 7.40 6.21 6.17 5.65 4.40 1.29 1.71 5.15 7.48 6.88 5.99 9.15 10.15 4.10 9.91 8.67 4.70 6.51 2.07 6.16 6.93 5.41 3.44 8.77 6.33 4.71 7.24 3.60 1.92 4.71 8.45 1.57 2.65 1.47 4.64 2.21 7.94 5.75 8.24 3.90 3.92 9.19 5.89 7.72 9.81 7.68 7.23 
10.39 6.93 4.44 7.85 3.34 8.54 6.86 6.48 4.02 1.50 3.52 7.34 4.91 3.68 7.21 8.23 7.20 8.70 9.68 6.48 6.05 1.47 3.07 4.72 8.11 6.22 6.84 3.39 7.58 8.93 0.89 1.29 7.16 7.47 3.72 0.76 4.53 7.75 4.36 5.79 5.63 6.09 2.39 0.93 7.13 8.34 6.30 11.26 6.73 5.09 
7.00 3.78 4.23 7.47 9.35 3.77 5.25 3.19 2.61 5.07 7.60 8.18 9.31 8.76 11.34 12.24 0.74 11.35 7.82 3.84 7.73 5.27 9.63 9.53 2.49 1.28 10.99 9.53 1.53 5.73 6.88 5.28 2.59 9.83 3.16 5.98 2.04 1.31 2.89 10.39 6.83 10.69 6.60 7.26 11.49 3.42 9.59 8.26 9.14 9.74 
7.16 4.49 2.25 3.97 4.20 6.39 3.62 4.39 4.20 3.57 1.56 3.37 3.00 2.92 4.95 5.86 7.14 5.38 5.99 3.99 2.14 3.09 5.88 3.35 6.65 5.37 4.59 4.48 6.62 5.85 3.31 3.55 5.44 3.93 3.48 3.35 5.01 7.69 3.52 4.07 1.68 4.35 1.68 3.70 5.10 6.35 3.27 7.78 3.16 3.47 
6.35 4.79 3.50 2.47 5.45 6.59 3.35 4.97 5.87 5.62 2.84 1.41 3.22 3.92 4.21 4.89 8.38 3.69 4.68 4.38 0.08 5.15 7.50 3.77 7.26 6.47 3.94 5.74 7.50 5.33 5.25 5.60 6.06 2.17 5.17 5.40 6.65 8.89 4.99 3.96 0.83 4.15 3.61 5.59 4.50 6.67 2.28 6.66 1.49 3.67 
6.17 2.46 1.83 5.46 7.28 3.66 3.39 1.83 1.30 3.50 5.28 5.95 6.95 6.50 8.94 9.83 3.14 8.98 6.33 2.21 5.37 3.50 7.96 7.20 3.17 1.43 8.59 7.48 2.79 4.70 5.03 3.69 2.23 7.47 1.25 4.25 1.71 3.69 0.62 8.03 4.48 8.32 4.40 5.46 9.10 3.42 7.18 7.30 6.76 7.39 
9.45 7.90 6.08 5.42 4.13 9.75 6.54 7.98 8.05 6.80 3.05 4.00 1.52 2.85 1.07 1.99 11.02 2.62 7.58 7.45 3.18 6.31 6.49 1.92 10.30 9.22 0.75 4.36 10.40 8.52 5.52 6.69 9.08 2.22 7.34 6.15 8.86 11.57 7.41 1.19 3.91 1.19 4.35 5.64 1.31 9.79 0.95 9.59 2.09 1.54 
10.72 9.11 7.16 6.69 4.02 10.98 7.79 9.16 8.97 7.45 3.81 5.26 2.06 3.14 0.67 1.51 12.05 3.30 8.84 8.65 4.45 6.97 6.31 2.11 11.47 10.30 0.61 4.19 11.52 9.79 5.94 7.31 10.25 3.35 8.28 6.70 9.77 12.61 8.42 1.03 5.15 0.74 5.05 5.96 0.34 11.01 2.22 10.85 3.34 1.75 
6.31 2.67 0.98 4.96 6.39 4.22 3.12 2.17 1.51 2.96 4.33 5.26 6.00 5.57 8.00 8.91 4.08 8.14 6.13 2.27 4.55 2.85 7.23 6.25 3.98 2.37 7.65 6.61 3.71 4.82 4.27 3.12 2.90 6.63 0.96 3.58 2.22 4.63 0.51 7.08 3.68 7.37 3.48 4.71 8.15 4.04 6.27 7.34 5.90 6.44 
1.90 4.92 6.64 3.49 11.33 5.04 4.15 5.57 8.57 9.92 8.62 4.81 9.16 9.84 9.56 9.83 8.94 7.59 1.30 5.10 5.94 9.63 13.16 9.73 6.47 7.37 9.42 11.61 7.35 2.82 10.46 10.02 5.95 6.74 8.18 10.19 8.99 9.17 7.55 9.78 5.74 9.91 8.92 10.89 9.95 5.38 7.86 0.99 6.70 9.60 
8.77 5.46 2.88 6.13 3.48 7.19 5.20 5.09 3.29 1.47 2.28 5.66 3.97 3.04 6.27 7.28 6.59 7.36 7.97 4.98 4.41 0.97 4.26 3.98 6.98 5.24 5.89 3.66 6.62 7.33 1.31 1.37 5.91 6.02 2.74 1.06 4.01 7.16 3.22 5.00 3.93 5.31 0.99 1.77 6.28 7.03 5.03 9.59 5.26 4.29 
4.60 0.90 2.13 4.43 8.12 2.31 2.21 0.26 2.88 4.88 5.77 5.25 7.27 7.11 8.99 9.79 3.65 8.57 4.92 0.81 5.02 4.78 9.13 7.63 2.38 1.76 8.67 8.36 2.54 3.14 6.16 5.05 1.16 7.08 2.70 5.51 3.20 4.09 2.00 8.31 4.14 8.57 5.19 6.62 9.21 2.16 7.11 5.74 6.45 7.75 
9.57 7.69 5.66 5.62 3.29 9.57 6.44 7.70 7.47 6.06 2.35 4.26 0.68 1.99 1.67 2.69 10.54 3.45 7.82 7.21 3.22 5.57 5.65 1.07 10.00 8.80 1.29 3.53 10.03 8.53 4.69 5.93 8.78 2.81 6.77 5.37 8.27 11.10 6.91 0.74 3.80 0.96 3.62 4.80 1.71 9.58 1.34 9.82 2.46 0.72 
7.37 3.91 3.80 7.37 8.59 4.28 5.21 3.27 1.85 4.24 6.97 7.95 8.70 8.08 10.80 11.73 1.48 10.98 7.97 3.86 7.36 4.47 8.79 8.88 3.14 1.44 10.44 8.75 2.26 6.02 6.08 4.46 2.94 9.46 2.47 5.17 1.20 2.04 2.35 9.79 6.48 10.09 5.91 6.45 10.93 3.94 9.10 8.61 8.74 9.12 
4.57 1.24 2.90 5.05 8.86 1.76 2.82 0.79 3.14 5.38 6.56 5.97 8.08 7.89 9.81 10.60 3.09 9.34 5.24 1.44 5.81 5.35 9.76 8.43 1.57 1.39 9.49 9.09 1.79 3.20 6.80 5.57 0.37 7.86 3.14 6.08 3.26 3.46 2.46 9.12 4.94 9.39 5.92 7.25 10.03 1.53 7.92 5.79 7.25 8.56 
6.64 2.94 2.20 5.96 7.30 4.00 3.91 2.30 0.89 3.29 5.46 6.42 7.16 6.63 9.22 10.13 2.89 9.38 6.85 2.72 5.77 3.37 7.82 7.38 3.35 1.44 8.86 7.49 2.82 5.18 4.94 3.49 2.55 7.86 1.10 4.11 1.19 3.45 0.75 8.25 4.89 8.54 4.48 5.36 9.36 3.74 7.50 7.79 7.14 7.59 
1.66 4.90 6.74 3.76 11.56 4.89 4.25 5.56 8.60 10.03 8.85 5.11 9.44 10.09 9.89 10.17 8.83 7.94 1.55 5.12 6.21 9.75 13.36 10.01 6.32 7.32 9.74 11.85 7.22 2.74 10.62 10.14 5.87 7.07 8.23 10.33 8.99 9.05 7.59 10.08 5.97 10.21 9.11 11.06 10.27 5.24 8.16 0.63 7.01 9.88 
11.18 8.04 5.45 8.06 1.48 9.80 7.59 7.70 5.70 3.28 2.98 7.22 3.74 2.40 5.86 6.86 8.98 7.77 10.12 7.55 5.87 3.03 1.75 3.37 9.59 7.80 5.51 1.49 9.18 9.79 1.42 3.07 8.53 6.78 5.26 2.34 6.31 9.54 5.81 4.39 5.73 4.65 2.51 1.06 5.69 9.65 5.41 11.89 6.14 3.76 
3.49 3.92 4.57 0.71 8.58 5.08 2.43 4.47 6.88 7.69 5.89 2.07 6.37 7.07 6.91 7.29 8.23 5.25 1.53 3.82 3.15 7.32 10.49 6.94 6.25 6.38 6.73 8.86 6.88 3.01 7.93 7.75 5.29 4.15 6.33 7.79 7.48 8.62 5.82 7.02 3.03 7.15 6.33 8.34 7.27 5.31 5.12 3.53 3.98 6.82 
12.12 8.89 6.31 9.06 2.04 10.60 8.53 8.51 6.28 3.78 3.97 8.21 4.61 3.29 6.60 7.57 9.49 8.66 11.10 8.41 6.86 3.64 0.83 4.18 10.30 8.45 6.28 1.90 9.83 10.71 2.14 3.56 9.29 7.73 5.92 2.90 6.82 10.03 6.52 5.13 6.73 5.37 3.47 1.68 6.39 10.44 6.33 12.85 7.10 4.56 
4.32 1.44 3.43 5.26 9.40 1.27 3.07 1.21 3.62 5.92 7.08 6.27 8.58 8.42 10.25 11.02 3.09 9.69 5.21 1.78 6.21 5.89 10.31 8.94 1.11 1.66 9.94 9.64 1.59 3.04 7.35 6.10 0.19 8.22 3.67 6.63 3.67 3.39 3.00 9.61 5.35 9.87 6.47 7.80 10.49 1.00 8.36 5.57 7.63 9.05 
10.17 7.76 5.41 6.44 1.75 9.66 6.77 7.64 6.78 4.97 1.74 5.26 0.98 0.58 3.02 4.03 10.01 5.01 8.65 7.26 4.00 4.52 4.10 0.51 9.87 8.42 2.67 2.00 9.74 8.98 3.36 4.81 8.67 4.22 6.13 4.16 7.55 10.58 6.42 1.56 4.29 1.85 2.71 3.38 2.89 9.61 2.75 10.60 3.72 0.91 
9.91 6.70 4.11 6.99 2.35 8.45 6.32 6.35 4.44 2.17 2.27 6.30 3.60 2.39 5.90 6.93 7.74 7.42 8.96 6.21 4.98 1.81 3.03 3.43 8.24 6.48 5.53 2.49 7.86 8.50 0.42 1.97 7.18 6.24 3.95 1.25 5.10 8.30 4.47 4.50 4.69 4.80 1.34 0.68 5.83 8.30 5.02 10.67 5.52 3.79 
7.68 5.57 3.61 3.96 3.94 7.45 4.38 5.58 5.64 4.76 1.40 2.89 1.88 2.41 3.54 4.43 8.55 4.04 6.15 5.09 1.55 4.26 6.02 2.38 7.89 6.75 3.20 4.22 7.94 6.54 3.99 4.69 6.66 2.69 4.92 4.33 6.45 9.09 4.95 2.83 1.80 3.08 2.43 4.28 3.72 7.46 1.84 8.09 1.94 2.37 
8.49 5.14 2.57 5.95 3.80 6.86 4.93 4.76 2.99 1.39 2.43 5.55 4.15 3.29 6.43 7.44 6.28 7.41 7.74 4.66 4.34 0.90 4.59 4.20 6.65 4.91 6.05 3.99 6.29 7.04 1.62 1.34 5.58 6.03 2.42 1.22 3.72 6.85 2.89 5.20 3.80 5.51 1.16 2.08 6.46 6.70 5.11 9.33 5.26 4.49 
1.90 2.24 4.79 4.40 10.62 1.41 2.92 2.76 5.86 7.86 8.02 5.77 9.19 9.38 10.41 11.00 5.41 9.22 3.39 2.70 6.24 7.72 11.92 9.66 2.85 4.12 10.16 10.88 3.78 1.11 8.98 8.02 2.61 7.92 5.71 8.42 6.05 5.58 5.02 10.10 5.56 10.31 7.77 9.43 10.72 1.77 8.49 3.19 7.52 9.68 
12.59 9.46 6.87 9.38 1.84 11.21 9.00 9.11 6.99 4.50 4.21 8.44 4.56 3.30 6.37 7.30 10.21 8.58 11.47 8.97 7.10 4.33 0.52 4.06 10.96 9.13 6.07 1.61 10.51 11.21 2.77 4.28 9.93 7.76 6.60 3.60 7.54 10.76 7.18 4.93 7.05 5.14 3.92 2.33 6.12 11.06 6.32 13.27 7.18 4.43 
7.11 5.42 3.83 3.22 4.79 7.26 4.04 5.54 6.08 5.50 2.31 2.02 2.46 3.25 3.53 4.28 8.78 3.42 5.44 4.98 0.77 5.01 6.92 3.02 7.85 6.91 3.24 5.08 8.01 6.08 4.88 5.45 6.63 1.95 5.36 5.15 6.88 9.31 5.28 3.20 1.42 3.39 3.28 5.18 3.80 7.31 1.62 7.42 1.18 2.91 
5.80 5.34 4.79 1.80 6.95 6.90 3.71 5.70 7.24 7.27 4.47 0.52 4.44 5.40 4.62 4.98 9.37 3.04 3.78 5.04 1.63 6.81 9.10 5.03 7.85 7.45 4.48 7.23 8.27 5.14 6.95 7.27 6.72 1.84 6.57 7.09 7.98 9.84 6.27 4.90 2.21 4.99 5.31 7.28 5.00 7.06 2.94 5.79 1.77 4.82 
11.58 8.82 6.30 8.04 0.34 10.68 8.06 8.59 7.09 4.85 2.93 6.94 2.74 1.68 4.44 5.38 10.40 6.69 10.21 8.32 5.63 4.50 2.45 2.20 10.67 9.02 4.14 0.34 10.39 10.30 2.96 4.64 9.54 5.98 6.55 3.91 7.78 10.96 6.99 3.00 5.78 3.21 3.24 2.74 4.20 10.58 4.51 12.11 5.47 2.54 
