7.50 6.95 3.11 7.59 9.50 6.48 3.39 9.68 1.34 7.37 6.87 8.10 6.83 3.27 10.69 7.34 7.25 8.17 6.72 0.32 
4.30 7.04 6.98 6.35 0.15 4.30 6.72 1.59 8.70 7.16 3.33 5.01 6.21 6.46 2.40 5.93 7.22 5.90 8.18 9.81 
8.63 1.40 6.11 2.34 7.70 7.54 6.14 6.90 6.13 1.72 7.08 3.56 9.29 4.15 7.46 9.54 1.59 3.09 10.35 6.15 
7.67 3.94 8.07 2.99 4.31 7.06 7.91 2.82 9.20 3.82 6.10 1.70 9.26 6.52 2.70 9.19 3.94 2.26 11.01 9.88 
7.61 3.85 4.04 4.59 8.09 6.47 4.17 7.78 3.57 4.26 6.37 5.35 7.74 2.42 8.63 8.11 4.14 5.24 8.39 3.47 
6.89 2.67 6.58 1.86 4.40 6.09 6.44 3.26 7.59 2.71 5.23 0.54 8.25 4.92 3.68 8.28 2.79 1.42 9.87 8.22 
4.99 6.49 7.23 5.73 0.85 4.85 6.99 0.75 8.88 6.57 3.84 4.35 6.87 6.48 1.59 6.62 6.64 5.23 8.81 9.92 
4.82 4.50 5.57 3.90 2.46 4.17 5.37 1.98 7.02 4.66 3.21 2.74 6.36 4.46 2.96 6.30 4.71 3.60 8.13 7.94 
5.07 6.32 0.74 6.68 7.21 4.02 0.98 7.58 1.35 6.73 4.43 6.76 4.63 1.62 8.66 5.09 6.65 7.08 5.03 2.54 
2.97 7.22 5.94 6.67 1.25 3.02 5.67 2.68 7.74 7.41 2.12 5.48 4.88 5.73 3.65 4.60 7.45 6.35 6.85 8.92 
4.18 4.53 4.55 4.13 2.95 3.38 4.34 2.90 6.02 4.77 2.52 3.23 5.55 3.52 3.95 5.56 4.79 4.00 7.24 6.99 
1.16 9.62 4.94 9.40 5.20 2.14 4.68 6.59 6.68 9.94 2.82 8.57 1.47 6.06 7.60 0.92 9.93 9.34 3.26 7.99 
7.81 2.06 7.16 1.12 5.33 6.98 7.05 4.10 7.99 1.97 6.15 0.43 9.11 5.37 4.36 9.16 2.08 0.47 10.67 8.49 
3.29 10.29 4.11 10.32 7.47 3.43 3.97 8.66 5.36 10.67 4.45 9.81 1.35 5.88 9.75 1.77 10.63 10.44 0.62 6.57 
7.12 2.14 6.46 1.37 4.87 6.26 6.35 3.78 7.36 2.19 5.45 0.47 8.39 4.71 4.22 8.45 2.27 1.07 9.94 7.92 
7.10 7.01 2.71 7.60 9.22 6.09 2.99 9.45 0.91 7.42 6.52 8.03 6.40 3.07 10.48 6.91 7.32 8.15 6.29 0.45 
9.94 1.52 8.21 1.75 7.96 8.97 8.20 6.76 8.47 1.15 8.29 3.06 10.95 6.24 6.96 11.10 1.18 2.19 12.25 8.57 
6.60 6.78 8.69 5.90 2.39 6.46 8.46 1.34 10.25 6.76 5.45 4.47 8.48 7.74 0.45 8.23 6.86 5.25 10.43 11.22 
9.13 1.37 7.84 0.90 6.90 8.21 7.79 5.66 8.35 0.99 7.47 1.98 10.27 5.91 5.84 10.38 1.12 1.10 11.69 8.61 
9.31 1.37 7.94 1.06 7.11 8.38 7.90 5.87 8.40 0.96 7.65 2.19 10.43 6.00 6.05 10.55 1.09 1.31 11.83 8.64 
1.72 8.34 2.97 8.29 5.53 1.36 2.72 6.61 4.71 8.70 2.38 7.70 1.12 4.28 7.72 1.44 8.67 8.37 2.70 6.02 
6.36 5.15 2.36 5.69 7.69 5.24 2.53 7.73 1.92 5.57 5.38 6.09 6.20 1.38 8.71 6.62 5.47 6.22 6.68 2.29 
1.29 7.71 4.77 7.34 2.94 1.48 4.49 4.24 6.63 7.97 1.01 6.37 3.19 5.09 5.29 2.92 7.99 7.19 5.15 7.89 
6.87 2.41 4.35 2.92 6.52 5.76 4.36 6.03 4.66 2.83 5.39 3.51 7.46 2.37 6.82 7.72 2.75 3.49 8.53 4.98 
9.47 0.96 7.52 1.60 7.80 8.46 7.51 6.72 7.71 0.76 7.85 3.03 10.39 5.54 7.04 10.57 0.70 2.25 11.62 7.79 
6.13 2.40 4.63 2.39 5.16 5.11 4.55 4.59 5.44 2.74 4.52 2.38 7.06 2.81 5.38 7.22 2.72 2.68 8.41 6.02 
4.52 5.49 1.23 5.74 6.15 3.40 1.19 6.45 2.46 5.90 3.58 5.70 4.54 0.85 7.52 4.91 5.83 6.08 5.37 3.52 
7.50 5.33 8.65 4.39 3.61 7.08 8.46 2.06 9.98 5.23 6.07 3.03 9.25 7.33 1.46 9.09 5.35 3.67 11.11 10.78 
5.29 6.44 0.92 6.83 7.47 4.26 1.18 7.84 1.09 6.86 4.68 6.96 4.79 1.79 8.91 5.26 6.77 7.25 5.09 2.29 
7.48 5.01 8.47 4.06 3.70 7.02 8.29 2.14 9.76 4.91 6.01 2.71 9.20 7.10 1.70 9.06 5.03 3.35 11.04 10.54 
7.47 1.39 5.33 1.94 6.52 6.40 5.32 5.79 5.69 1.81 5.90 2.76 8.24 3.35 6.44 8.46 1.72 2.57 9.42 5.97 
0.88 9.35 4.78 9.13 4.97 1.88 4.52 6.34 6.55 9.67 2.54 8.29 1.50 5.84 7.36 1.01 9.66 9.06 3.38 7.86 
6.79 2.98 6.68 2.15 4.15 6.04 6.54 2.97 7.76 3.00 5.15 0.76 8.21 5.08 3.37 8.21 3.09 1.65 9.87 8.42 
8.21 8.55 3.97 9.20 10.72 7.30 4.25 11.04 2.16 8.97 7.86 9.67 7.18 4.69 12.08 7.74 8.86 9.77 6.62 1.30 
5.28 4.63 2.09 4.97 6.32 4.14 2.10 6.39 2.74 5.04 4.13 5.10 5.46 0.11 7.39 5.81 4.97 5.38 6.33 3.52 
0.68 9.19 4.87 8.94 4.64 1.79 4.60 6.03 6.67 9.50 2.34 8.07 1.80 5.82 7.04 1.33 9.49 8.85 3.70 7.98 
7.30 5.04 8.35 4.11 3.52 6.86 8.16 1.96 9.66 4.96 5.84 2.73 9.03 7.01 1.55 8.89 5.07 3.41 10.87 10.46 
4.34 4.22 4.21 3.92 3.44 3.44 4.03 3.35 5.61 4.50 2.69 3.18 5.57 3.06 4.37 5.62 4.51 3.88 7.17 6.54 
7.33 8.76 3.31 9.31 10.15 6.49 3.57 10.61 1.80 9.18 7.15 9.62 6.17 4.47 11.69 6.73 9.08 9.82 5.51 1.73 
5.44 8.89 2.32 9.24 8.75 4.77 2.46 9.47 2.27 9.31 5.59 9.23 4.09 4.18 10.59 4.66 9.23 9.61 3.41 3.23 
3.36 9.20 2.81 9.31 7.23 3.04 2.70 8.24 4.05 9.59 4.04 8.93 1.74 4.66 9.36 2.31 9.54 9.50 1.56 5.28 
4.26 4.84 5.17 4.32 2.32 3.61 4.95 2.22 6.69 5.04 2.65 3.23 5.80 4.21 3.29 5.74 5.08 4.07 7.58 7.67 
8.07 2.70 7.74 1.73 5.24 7.31 7.62 3.87 8.64 2.53 6.43 0.83 9.48 6.00 3.96 9.49 2.66 0.98 11.10 9.17 
9.26 0.93 7.09 1.82 7.84 8.22 7.10 6.85 7.21 0.98 7.66 3.23 10.09 5.11 7.25 10.30 0.86 2.54 11.25 7.25 
6.71 5.88 8.31 4.98 2.66 6.41 8.10 1.18 9.77 5.84 5.38 3.56 8.52 7.18 0.49 8.32 5.95 4.33 10.43 10.67 
5.27 6.08 1.01 6.47 7.25 4.20 1.22 7.56 1.34 6.50 4.55 6.60 4.90 1.43 8.62 5.35 6.42 6.89 5.32 2.44 
7.68 1.19 6.47 0.58 5.76 6.75 6.40 4.72 7.14 1.28 6.02 1.18 8.80 4.59 5.15 8.91 1.34 0.92 10.23 7.55 
6.47 2.28 4.46 2.54 5.81 5.40 4.42 5.28 5.05 2.68 4.92 2.87 7.23 2.52 6.06 7.45 2.62 2.99 8.45 5.52 
5.68 5.70 1.53 6.15 7.39 4.58 1.72 7.60 1.45 6.12 4.84 6.38 5.40 1.25 8.63 5.84 6.03 6.61 5.85 2.29 
4.35 9.73 3.09 9.92 8.21 4.02 3.06 9.18 3.88 10.13 5.00 9.65 2.63 5.05 10.30 3.19 10.07 10.17 1.61 4.98 
7.10 8.23 9.75 7.34 3.00 7.18 9.50 2.61 11.40 8.20 6.22 5.92 9.03 8.98 1.89 8.70 8.31 6.68 11.00 12.43 
5.40 6.61 7.64 5.81 1.20 5.27 7.40 0.70 9.27 6.66 4.27 4.41 7.28 6.85 1.23 7.03 6.75 5.27 9.23 10.30 
3.36 6.80 5.99 6.22 0.92 3.27 5.72 2.20 7.74 6.97 2.30 5.00 5.24 5.61 3.22 4.99 7.02 5.88 7.19 8.88 
2.09 7.73 2.36 7.72 5.46 1.33 2.10 6.41 4.16 8.10 2.24 7.21 1.77 3.61 7.53 2.11 8.07 7.84 3.12 5.47 
8.47 2.94 8.18 1.98 5.49 7.72 8.06 4.07 9.07 2.72 6.83 1.27 9.90 6.44 4.03 9.90 2.85 1.24 11.53 9.58 
1.05 7.64 3.42 7.47 4.28 0.14 3.14 5.37 5.28 7.97 1.15 6.74 2.06 4.16 6.47 2.04 7.96 7.46 3.90 6.57 
2.69 8.22 6.35 7.69 1.96 3.12 6.07 3.51 8.20 8.42 2.47 6.50 4.61 6.42 4.37 4.23 8.46 7.37 6.57 9.43 
6.41 6.22 8.25 5.34 2.28 6.17 8.02 0.93 9.77 6.20 5.15 3.91 8.25 7.23 0.20 8.03 6.30 4.71 10.18 10.71 
3.54 7.66 6.72 7.04 0.97 3.74 6.45 2.53 8.52 7.82 2.88 5.77 5.48 6.48 3.34 5.14 7.87 6.65 7.45 9.70 
2.12 8.08 2.51 8.07 5.71 1.53 2.27 6.70 4.24 8.44 2.50 7.56 1.47 3.89 7.82 1.87 8.41 8.19 2.77 5.55 
6.72 2.70 4.08 3.20 6.54 5.60 4.09 6.12 4.37 3.12 5.27 3.73 7.25 2.10 6.94 7.53 3.03 3.75 8.28 4.72 
1.34 9.85 5.26 9.60 5.20 2.39 5.01 6.62 7.01 10.15 3.00 8.73 1.76 6.36 7.61 1.19 10.15 9.51 3.46 8.32 
3.40 5.16 3.89 4.86 3.12 2.53 3.66 3.46 5.50 5.44 1.74 4.07 4.69 3.20 4.56 4.71 5.45 4.80 6.37 6.56 
2.90 5.74 2.73 5.63 4.11 1.80 2.48 4.66 4.46 6.08 1.54 5.06 3.74 2.54 5.78 3.88 6.06 5.71 5.27 5.61 
6.42 4.29 2.86 4.83 7.25 5.28 2.96 7.15 2.77 4.71 5.25 5.28 6.51 1.21 8.09 6.89 4.62 5.37 7.21 3.11 
5.98 5.17 7.30 4.34 2.30 5.56 7.09 0.82 8.74 5.19 4.55 2.92 7.72 6.16 1.31 7.57 5.29 3.77 9.59 9.64 
1.20 8.58 3.52 8.46 5.23 1.22 3.27 6.41 5.28 8.92 2.21 7.79 0.97 4.71 7.50 1.05 8.90 8.49 2.86 6.59 
8.41 0.91 7.08 0.15 6.38 7.47 7.02 5.25 7.63 0.75 6.75 1.56 9.51 5.16 5.57 9.63 0.86 0.83 10.92 7.95 
2.39 8.57 6.31 8.07 2.45 2.98 6.02 3.99 8.16 8.78 2.48 6.91 4.28 6.52 4.85 3.86 8.82 7.78 6.23 9.42 
6.07 2.50 5.09 2.21 4.63 5.12 4.98 3.95 6.04 2.76 4.42 1.82 7.18 3.37 4.69 7.29 2.77 2.30 8.65 6.68 
4.52 4.68 2.20 4.84 5.42 3.38 2.09 5.57 3.38 5.07 3.26 4.71 4.94 0.90 6.60 5.22 5.02 5.13 6.05 4.32 
7.53 1.43 5.32 2.03 6.63 6.46 5.31 5.92 5.63 1.85 5.97 2.88 8.28 3.34 6.57 8.50 1.76 2.68 9.44 5.89 
3.46 5.59 1.97 5.63 4.94 2.32 1.75 5.38 3.62 5.96 2.33 5.27 3.91 1.77 6.48 4.16 5.92 5.81 5.16 4.76 
1.38 7.31 3.18 7.15 4.24 0.24 2.90 5.24 5.04 7.64 1.03 6.45 2.30 3.83 6.36 2.34 7.62 7.16 4.08 6.32 
5.17 8.38 1.80 8.72 8.33 4.42 1.95 9.00 1.92 8.80 5.19 8.70 3.97 3.66 10.11 4.53 8.72 9.09 3.56 3.02 
6.78 4.96 2.81 5.57 7.95 5.65 2.98 7.92 2.21 5.38 5.76 6.07 6.65 1.70 8.87 7.07 5.27 6.13 7.13 2.33 
5.36 3.93 5.73 3.30 3.00 4.65 5.55 2.25 7.05 4.07 3.73 2.13 6.84 4.42 3.08 6.81 4.13 2.98 8.56 7.90 
6.57 6.26 2.21 6.82 8.44 5.51 2.47 8.63 0.92 6.68 5.84 7.21 6.06 2.23 9.65 6.55 6.58 7.35 6.21 1.25 
5.79 2.99 3.81 3.16 5.46 4.70 3.75 5.12 4.57 3.37 4.27 3.25 6.52 1.94 6.00 6.74 3.32 3.53 7.74 5.18 
0.53 9.02 4.62 8.78 4.66 1.58 4.35 6.01 6.42 9.33 2.20 7.94 1.64 5.59 7.04 1.23 9.33 8.71 3.58 7.73 
8.00 7.34 3.61 8.01 10.05 6.99 3.89 10.22 1.79 7.75 7.41 8.57 7.26 3.81 11.22 7.79 7.63 8.61 7.04 0.48 
6.61 7.20 2.25 7.73 8.93 5.63 2.53 9.25 0.39 7.62 6.12 8.06 5.83 2.96 10.30 6.36 7.52 8.24 5.70 0.94 
4.24 8.14 1.45 8.38 7.48 3.50 1.47 8.23 2.45 8.55 4.31 8.23 3.12 3.43 9.35 3.66 8.48 8.68 3.05 3.70 
7.28 1.25 5.56 1.45 5.99 6.26 5.52 5.18 6.11 1.61 5.66 2.08 8.20 3.63 5.79 8.37 1.58 1.98 9.50 6.49 
5.79 8.40 2.09 8.81 8.82 5.00 2.30 9.42 1.57 8.83 5.73 8.90 4.61 3.76 10.53 5.17 8.74 9.22 4.11 2.50 
3.98 5.55 5.57 4.98 1.57 3.52 5.33 1.82 7.19 5.73 2.50 3.80 5.68 4.82 2.94 5.55 5.78 4.67 7.55 8.24 
7.16 2.88 7.00 1.99 4.43 6.40 6.86 3.17 8.03 2.85 5.51 0.56 8.58 5.36 3.46 8.58 2.95 1.40 10.23 8.66 
4.26 8.30 1.61 8.54 7.57 3.56 1.63 8.34 2.55 8.71 4.39 8.38 3.07 3.59 9.47 3.63 8.64 8.84 2.92 3.78 
0.91 8.86 5.26 8.51 3.78 1.91 4.98 5.22 7.11 9.13 2.02 7.54 2.67 5.93 6.20 2.24 9.14 8.36 4.61 8.41 
2.85 10.93 5.33 10.82 7.00 3.52 5.14 8.37 6.80 11.28 4.41 10.12 1.52 6.88 9.39 1.34 11.26 10.84 1.98 8.05 
0.64 9.13 4.93 8.85 4.48 1.78 4.67 5.87 6.75 9.42 2.25 7.96 1.97 5.84 6.88 1.51 9.43 8.75 3.88 8.06 
5.46 4.57 2.17 4.94 6.46 4.31 2.21 6.50 2.70 4.99 4.31 5.12 5.62 0.25 7.50 5.97 4.91 5.37 6.45 3.43 
0.40 8.14 4.31 7.88 3.88 0.94 4.03 5.15 6.16 8.44 1.28 7.01 2.25 4.98 6.21 2.00 8.44 7.79 4.22 7.45 
8.76 0.44 7.10 0.77 6.96 7.78 7.07 5.88 7.49 0.09 7.12 2.20 9.76 5.14 6.22 9.92 0.22 1.47 11.08 7.71 
2.66 7.21 1.73 7.25 5.59 1.70 1.46 6.39 3.57 7.58 2.42 6.84 2.42 2.95 7.51 2.78 7.54 7.42 3.54 4.87 
4.55 6.47 6.84 5.76 0.52 4.39 6.58 1.07 8.51 6.58 3.39 4.42 6.41 6.16 2.03 6.18 6.65 5.31 8.36 9.57 
5.02 8.01 8.08 7.26 1.32 5.21 7.81 2.19 9.83 8.10 4.32 5.87 6.95 7.63 2.49 6.60 8.17 6.75 8.92 10.96 
6.82 1.72 5.14 1.84 5.68 5.79 5.08 4.97 5.77 2.08 5.21 2.20 7.73 3.23 5.65 7.90 2.05 2.27 9.03 6.22 
0.88 8.13 3.53 7.97 4.66 0.66 3.26 5.82 5.36 8.46 1.63 7.25 1.56 4.49 6.91 1.53 8.44 7.97 3.45 6.66 
5.41 3.11 4.46 2.90 4.37 4.43 4.33 3.93 5.53 3.41 3.77 2.47 6.47 2.86 4.80 6.59 3.41 3.01 7.94 6.27 
3.99 4.75 4.55 4.34 2.79 3.21 4.33 2.84 6.07 4.99 2.33 3.42 5.39 3.61 3.91 5.39 5.01 4.20 7.11 7.06 
6.20 2.66 5.64 2.12 4.28 5.33 5.51 3.43 6.68 2.83 4.54 1.32 7.46 4.00 4.09 7.52 2.87 1.99 9.02 7.35 
3.61 4.95 3.98 4.65 3.13 2.74 3.76 3.37 5.55 5.23 1.95 3.85 4.90 3.18 4.47 4.93 5.24 4.59 6.57 6.58 
3.70 6.17 5.82 5.58 1.07 3.42 5.56 1.85 7.51 6.34 2.40 4.37 5.50 5.24 2.94 5.31 6.39 5.24 7.42 8.60 
5.31 4.04 5.77 3.41 2.88 4.61 5.58 2.13 7.12 4.18 3.68 2.22 6.81 4.50 2.99 6.77 4.24 3.08 8.54 7.98 
8.05 2.58 7.65 1.61 5.27 7.27 7.53 3.92 8.54 2.42 6.40 0.74 9.43 5.90 4.04 9.45 2.55 0.86 11.04 9.06 
1.26 9.37 4.33 9.22 5.48 1.89 4.09 6.78 6.04 9.70 2.76 8.47 0.81 5.58 7.84 0.37 9.69 9.21 2.72 7.34 
4.66 4.86 5.72 4.24 2.09 4.09 5.50 1.70 7.22 5.01 3.10 3.03 6.27 4.70 2.75 6.18 5.06 3.90 8.09 8.18 
3.66 8.91 2.38 9.06 7.35 3.19 2.30 8.29 3.54 9.30 4.14 8.75 2.19 4.29 9.41 2.76 9.25 9.29 1.99 4.76 
6.08 5.77 1.86 6.28 7.79 4.99 2.07 7.96 1.28 6.20 5.26 6.59 5.74 1.56 8.98 6.20 6.10 6.77 6.10 1.93 
1.92 7.22 4.91 6.81 2.37 1.85 4.63 3.61 6.75 7.47 1.02 5.79 3.77 4.97 4.67 3.54 7.49 6.62 5.72 7.97 
4.11 8.60 1.94 8.82 7.59 3.50 1.93 8.42 2.92 9.01 4.38 8.61 2.79 3.91 9.54 3.35 8.95 9.09 2.54 4.13 
5.45 7.46 1.30 7.86 8.13 4.54 1.56 8.63 0.95 7.88 5.15 7.96 4.58 2.81 9.73 5.11 7.80 8.28 4.49 2.20 
4.39 5.79 0.95 6.04 6.23 3.28 0.89 6.60 2.33 6.20 3.54 5.97 4.30 1.13 7.68 4.69 6.13 6.37 5.09 3.47 
3.56 6.30 1.06 6.44 5.77 2.48 0.81 6.32 2.87 6.69 2.86 6.19 3.49 1.88 7.43 3.86 6.64 6.68 4.44 4.11 
6.67 6.46 8.58 5.57 2.49 6.47 8.36 1.25 10.11 6.43 5.45 4.15 8.53 7.56 0.14 8.30 6.53 4.92 10.46 11.05 
5.55 7.69 1.50 8.10 8.32 4.67 1.75 8.85 1.04 8.12 5.31 8.20 4.60 3.05 9.94 5.14 8.03 8.51 4.40 2.21 
5.74 5.65 1.61 6.10 7.42 4.64 1.79 7.61 1.48 6.07 4.89 6.35 5.47 1.23 8.63 5.91 5.98 6.57 5.93 2.28 
5.31 4.34 2.36 4.66 6.13 4.17 2.35 6.14 3.05 4.76 4.08 4.78 5.60 0.40 7.13 5.92 4.69 5.06 6.54 3.80 
4.65 9.58 2.89 9.81 8.40 4.23 2.90 9.31 3.50 9.99 5.18 9.61 3.02 4.87 10.43 3.58 9.92 10.09 2.05 4.57 
4.50 5.51 6.11 4.86 1.41 4.09 5.88 1.25 7.70 5.65 3.07 3.58 6.24 5.26 2.37 6.09 5.71 4.47 8.12 8.71 
4.88 8.90 2.21 9.18 8.32 4.26 2.29 9.10 2.63 9.31 5.12 9.08 3.48 4.17 10.22 4.05 9.24 9.51 2.87 3.71 
6.69 7.29 9.02 6.41 2.48 6.64 8.78 1.73 10.61 7.27 5.64 4.98 8.60 8.14 0.96 8.32 7.37 5.76 10.56 11.61 
0.24 8.28 4.28 8.02 4.06 0.96 4.00 5.34 6.13 8.58 1.43 7.17 2.07 5.02 6.40 1.81 8.58 7.95 4.04 7.42 
4.72 8.19 1.51 8.48 7.89 3.97 1.62 8.59 2.09 8.60 4.74 8.41 3.58 3.46 9.71 4.13 8.53 8.82 3.35 3.29 
1.41 7.11 3.79 6.85 3.46 0.74 3.51 4.52 5.65 7.41 0.30 6.03 2.88 4.13 5.62 2.80 7.41 6.79 4.76 6.90 
5.40 5.78 1.27 6.19 7.20 4.31 1.45 7.45 1.50 6.21 4.59 6.36 5.12 1.19 8.49 5.56 6.12 6.63 5.61 2.47 
7.18 6.14 2.85 6.77 8.88 6.11 3.10 8.97 1.46 6.56 6.39 7.29 6.72 2.58 9.96 7.20 6.45 7.35 6.85 1.13 
6.16 5.43 7.61 4.58 2.32 5.79 7.40 0.76 9.07 5.44 4.77 3.15 7.93 6.49 0.99 7.76 5.53 3.98 9.82 9.97 
6.17 2.71 4.01 2.99 5.81 5.08 3.97 5.40 4.61 3.12 4.67 3.26 6.86 2.07 6.24 7.09 3.05 3.43 8.03 5.13 
8.61 1.70 5.95 2.62 7.84 7.52 6.00 7.09 5.90 2.03 7.10 3.81 9.22 4.01 7.68 9.48 1.89 3.37 10.22 5.89 
9.69 1.18 7.74 1.74 7.97 8.69 7.74 6.86 7.93 0.93 8.06 3.16 10.62 5.77 7.15 10.80 0.90 2.35 11.85 7.99 
4.69 4.14 4.93 3.68 3.03 3.90 4.74 2.70 6.32 4.36 3.03 2.73 6.07 3.74 3.68 6.08 4.39 3.51 7.76 7.22 
5.63 3.49 5.66 2.89 3.44 4.85 5.49 2.64 6.89 3.64 3.97 1.79 7.02 4.23 3.41 7.03 3.69 2.62 8.69 7.68 
6.19 5.65 2.00 6.17 7.82 5.09 2.21 7.96 1.41 6.07 5.34 6.52 5.89 1.55 8.97 6.34 5.98 6.68 6.26 1.95 
7.29 3.67 7.59 2.74 4.10 6.64 7.43 2.68 8.72 3.60 5.69 1.36 8.84 6.05 2.75 8.79 3.71 2.06 10.57 9.41 
6.56 2.28 4.43 2.60 5.96 5.48 4.40 5.44 4.97 2.68 5.02 3.00 7.29 2.48 6.22 7.51 2.62 3.08 8.47 5.41 
9.87 2.01 8.60 1.67 7.48 8.97 8.55 6.17 9.05 1.59 8.21 2.60 11.04 6.66 6.23 11.14 1.70 1.73 12.46 9.27 
8.71 0.60 7.16 0.59 6.81 7.74 7.12 5.70 7.60 0.30 7.06 2.01 9.75 5.21 6.03 9.89 0.43 1.26 11.09 7.84 
6.78 5.27 8.05 4.37 2.94 6.38 7.85 1.38 9.44 5.23 5.36 2.95 8.54 6.81 1.10 8.38 5.34 3.71 10.41 10.29 
8.94 2.63 8.38 1.74 6.10 8.15 8.28 4.70 9.15 2.34 7.28 1.56 10.30 6.56 4.67 10.33 2.48 1.11 11.89 9.58 
4.50 5.78 0.93 6.04 6.34 3.40 0.91 6.69 2.23 6.19 3.66 6.00 4.39 1.09 7.77 4.79 6.12 6.39 5.14 3.35 
3.20 10.48 4.40 10.48 7.41 3.46 4.25 8.65 5.70 10.85 4.47 9.93 1.30 6.13 9.73 1.61 10.82 10.58 0.79 6.91 
8.54 1.11 6.16 2.04 7.49 7.46 6.18 6.65 6.27 1.45 6.97 3.27 9.26 4.19 7.20 9.49 1.32 2.79 10.36 6.34 
3.75 11.66 5.75 11.59 7.91 4.35 5.59 9.28 7.05 12.02 5.28 10.94 2.22 7.44 10.31 2.18 11.99 11.64 1.76 8.25 
1.60 8.26 3.01 8.19 5.39 1.22 2.76 6.47 4.77 8.62 2.24 7.60 1.19 4.26 7.58 1.45 8.59 8.27 2.84 6.08 
7.36 1.84 6.53 1.05 5.18 6.48 6.43 4.09 7.35 1.88 5.69 0.58 8.59 4.73 4.51 8.66 1.96 0.85 10.10 7.87 
8.88 0.88 7.42 0.64 6.86 7.93 7.38 5.70 7.88 0.52 7.22 1.99 9.96 5.48 5.97 10.09 0.66 1.17 11.33 8.13 
0.57 8.11 3.82 7.91 4.35 0.63 3.55 5.55 5.66 8.43 1.42 7.14 1.80 4.66 6.63 1.67 8.43 7.88 3.74 6.97 
7.83 4.27 4.07 5.03 8.49 6.69 4.23 8.22 3.39 4.67 6.66 5.81 7.86 2.63 9.07 8.25 4.54 5.69 8.40 3.15 
