7.30 3.84 5.90 2.48 9.85 2.86 3.81 4.36 1.53 5.19 
2.48 8.09 4.58 8.92 0.44 6.71 5.82 9.21 9.73 6.34 
4.19 1.72 4.61 2.26 6.87 1.55 2.52 2.96 3.22 5.11 
8.20 7.88 4.96 6.93 9.96 5.20 4.75 8.78 6.28 3.21 
5.95 0.66 6.91 1.93 8.54 3.63 4.79 0.80 3.16 7.34 
2.20 4.94 5.48 6.19 3.94 5.07 4.98 5.83 7.30 6.98 
4.05 3.13 6.48 4.59 6.25 4.58 5.11 3.72 5.82 7.58 
4.82 3.03 3.82 2.61 7.37 0.39 1.52 4.12 2.86 3.76 
3.69 1.98 4.54 2.80 6.36 1.93 2.66 3.20 3.81 5.25 
6.59 0.99 7.21 1.43 9.22 3.73 4.99 0.46 2.54 7.45 
3.24 2.38 4.41 3.29 5.90 2.24 2.73 3.56 4.31 5.28 
3.23 8.83 5.25 9.68 0.61 7.48 6.58 9.94 10.50 6.98 
4.29 2.77 6.53 4.24 6.56 4.42 5.04 3.33 5.49 7.56 
3.56 2.79 3.53 3.09 6.20 1.01 1.51 4.03 3.79 4.10 
4.99 5.05 8.03 6.54 6.49 6.59 6.99 5.37 7.79 9.33 
4.47 2.04 4.36 2.11 7.13 0.97 2.14 3.23 2.85 4.66 
6.01 2.34 5.32 1.29 8.64 1.77 3.03 3.11 1.38 5.11 
6.42 7.09 3.08 6.46 8.08 4.15 3.33 8.15 6.14 1.32 
4.38 4.67 7.39 6.14 6.01 6.01 6.37 5.13 7.38 8.70 
3.76 5.00 6.95 6.43 5.24 5.95 6.15 5.60 7.64 8.35 
5.68 1.36 7.10 2.79 8.18 4.10 5.13 1.45 4.03 7.72 
1.00 6.08 4.48 7.09 2.26 5.30 4.76 7.13 8.04 6.18 
5.59 6.27 2.43 5.74 7.41 3.30 2.41 7.37 5.56 0.90 
6.02 4.43 4.01 3.55 8.39 1.95 2.24 5.35 3.18 3.19 
5.92 1.92 5.49 0.95 8.58 1.88 3.18 2.71 1.41 5.39 
4.03 6.63 0.52 6.57 5.42 3.82 2.52 7.85 6.77 1.35 
8.21 4.50 6.72 3.04 10.77 3.78 4.70 4.83 1.86 5.86 
2.64 2.97 4.24 3.93 5.28 2.67 2.89 4.11 4.95 5.31 
4.59 1.66 6.21 3.12 7.09 3.58 4.42 2.37 4.36 7.01 
6.79 6.61 3.71 5.80 8.68 3.81 3.29 7.59 5.35 2.09 
6.91 1.67 6.89 0.53 9.59 3.28 4.59 1.69 1.28 6.84 
1.08 5.04 4.38 6.09 3.28 4.48 4.15 6.09 7.08 5.94 
3.23 6.26 6.72 7.59 3.93 6.59 6.47 7.02 8.74 8.32 
3.68 5.32 6.97 6.73 5.00 6.15 6.28 5.95 7.94 8.42 
2.95 6.13 6.45 7.43 3.74 6.36 6.21 6.92 8.57 8.05 
8.54 4.51 7.18 3.02 11.12 4.12 5.11 4.71 1.78 6.36 
3.03 4.48 6.10 5.84 4.84 5.14 5.29 5.24 7.02 7.49 
8.47 3.63 7.73 2.20 11.13 4.28 5.49 3.50 1.15 7.22 
8.75 4.02 7.87 2.57 11.40 4.49 5.66 3.91 1.44 7.27 
1.77 4.16 4.55 5.27 4.18 3.93 3.84 5.19 6.31 5.94 
2.35 3.83 2.78 4.34 4.94 2.09 1.66 5.06 5.06 3.87 
8.03 5.80 5.70 4.56 10.34 3.89 4.24 6.45 3.64 4.42 
8.35 4.97 6.61 3.54 10.85 3.93 4.72 5.36 2.40 5.62 
8.89 3.69 8.40 2.44 11.56 4.87 6.13 3.27 1.75 7.99 
2.16 6.15 5.67 7.34 2.96 5.96 5.66 7.06 8.41 7.32 
5.83 0.73 6.12 0.81 8.50 2.61 3.87 1.56 2.05 6.31 
5.79 2.95 7.92 4.40 8.00 5.39 6.22 2.90 5.64 8.81 
3.26 5.67 0.66 5.73 5.08 2.98 1.69 6.90 6.06 1.93 
0.65 5.98 3.04 6.72 2.51 4.49 3.68 7.15 7.50 4.76 
8.37 5.66 6.22 4.32 10.75 4.08 4.60 6.19 3.29 5.02 
6.43 6.68 3.25 5.98 8.24 3.79 3.10 7.71 5.62 1.57 
4.91 4.92 2.51 4.46 7.08 1.95 1.24 6.03 4.42 1.89 
6.36 2.98 5.30 1.81 8.96 1.96 3.08 3.69 1.41 4.87 
5.12 1.59 5.02 1.42 7.79 1.47 2.74 2.68 2.23 5.18 
8.98 4.07 8.21 2.68 11.64 4.78 5.98 3.83 1.66 7.65 
3.11 5.97 0.45 6.10 4.75 3.36 2.08 7.21 6.46 2.10 
2.12 7.34 2.86 7.92 2.18 5.44 4.38 8.54 8.57 4.60 
2.15 6.42 5.66 7.60 2.68 6.14 5.77 7.35 8.65 7.34 
3.32 5.88 0.44 5.95 5.02 3.20 1.90 7.11 6.27 1.87 
6.31 6.94 3.00 6.31 8.00 4.00 3.18 8.01 6.01 1.25 
7.27 1.86 7.33 0.96 9.94 3.72 5.03 1.56 1.51 7.28 
6.08 2.71 8.04 4.11 8.36 5.33 6.24 2.51 5.33 8.84 
5.93 5.00 3.54 4.23 8.16 2.28 2.14 5.99 3.89 2.53 
2.50 6.59 1.36 6.93 3.65 4.28 3.08 7.83 7.42 3.11 
6.69 6.81 9.92 8.30 7.71 8.56 8.96 6.91 9.56 11.28 
4.26 5.39 1.53 5.16 6.24 2.45 1.25 6.57 5.28 1.35 
5.31 2.99 4.23 2.33 7.87 0.87 1.97 3.99 2.42 4.01 
3.82 6.55 7.31 7.93 4.39 7.08 7.01 7.22 9.10 8.91 
6.31 6.58 9.55 8.07 7.35 8.24 8.62 6.74 9.33 10.92 
5.40 5.81 8.59 7.31 6.62 7.32 7.67 6.10 8.56 9.96 
1.56 5.85 5.07 6.98 2.79 5.45 5.08 6.83 8.01 6.72 
6.13 6.35 3.03 5.68 7.99 3.44 2.75 7.40 5.37 1.45 
2.43 7.22 2.21 7.67 2.87 5.09 3.94 8.44 8.24 3.92 
4.15 1.85 5.80 3.24 6.67 3.33 4.08 2.72 4.45 6.65 
5.12 5.82 8.35 7.31 6.29 7.20 7.50 6.18 8.56 9.75 
4.27 5.04 7.41 6.50 5.74 6.24 6.52 5.54 7.74 8.78 
4.39 3.53 6.97 5.01 6.43 5.12 5.65 3.99 6.26 8.11 
8.54 2.96 8.75 2.39 11.20 5.15 6.45 2.05 2.58 8.67 
3.77 1.88 4.66 2.75 6.44 2.02 2.77 3.09 3.79 5.37 
4.71 5.22 2.09 4.84 6.77 2.24 1.27 6.36 4.86 1.50 
