11.89 3.98 3.17 2.47 5.79 6.29 6.49 10.67 4.57 3.90 5.21 8.16 3.63 6.70 2.61 6.76 5.33 11.03 10.67 5.63 9.28 7.95 6.92 5.99 6.79 8.55 2.77 3.18 9.52 6.89 
7.27 5.60 6.66 5.23 7.93 0.50 2.70 7.55 2.70 3.26 6.14 3.09 3.09 3.22 5.10 1.00 1.41 6.48 7.57 6.75 8.34 7.88 1.55 7.13 3.42 6.04 4.64 5.99 5.78 2.34 
10.55 2.60 2.02 1.08 4.62 5.42 6.21 9.28 4.20 3.60 3.85 7.79 2.87 6.52 1.23 5.76 4.48 9.70 9.27 4.31 7.91 6.61 5.84 4.69 5.49 7.15 1.47 1.86 8.15 6.51 
6.37 5.44 6.24 7.09 3.92 8.57 11.27 3.83 9.84 9.72 4.17 12.03 8.39 11.78 7.01 7.99 8.40 5.96 3.79 3.71 0.80 1.40 7.50 3.37 5.54 3.30 7.16 6.16 4.63 11.12 
4.88 5.39 6.47 6.97 4.58 7.58 10.38 2.37 9.15 9.14 4.20 10.98 7.83 10.91 6.86 6.92 7.56 4.44 2.33 3.94 0.73 1.91 6.39 3.73 4.49 1.95 6.91 6.23 3.13 10.17 
4.68 3.90 5.22 5.29 4.19 5.44 8.23 2.93 7.03 7.05 2.99 8.86 5.78 8.76 5.16 4.81 5.41 3.95 2.91 3.07 2.57 2.47 4.30 3.11 2.35 0.83 5.11 4.80 2.26 8.03 
0.34 8.07 9.47 9.15 8.57 6.92 9.63 2.45 9.30 9.62 7.35 9.47 8.67 10.13 9.00 6.08 7.49 0.53 2.49 7.48 5.44 6.35 5.58 7.51 4.80 3.64 8.80 8.96 2.18 9.19 
6.83 1.55 2.95 2.92 2.95 4.60 7.00 5.31 5.40 5.24 1.16 8.02 3.90 7.49 2.79 4.30 4.16 6.02 5.30 1.70 4.18 3.17 3.98 2.06 2.41 3.19 2.80 2.45 4.36 6.95 
1.19 7.55 8.96 8.52 8.29 6.06 8.75 2.78 8.46 8.80 6.94 8.59 7.89 9.25 8.37 5.23 6.66 0.54 2.82 7.14 5.54 6.27 4.73 7.21 4.11 3.42 8.14 8.42 1.86 8.31 
0.72 8.81 10.22 9.82 9.40 7.25 9.85 3.26 9.69 10.05 8.14 9.54 9.17 10.33 9.66 6.42 7.89 1.27 3.31 8.29 6.29 7.20 5.94 8.33 5.41 4.48 9.43 9.68 2.97 9.37 
8.19 4.19 4.53 5.77 1.93 8.49 10.89 5.78 9.19 8.92 3.04 11.94 7.60 11.37 5.73 8.11 8.08 7.63 5.74 2.41 2.82 1.64 7.71 1.98 5.83 4.51 6.00 4.66 6.05 10.87 
7.01 1.51 2.80 3.06 2.47 5.10 7.47 5.33 5.83 5.63 0.72 8.52 4.29 7.95 2.95 4.80 4.65 6.22 5.31 1.21 3.91 2.79 4.48 1.56 2.84 3.24 3.03 2.40 4.53 7.44 
9.90 1.65 0.40 2.07 2.36 6.52 8.05 8.15 6.08 5.59 2.32 9.48 4.49 8.43 2.13 6.57 5.73 9.10 8.14 2.48 6.17 4.75 6.45 2.75 5.36 6.12 2.58 1.04 7.43 8.23 
7.75 3.73 4.70 3.24 6.20 1.49 3.45 7.35 2.08 2.24 4.48 4.56 1.35 3.95 3.11 1.86 0.67 6.89 7.36 5.11 7.39 6.64 2.08 5.52 2.86 5.47 2.66 4.03 5.74 3.43 
10.16 3.06 3.02 1.45 5.45 4.35 4.93 9.18 2.92 2.32 4.31 6.52 1.70 5.24 1.49 4.80 3.39 9.29 9.18 4.87 8.23 7.06 4.98 5.29 5.02 7.08 1.29 2.61 7.86 5.24 
6.18 5.22 6.44 5.19 7.35 1.08 3.83 6.42 3.55 4.00 5.55 4.12 3.46 4.35 5.05 0.28 1.85 5.38 6.44 6.12 7.34 7.00 0.48 6.46 2.44 4.97 4.63 5.76 4.65 3.47 
7.22 2.42 3.26 4.07 1.62 6.44 8.84 5.15 7.18 6.96 1.15 9.87 5.62 9.32 3.99 6.08 6.02 6.51 5.13 0.71 3.00 1.64 5.71 0.55 3.90 3.31 4.18 3.13 4.83 8.80 
4.85 4.80 5.93 6.36 4.23 6.95 9.74 2.49 8.50 8.48 3.65 10.37 7.18 10.27 6.25 6.31 6.91 4.31 2.45 3.45 1.10 1.71 5.79 3.29 3.87 1.45 6.28 5.66 2.84 9.54 
4.75 6.87 8.21 7.15 8.64 3.10 5.36 5.78 5.57 6.08 6.89 5.01 5.59 5.82 6.99 2.41 3.97 4.09 5.81 7.36 7.56 7.63 2.20 7.63 3.34 5.02 6.61 7.54 4.06 4.86 
6.38 4.60 5.80 4.56 6.78 1.00 3.87 6.36 3.25 3.62 4.98 4.41 2.93 4.40 4.41 0.45 1.45 5.55 6.38 5.56 7.02 6.57 0.52 5.92 2.11 4.75 4.00 5.12 4.63 3.60 
4.34 4.04 5.44 5.21 4.85 4.59 7.43 3.13 6.38 6.48 3.39 7.97 5.28 7.96 5.06 3.91 4.68 3.52 3.13 3.64 3.50 3.43 3.38 3.77 1.51 1.18 4.93 4.93 1.88 7.19 
10.41 8.70 9.44 7.80 11.22 4.04 1.83 11.10 3.85 4.46 9.51 0.66 5.35 1.63 7.72 4.67 4.38 9.72 11.13 10.14 12.02 11.51 5.21 10.55 7.11 9.72 7.26 8.83 9.32 1.62 
4.12 4.27 5.68 5.38 5.15 4.48 7.33 3.08 6.36 6.49 3.67 7.81 5.32 7.86 5.23 3.77 4.62 3.29 3.09 3.93 3.72 3.71 3.23 4.07 1.44 1.28 5.07 5.15 1.69 7.07 
7.31 1.14 2.48 2.68 2.49 4.98 7.25 5.68 5.56 5.34 0.69 8.36 4.00 7.73 2.57 4.74 4.47 6.50 5.67 1.30 4.28 3.12 4.45 1.70 2.94 3.59 2.67 2.04 4.83 7.25 
7.43 2.26 3.41 2.28 4.66 2.83 4.97 6.55 3.36 3.25 2.94 6.10 1.94 5.45 2.13 2.82 2.20 6.57 6.55 3.57 6.09 5.21 2.74 3.98 2.30 4.50 1.79 2.73 5.15 4.97 
5.70 6.00 7.26 6.07 8.01 1.82 4.25 6.28 4.30 4.80 6.22 4.18 4.35 4.74 5.92 1.17 2.70 4.95 6.31 6.75 7.58 7.40 1.13 7.07 2.85 5.10 5.51 6.59 4.50 3.80 
7.30 1.23 2.63 2.24 3.33 4.11 6.33 5.97 4.66 4.46 1.57 7.45 3.12 6.81 2.10 3.94 3.56 6.46 5.96 2.21 4.98 3.95 3.71 2.62 2.49 3.85 2.04 2.03 4.86 6.33 
0.78 7.90 9.27 9.09 8.18 7.25 10.02 1.77 9.56 9.83 7.09 9.97 8.81 10.53 8.94 6.42 7.74 0.93 1.82 7.15 4.83 5.83 5.88 7.14 4.87 3.29 8.77 8.80 2.02 9.61 
12.65 5.22 4.59 3.59 7.21 6.39 5.92 11.67 4.24 3.57 6.48 7.61 3.83 6.02 3.70 7.00 5.45 11.78 11.66 6.95 10.52 9.25 7.27 7.33 7.51 9.56 3.69 4.50 10.37 6.40 
5.76 4.08 5.10 5.70 3.27 6.93 9.62 3.45 8.22 8.12 2.86 10.40 6.80 10.14 5.60 6.38 6.76 5.17 3.42 2.57 1.25 0.83 5.90 2.37 3.93 2.06 5.69 4.89 3.59 9.48 
5.84 5.20 6.46 5.28 7.25 1.41 4.17 6.08 3.86 4.29 5.45 4.43 3.68 4.69 5.13 0.57 2.12 5.04 6.11 6.00 7.07 6.78 0.33 6.33 2.21 4.68 4.73 5.78 4.31 3.81 
11.76 3.82 3.00 2.32 5.62 6.22 6.50 10.52 4.56 3.89 5.04 8.16 3.56 6.72 2.46 6.67 5.26 10.90 10.51 5.46 9.11 7.78 6.83 5.82 6.66 8.40 2.63 3.01 9.37 6.88 
8.26 1.10 1.76 2.68 1.50 5.98 8.04 6.43 6.22 5.89 0.62 9.26 4.60 8.49 2.64 5.81 5.36 7.49 6.41 0.81 4.51 3.14 5.56 1.19 4.09 4.42 2.91 1.64 5.79 8.10 
9.20 5.98 6.70 5.07 8.52 1.98 1.05 9.31 1.26 1.95 6.85 2.41 2.62 1.55 4.98 2.81 1.83 8.40 9.33 7.49 9.72 9.03 3.35 7.90 4.94 7.63 4.52 6.09 7.58 1.14 
10.53 7.89 8.52 6.86 10.44 3.65 0.90 10.96 2.85 3.43 8.79 1.31 4.44 0.51 6.79 4.40 3.74 9.79 10.98 9.43 11.59 10.96 4.96 9.85 6.74 9.41 6.34 7.94 9.19 1.07 
10.76 3.14 2.72 1.50 5.30 5.17 5.67 9.64 3.68 3.04 4.41 7.29 2.52 5.94 1.61 5.60 4.21 9.90 9.63 4.91 8.44 7.18 5.75 5.31 5.64 7.52 1.66 2.49 8.41 6.00 
9.62 1.24 0.30 1.39 2.78 5.86 7.36 8.02 5.38 4.90 2.25 8.79 3.80 7.74 1.44 5.95 5.05 8.80 8.00 2.58 6.27 4.90 5.86 2.92 4.90 5.93 1.89 0.40 7.15 7.54 
12.66 5.05 4.33 3.45 6.95 6.55 6.23 11.60 4.49 3.81 6.30 7.92 3.95 6.34 3.57 7.13 5.60 11.79 11.59 6.75 10.36 9.06 7.37 7.12 7.52 9.48 3.61 4.29 10.34 6.69 
7.32 1.51 2.84 2.16 3.77 3.69 5.89 6.13 4.23 4.06 2.02 7.01 2.72 6.37 2.01 3.55 3.11 6.47 6.13 2.65 5.33 4.35 3.36 3.06 2.34 4.02 1.86 2.19 4.92 5.89 
10.23 8.11 8.82 7.17 10.64 3.59 1.20 10.78 3.21 3.82 8.94 0.73 4.73 1.02 7.09 4.27 3.83 9.51 10.81 9.58 11.57 11.01 4.82 9.99 6.68 9.32 6.64 8.21 9.00 1.04 
8.85 7.99 8.92 7.36 10.40 2.98 2.15 9.64 3.77 4.45 8.63 0.94 4.96 2.35 7.25 3.42 3.60 8.17 9.67 9.25 10.77 10.39 3.91 9.63 5.87 8.38 6.79 8.27 7.86 1.59 
5.87 2.74 4.02 4.22 3.12 5.29 7.92 4.10 6.49 6.40 1.78 8.77 5.08 8.43 4.10 4.81 5.05 5.11 4.08 1.92 2.94 2.18 4.38 2.04 2.47 2.03 4.12 3.63 3.41 7.80 
2.96 5.66 7.00 6.96 5.87 6.10 8.97 1.32 8.10 8.24 4.78 9.29 7.07 9.50 6.82 5.33 6.34 2.32 1.33 4.83 2.98 3.67 4.77 4.82 3.18 0.97 6.71 6.56 0.86 8.66 
7.97 3.68 4.59 3.09 6.17 1.67 3.42 7.53 1.93 2.03 4.48 4.60 1.12 3.90 2.96 2.08 0.77 7.11 7.54 5.12 7.50 6.71 2.32 5.53 3.04 5.63 2.50 3.93 5.94 3.43 
11.92 4.89 4.52 3.24 7.12 5.47 5.00 11.07 3.29 2.63 6.16 6.69 2.98 5.12 3.32 6.11 4.55 11.05 11.06 6.69 10.14 8.93 6.41 7.09 6.80 8.98 3.20 4.30 9.69 5.47 
8.56 3.03 3.23 4.54 0.62 7.72 9.93 6.33 8.14 7.82 2.07 11.09 6.53 10.40 4.51 7.44 7.20 7.90 6.30 1.45 3.67 2.24 7.11 1.09 5.37 4.69 4.82 3.40 6.23 9.96 
5.55 4.72 5.72 6.34 3.76 7.41 10.14 3.11 8.79 8.72 3.49 10.86 7.39 10.66 6.24 6.81 7.29 5.04 3.08 3.17 0.63 1.09 6.31 2.94 4.36 2.15 6.32 5.52 3.57 9.98 
9.95 3.92 4.18 2.53 6.45 3.45 3.66 9.29 1.66 1.04 5.09 5.27 0.95 3.96 2.50 4.06 2.51 9.09 9.30 5.70 8.76 7.72 4.35 6.13 4.89 7.27 2.13 3.69 7.81 3.98 
10.02 6.70 7.30 5.64 9.26 2.84 0.42 10.19 1.64 2.23 7.63 2.11 3.22 0.74 5.57 3.67 2.70 9.23 10.21 8.27 10.60 9.88 4.21 8.69 5.83 8.52 5.13 6.72 8.46 0.95 
6.47 3.77 5.00 3.84 5.96 1.59 4.31 6.12 3.30 3.52 4.16 5.07 2.56 4.84 3.69 1.28 1.53 5.61 6.13 4.75 6.44 5.88 1.14 5.11 1.65 4.33 3.30 4.33 4.47 4.13 
1.39 7.57 8.99 8.50 8.39 5.90 8.56 3.03 8.32 8.68 7.01 8.36 7.80 9.05 8.35 5.07 6.52 0.81 3.07 7.22 5.74 6.43 4.58 7.31 4.07 3.56 8.10 8.43 2.01 8.11 
6.33 2.10 3.52 3.20 3.65 4.01 6.54 5.03 5.07 5.00 1.88 7.47 3.68 7.05 3.05 3.65 3.68 5.50 5.02 2.39 4.35 3.54 3.30 2.72 1.70 2.92 2.95 2.96 3.89 6.45 
11.35 5.43 5.46 3.89 7.89 4.41 3.43 10.84 1.97 1.43 6.63 5.12 2.45 3.52 3.91 5.16 3.60 10.49 10.84 7.23 10.36 9.31 5.56 7.66 6.39 8.84 3.61 5.06 9.30 3.93 
6.63 3.44 4.67 3.51 5.66 1.82 4.43 6.16 3.26 3.42 3.87 5.28 2.37 4.95 3.36 1.60 1.58 5.77 6.17 4.47 6.32 5.69 1.47 4.84 1.66 4.30 2.98 3.99 4.56 4.29 
11.45 3.31 2.37 1.97 4.97 6.29 6.85 10.10 4.87 4.22 4.50 8.48 3.68 7.11 2.13 6.67 5.34 10.59 10.08 4.87 8.55 7.20 6.77 5.22 6.41 7.98 2.41 2.46 9.03 7.20 
7.84 4.25 5.19 3.69 6.72 1.10 2.97 7.61 1.82 2.12 4.99 4.04 1.57 3.48 3.57 1.66 0.16 7.00 7.62 5.63 7.81 7.11 2.01 6.04 3.14 5.80 3.11 4.53 5.95 2.92 
2.26 6.29 7.64 7.53 6.57 6.26 9.12 1.14 8.39 8.59 5.45 9.32 7.47 9.64 7.38 5.46 6.60 1.64 1.17 5.52 3.56 4.35 4.90 5.52 3.52 1.66 7.25 7.18 0.65 8.78 
6.95 2.54 3.47 4.20 1.88 6.34 8.79 4.88 7.18 6.98 1.27 9.79 5.64 9.29 4.11 5.95 5.96 6.24 4.86 0.94 2.80 1.50 5.56 0.83 3.72 3.04 4.27 3.30 4.56 8.74 
6.24 5.50 6.32 7.15 4.03 8.54 11.25 3.70 9.85 9.74 4.23 12.00 8.41 11.77 7.06 7.95 8.39 5.84 3.66 3.78 0.69 1.46 7.45 3.45 5.50 3.22 7.20 6.23 4.53 11.10 
8.24 0.27 1.62 1.57 2.81 4.82 6.74 6.76 4.90 4.57 1.39 8.01 3.28 7.18 1.48 4.77 4.13 7.42 6.74 1.98 5.37 4.14 4.61 2.41 3.50 4.64 1.65 1.03 5.78 6.82 
6.78 2.45 3.47 4.09 2.08 6.09 8.56 4.78 6.97 6.78 1.20 9.54 5.44 9.06 4.00 5.69 5.72 6.06 4.75 1.01 2.86 1.65 5.30 1.00 3.46 2.88 4.13 3.24 4.37 8.50 
3.36 5.40 6.82 6.26 6.54 4.12 6.96 3.31 6.37 6.64 4.98 7.14 5.65 7.48 6.11 3.30 4.55 2.49 3.34 5.30 4.88 5.07 2.75 5.46 1.83 2.33 5.86 6.24 1.53 6.60 
11.25 3.35 2.65 1.82 5.27 5.80 6.25 10.02 4.28 3.63 4.59 7.89 3.16 6.50 1.96 6.22 4.84 10.39 10.01 5.03 8.65 7.34 6.36 5.40 6.15 7.90 2.12 2.58 8.86 6.61 
7.40 4.28 4.86 5.92 2.40 8.17 10.69 4.96 9.09 8.87 3.04 11.64 7.54 11.19 5.86 7.72 7.84 6.85 4.93 2.47 2.01 0.90 7.29 2.06 5.36 3.78 6.08 4.88 5.31 10.62 
4.90 3.62 4.95 4.99 4.03 5.22 7.99 3.22 6.76 6.77 2.75 8.66 5.49 8.52 4.86 4.62 5.16 4.15 3.21 2.87 2.77 2.52 4.12 2.95 2.16 1.10 4.81 4.52 2.45 7.80 
4.33 4.07 5.45 5.31 4.72 4.88 7.71 2.95 6.63 6.71 3.34 8.27 5.49 8.24 5.17 4.21 4.94 3.54 2.95 3.53 3.21 3.17 3.68 3.64 1.79 0.92 5.05 4.97 1.85 7.48 
6.09 2.32 3.74 3.47 3.70 4.12 6.70 4.76 5.28 5.23 1.96 7.59 3.92 7.21 3.32 3.70 3.84 5.25 4.75 2.43 4.13 3.38 3.32 2.72 1.60 2.65 3.22 3.19 3.63 6.59 
3.96 4.89 6.31 5.68 6.19 3.62 6.48 3.74 5.80 6.05 4.56 6.77 5.05 7.01 5.53 2.82 3.99 3.10 3.76 4.93 4.94 4.96 2.27 5.14 1.24 2.43 5.27 5.71 1.99 6.15 
4.40 6.68 8.04 7.04 8.36 3.22 5.63 5.37 5.71 6.19 6.63 5.36 5.61 6.10 6.89 2.47 4.04 3.72 5.40 7.08 7.17 7.27 2.17 7.34 3.07 4.63 6.52 7.38 3.65 5.14 
4.31 4.11 5.48 5.39 4.67 5.03 7.86 2.85 6.77 6.85 3.34 8.42 5.62 8.39 5.24 4.36 5.09 3.54 2.84 3.50 3.06 3.05 3.83 3.59 1.94 0.78 5.14 5.01 1.84 7.63 
7.10 1.35 2.77 2.46 3.28 4.18 6.47 5.74 4.84 4.66 1.49 7.55 3.32 6.96 2.33 3.96 3.67 6.27 5.73 2.10 4.75 3.75 3.70 2.50 2.36 3.62 2.28 2.19 4.66 6.45 
9.81 7.17 7.87 6.22 9.71 2.85 0.33 10.17 2.28 2.91 8.03 1.37 3.78 0.64 6.14 3.60 2.95 9.05 10.19 8.67 10.78 10.16 4.16 9.08 5.93 8.60 5.69 7.27 8.40 0.33 
6.14 4.23 5.49 4.34 6.34 1.47 4.31 5.97 3.53 3.82 4.54 4.90 2.97 4.84 4.19 0.91 1.71 5.29 5.98 5.11 6.53 6.08 0.64 5.46 1.63 4.30 3.80 4.81 4.26 4.06 
9.40 2.10 2.32 0.65 4.57 4.20 5.35 8.29 3.36 2.88 3.34 6.83 1.82 5.72 0.60 4.50 3.29 8.53 8.28 3.91 7.25 6.08 4.57 4.34 4.28 6.18 0.32 1.79 7.04 5.57 
7.99 5.22 5.65 6.84 3.06 9.22 11.73 5.47 10.11 9.88 4.02 12.69 8.55 12.23 6.79 8.76 8.89 7.52 5.43 3.41 2.40 1.82 8.32 2.99 6.38 4.60 7.04 5.76 6.08 11.67 
7.80 3.91 4.38 5.52 1.86 8.08 10.51 5.42 8.84 8.59 2.72 11.53 7.26 11.00 5.47 7.68 7.69 7.22 5.38 2.10 2.54 1.25 7.28 1.67 5.39 4.08 5.72 4.45 5.63 10.47 
10.70 8.92 9.63 7.98 11.44 4.32 1.99 11.40 4.00 4.60 9.74 0.95 5.54 1.71 7.90 4.96 4.62 10.02 11.42 10.38 12.30 11.77 5.50 10.79 7.39 10.00 7.45 9.03 9.61 1.84 
5.34 6.95 8.24 7.08 8.84 2.76 4.84 6.33 5.19 5.73 7.07 4.42 5.36 5.29 6.93 2.19 3.69 4.68 6.36 7.57 8.01 7.99 2.12 7.86 3.57 5.47 6.53 7.57 4.59 4.32 
5.13 4.89 5.96 6.48 4.11 7.27 10.04 2.70 8.76 8.72 3.69 10.70 7.40 10.57 6.37 6.64 7.20 4.63 2.66 3.44 0.74 1.48 6.13 3.23 4.19 1.82 6.43 5.72 3.19 9.85 
7.70 5.61 6.12 7.24 3.55 9.38 11.96 5.16 10.39 10.20 4.37 12.86 8.86 12.47 7.18 8.88 9.10 7.28 5.11 3.79 2.12 1.91 8.42 3.38 6.47 4.50 7.41 6.18 5.91 11.87 
10.44 5.85 6.25 4.59 8.42 3.23 1.82 10.28 0.87 1.07 6.92 3.50 2.36 1.97 4.55 4.06 2.66 9.61 10.29 7.55 10.27 9.39 4.54 7.99 5.79 8.42 4.14 5.73 8.62 2.31 
3.88 6.57 7.95 7.06 8.10 3.55 6.09 4.82 6.04 6.48 6.42 5.89 5.80 6.57 6.90 2.76 4.31 3.18 4.85 6.83 6.70 6.87 2.37 7.06 2.88 4.16 6.56 7.31 3.11 5.62 
1.81 6.79 8.15 8.03 7.04 6.61 9.45 1.05 8.80 9.02 5.95 9.58 7.92 9.98 7.88 5.80 7.00 1.32 1.09 6.01 3.85 4.75 5.24 6.00 3.96 2.15 7.74 7.69 1.04 9.09 
10.91 2.63 1.60 1.56 4.20 6.20 7.09 9.45 5.07 4.47 3.77 8.66 3.71 7.39 1.72 6.48 5.28 10.07 9.44 4.12 7.81 6.44 6.52 4.46 5.96 7.34 2.10 1.75 8.46 7.38 
7.14 1.76 2.85 3.40 1.99 5.67 8.04 5.29 6.38 6.16 0.56 9.09 4.82 8.52 3.31 5.35 5.22 6.38 5.27 0.72 3.55 2.32 5.01 1.01 3.30 3.28 3.45 2.57 4.68 8.01 
7.26 2.65 3.43 4.30 1.57 6.68 9.09 5.13 7.44 7.21 1.38 10.12 5.88 9.58 4.23 6.31 6.27 6.57 5.10 0.88 2.84 1.44 5.93 0.60 4.11 3.36 4.43 3.33 4.89 9.06 
3.05 5.39 6.76 6.62 5.82 5.59 8.46 1.80 7.61 7.77 4.60 8.78 6.62 8.99 6.48 4.82 5.84 2.31 1.81 4.72 3.30 3.81 4.26 4.75 2.70 0.93 6.35 6.29 0.63 8.15 
0.97 8.03 9.44 8.99 8.75 6.41 9.05 3.03 8.84 9.20 7.42 8.81 8.32 9.54 8.84 5.58 7.04 0.74 3.07 7.60 5.90 6.68 5.10 7.67 4.57 3.86 8.60 8.89 2.31 8.59 
10.98 3.40 2.95 1.76 5.55 5.26 5.63 9.88 3.66 3.00 4.67 7.26 2.60 5.88 1.87 5.73 4.30 10.12 9.87 5.17 8.70 7.44 5.90 5.56 5.85 7.76 1.90 2.75 8.64 5.99 
7.54 3.35 4.38 3.00 5.78 1.78 3.89 7.02 2.46 2.54 4.05 4.98 1.47 4.38 2.86 1.97 1.08 6.67 7.03 4.69 6.97 6.21 2.09 5.09 2.54 5.10 2.42 3.70 5.45 3.85 
