2.40 6.69 8.00 8.04 6.66 7.07 9.94 0.30 9.15 9.32 5.74 10.16 8.16 10.46 7.90 6.28 7.37 2.06 0.33 5.72 3.19 4.22 5.72 5.66 4.24 1.97 7.80 7.59 1.49 9.60 
1.77 6.91 8.26 8.16 7.12 6.76 9.60 0.96 8.95 9.16 6.05 9.72 8.07 10.12 8.01 5.95 7.15 1.35 1.01 6.10 3.86 4.79 5.39 6.08 4.11 2.25 7.88 7.81 1.19 9.24 
7.72 1.33 2.27 2.98 1.67 5.79 8.00 5.88 6.26 5.98 0.13 9.15 4.66 8.47 2.91 5.56 5.25 6.95 5.86 0.53 4.05 2.73 5.26 0.96 3.68 3.87 3.12 2.05 5.26 8.02 
5.75 6.19 7.44 6.24 8.20 1.90 4.22 6.40 4.37 4.89 6.41 4.08 4.47 4.70 6.09 1.31 2.81 5.01 6.43 6.94 7.74 7.58 1.32 7.26 3.04 5.26 5.67 6.77 4.62 3.75 
8.92 5.76 6.52 4.90 8.28 1.69 1.33 9.01 1.27 1.94 6.60 2.57 2.46 1.84 4.81 2.53 1.54 8.12 9.03 7.23 9.43 8.75 3.06 7.65 4.64 7.33 4.34 5.89 7.29 1.33 
6.30 5.38 6.58 5.31 7.53 1.00 3.68 6.59 3.49 3.97 5.73 3.93 3.50 4.20 5.16 0.35 1.85 5.50 6.61 6.30 7.54 7.20 0.68 6.65 2.64 5.17 4.74 5.90 4.82 3.31 
6.89 4.63 5.34 6.29 2.97 8.18 10.79 4.41 9.26 9.09 3.36 11.66 7.75 11.29 6.21 7.68 7.92 6.38 4.37 2.85 1.40 0.71 7.22 2.48 5.26 3.41 6.40 5.30 4.90 10.69 
12.54 5.37 4.87 3.71 7.49 6.08 5.45 11.66 3.84 3.19 6.64 7.14 3.61 5.53 3.81 6.73 5.17 11.67 11.65 7.14 10.65 9.41 7.03 7.53 7.41 9.56 3.74 4.71 10.30 5.95 
3.56 4.83 6.24 5.93 5.62 4.73 7.60 2.67 6.74 6.91 4.20 7.97 5.78 8.12 5.78 3.97 4.97 2.73 2.68 4.43 3.78 3.98 3.41 4.54 1.83 1.24 5.61 5.71 1.14 7.30 
5.21 4.69 6.03 5.06 6.52 2.17 5.03 5.19 4.43 4.75 4.75 5.38 3.89 5.55 4.90 1.37 2.61 4.37 5.21 5.25 6.11 5.86 0.81 5.55 1.30 3.72 4.55 5.37 3.45 4.71 
8.71 4.20 4.92 3.30 6.75 1.91 2.80 8.35 1.11 1.24 5.13 4.17 0.88 3.24 3.21 2.56 0.99 7.86 8.36 5.77 8.30 7.47 2.92 6.19 3.86 6.46 2.74 4.30 6.74 2.92 
4.71 7.02 8.36 7.30 8.77 3.23 5.45 5.81 5.70 6.21 7.03 5.06 5.73 5.91 7.14 2.55 4.11 4.07 5.84 7.49 7.64 7.73 2.35 7.76 3.47 5.10 6.76 7.69 4.10 4.94 
7.20 1.19 2.61 2.48 2.99 4.46 6.74 5.74 5.08 4.88 1.20 7.84 3.54 7.22 2.35 4.24 3.95 6.37 5.73 1.82 4.60 3.54 3.97 2.22 2.58 3.62 2.36 2.07 4.73 6.73 
9.42 5.92 6.59 4.94 8.47 2.18 1.07 9.47 1.04 1.71 6.83 2.58 2.49 1.53 4.86 3.01 1.91 8.61 9.49 7.47 9.80 9.08 3.55 7.89 5.07 7.75 4.41 5.99 7.76 1.30 
10.44 4.14 4.24 2.63 6.62 3.92 3.87 9.74 1.94 1.26 5.35 5.52 1.44 4.12 2.63 4.55 2.99 9.58 9.74 5.94 9.11 8.03 4.85 6.37 5.36 7.70 2.32 3.80 8.28 4.25 
8.89 3.47 4.09 2.46 6.04 2.58 3.57 8.28 1.67 1.42 4.49 5.01 0.12 3.98 2.37 3.08 1.62 8.02 8.28 5.13 7.92 6.98 3.33 5.56 3.84 6.29 1.91 3.48 6.76 3.75 
7.99 0.66 1.98 1.63 3.12 4.45 6.43 6.59 4.63 4.33 1.55 7.66 3.02 6.88 1.50 4.39 3.78 7.15 6.58 2.18 5.38 4.22 4.22 2.61 3.16 4.47 1.56 1.35 5.54 6.49 
11.66 3.73 2.94 2.22 5.56 6.13 6.44 10.43 4.49 3.83 4.96 8.09 3.48 6.66 2.37 6.58 5.17 10.80 10.42 5.38 9.03 7.70 6.73 5.75 6.56 8.30 2.53 2.94 9.28 6.82 
5.44 3.37 4.77 4.10 5.01 3.10 5.88 4.68 4.78 4.89 3.25 6.56 3.73 6.41 3.94 2.54 3.08 4.58 4.68 3.74 4.89 4.44 2.09 4.03 0.35 2.78 3.70 4.15 3.17 5.68 
10.32 2.67 2.37 1.02 4.90 4.93 5.68 9.16 3.67 3.07 3.95 7.26 2.35 5.99 1.13 5.31 3.99 9.46 9.15 4.45 7.97 6.72 5.42 4.86 5.21 7.04 1.20 2.07 7.95 5.97 
4.26 4.81 6.05 6.28 4.63 6.39 9.22 2.09 8.07 8.11 3.76 9.77 6.84 9.74 6.15 5.71 6.43 3.66 2.07 3.69 1.82 2.33 5.18 3.62 3.30 0.72 6.13 5.69 2.12 8.99 
3.42 5.32 6.63 6.68 5.42 6.16 9.02 1.52 8.05 8.16 4.39 9.43 6.95 9.55 6.55 5.42 6.32 2.80 1.51 4.40 2.56 3.19 4.87 4.38 3.14 0.61 6.47 6.22 1.28 8.74 
7.51 4.74 5.29 6.38 2.77 8.61 11.15 5.03 9.55 9.34 3.51 12.08 8.01 11.65 6.32 8.14 8.29 7.01 4.99 2.93 1.98 1.21 7.70 2.52 5.76 4.03 6.54 5.33 5.52 11.07 
4.72 3.66 5.06 4.83 4.55 4.45 7.26 3.47 6.13 6.19 3.04 7.87 4.97 7.78 4.68 3.82 4.46 3.90 3.47 3.32 3.56 3.32 3.31 3.48 1.36 1.43 4.55 4.55 2.26 7.04 
9.52 5.56 6.17 4.52 8.13 2.28 1.48 9.45 0.57 1.24 6.52 3.05 2.09 1.87 4.45 3.11 1.81 8.69 9.46 7.16 9.62 8.84 3.61 7.59 4.99 7.66 4.00 5.59 7.76 1.76 
8.86 5.94 6.73 5.11 8.45 1.67 1.24 9.02 1.50 2.17 6.75 2.36 2.68 1.76 5.02 2.49 1.66 8.07 9.04 7.39 9.51 8.86 3.04 7.80 4.69 7.37 4.55 6.10 7.28 1.15 
8.67 6.80 7.68 6.10 9.26 1.96 1.36 9.13 2.53 3.21 7.51 1.53 3.69 1.79 5.99 2.61 2.40 7.93 9.15 8.14 9.94 9.43 3.16 8.53 5.03 7.66 5.53 7.03 7.36 0.83 
9.17 4.82 5.45 3.80 7.38 2.09 2.20 8.93 0.48 0.91 5.78 3.69 1.36 2.62 3.73 2.86 1.35 8.33 8.94 6.42 8.96 8.14 3.29 6.85 4.45 7.08 3.27 4.86 7.29 2.41 
7.64 4.54 5.53 4.06 6.97 0.72 2.88 7.52 2.00 2.39 5.22 3.81 1.95 3.40 3.93 1.34 0.25 6.80 7.53 5.85 7.87 7.23 1.75 6.25 3.09 5.78 3.47 4.86 5.82 2.75 
7.70 2.38 3.43 2.17 4.85 2.74 4.72 6.86 3.06 2.93 3.16 5.91 1.62 5.20 2.01 2.82 2.02 6.84 6.86 3.80 6.41 5.50 2.80 4.22 2.57 4.82 1.63 2.75 5.44 4.75 
7.25 5.63 6.25 7.28 3.75 9.19 11.82 4.70 10.30 10.13 4.38 12.66 8.79 12.32 7.22 8.66 8.95 6.85 4.66 3.83 1.69 1.74 8.18 3.44 6.22 4.13 7.41 6.26 5.51 11.70 
9.28 1.40 1.55 0.25 3.78 4.72 6.10 7.97 4.13 3.67 2.68 7.54 2.54 6.49 0.20 4.90 3.86 8.42 7.96 3.21 6.69 5.44 4.89 3.62 4.27 5.85 0.63 0.99 6.86 6.29 
5.12 5.06 6.40 5.39 6.90 2.15 4.96 5.29 4.52 4.89 5.13 5.20 4.11 5.48 5.23 1.32 2.72 4.30 5.31 5.63 6.38 6.18 0.79 5.92 1.65 3.93 4.88 5.74 3.52 4.60 
9.04 1.29 1.17 2.50 1.51 6.38 8.24 7.19 6.33 5.93 1.39 9.55 4.71 8.66 2.50 6.30 5.69 8.26 7.17 1.46 5.15 3.73 6.10 1.72 4.76 5.19 2.87 1.34 6.57 8.35 
10.32 8.27 8.98 7.33 10.80 3.73 1.35 10.90 3.37 3.98 9.10 0.71 4.89 1.15 7.26 4.40 3.99 9.61 10.93 9.74 11.72 11.16 4.95 10.15 6.82 9.45 6.80 8.38 9.12 1.20 
7.87 5.65 6.12 7.27 3.54 9.49 12.06 5.32 10.47 10.26 4.42 12.97 8.93 12.56 7.22 9.00 9.20 7.45 5.28 3.83 2.28 2.03 8.54 3.41 6.59 4.65 7.45 6.20 6.07 11.97 
6.19 5.28 6.50 5.25 7.41 1.08 3.81 6.45 3.56 4.02 5.61 4.08 3.50 4.33 5.10 0.32 1.88 5.39 6.47 6.18 7.39 7.05 0.54 6.52 2.50 5.02 4.68 5.82 4.68 3.44 
6.07 2.37 3.72 3.77 3.20 4.83 7.42 4.47 5.96 5.87 1.62 8.31 4.55 7.93 3.64 4.40 4.55 5.28 4.45 1.93 3.47 2.66 3.99 2.16 2.15 2.35 3.63 3.27 3.59 7.31 
10.60 5.77 6.11 4.45 8.33 3.42 2.08 10.37 0.97 0.98 6.86 3.77 2.32 2.22 4.42 4.23 2.79 9.76 10.38 7.49 10.28 9.38 4.70 7.92 5.88 8.49 4.03 5.61 8.73 2.58 
5.33 3.13 4.48 4.48 3.75 4.93 7.65 3.72 6.34 6.32 2.33 8.40 5.03 8.17 4.35 4.38 4.80 4.54 3.71 2.54 3.10 2.61 3.92 2.67 1.96 1.60 4.30 4.03 2.85 7.49 
1.29 7.32 8.73 8.31 8.04 5.96 8.68 2.60 8.34 8.66 6.70 8.56 7.73 9.18 8.16 5.12 6.53 0.50 2.64 6.89 5.31 6.02 4.61 6.96 3.91 3.17 7.93 8.19 1.61 8.25 
2.98 5.52 6.94 6.52 6.42 4.70 7.54 2.71 6.89 7.14 4.96 7.75 6.10 8.07 6.36 3.88 5.08 2.11 2.73 5.21 4.41 4.73 3.33 5.34 2.17 1.89 6.15 6.39 0.93 7.19 
8.58 3.00 3.18 4.50 0.57 7.70 9.90 6.35 8.11 7.78 2.04 11.07 6.49 10.36 4.47 7.42 7.17 7.91 6.32 1.42 3.70 2.27 7.09 1.07 5.36 4.70 4.79 3.36 6.25 9.93 
3.74 5.21 6.63 5.99 6.51 3.70 6.54 3.72 5.95 6.24 4.89 6.75 5.27 7.06 5.83 2.88 4.14 2.88 3.74 5.25 5.12 5.21 2.33 5.45 1.55 2.59 5.56 6.03 1.94 6.18 
1.70 6.86 8.22 8.08 7.14 6.60 9.43 1.14 8.80 9.03 6.03 9.54 7.94 9.95 7.94 5.78 6.99 1.21 1.19 6.10 3.97 4.86 5.23 6.09 3.98 2.24 7.79 7.76 1.06 9.06 
11.26 4.29 4.04 2.64 6.59 4.94 4.77 10.39 2.92 2.24 5.55 6.45 2.37 4.96 2.71 5.54 4.00 10.39 10.39 6.09 9.49 8.31 5.81 6.51 6.13 8.31 2.56 3.75 9.02 5.20 
7.24 6.56 7.65 6.22 8.85 1.50 2.80 7.85 3.42 4.05 7.05 2.60 4.05 3.26 6.09 1.66 2.39 6.51 7.88 7.64 8.96 8.62 2.11 8.01 4.07 6.56 5.64 6.98 6.07 2.29 
10.58 2.23 1.11 1.46 3.70 6.19 7.27 9.06 5.26 4.69 3.32 8.81 3.81 7.60 1.60 6.41 5.30 9.74 9.04 3.64 7.34 5.96 6.41 3.97 5.70 6.96 2.04 1.34 8.12 7.53 
6.68 6.86 8.03 6.67 9.03 1.97 3.50 7.47 4.11 4.72 7.23 3.08 4.62 3.93 6.54 1.82 2.93 5.99 7.50 7.80 8.81 8.59 2.12 8.14 4.02 6.34 6.09 7.35 5.70 2.96 
1.20 8.30 9.72 9.22 9.09 6.46 9.03 3.41 8.91 9.29 7.73 8.72 8.45 9.51 9.06 5.63 7.13 1.13 3.46 7.94 6.29 7.06 5.17 8.01 4.78 4.23 8.81 9.16 2.67 8.56 
12.01 4.87 4.45 3.21 7.05 5.63 5.20 11.12 3.48 2.80 6.14 6.89 3.10 5.32 3.30 6.25 4.70 11.14 11.12 6.66 10.13 8.91 6.54 7.06 6.88 9.02 3.21 4.25 9.76 5.67 
6.91 3.14 4.33 3.15 5.43 2.02 4.47 6.33 3.15 3.24 3.65 5.42 2.11 4.98 3.00 1.91 1.60 6.05 6.34 4.26 6.32 5.61 1.82 4.65 1.86 4.41 2.62 3.65 4.78 4.37 
3.85 6.80 8.18 7.28 8.33 3.69 6.16 4.92 6.18 6.63 6.65 5.90 5.99 6.64 7.12 2.91 4.47 3.18 4.95 7.06 6.88 7.07 2.55 7.29 3.11 4.34 6.78 7.54 3.24 5.69 
10.52 2.14 0.84 1.68 3.36 6.40 7.59 8.92 5.58 5.02 3.12 9.10 4.09 7.93 1.80 6.58 5.53 9.69 8.90 3.39 7.10 5.70 6.54 3.70 5.73 6.83 2.26 1.25 8.05 7.83 
3.89 5.07 6.34 6.50 4.98 6.34 9.19 1.78 8.12 8.19 4.06 9.68 6.94 9.72 6.37 5.64 6.44 3.29 1.76 4.02 2.08 2.69 5.09 3.96 3.27 0.59 6.32 5.96 1.78 8.94 
2.40 6.78 8.20 7.60 7.85 4.86 7.54 3.41 7.27 7.63 6.34 7.42 6.77 8.04 7.44 4.02 5.48 1.65 3.45 6.63 5.70 6.16 3.53 6.77 3.16 3.28 7.17 7.61 1.88 7.10 
6.75 3.20 4.07 4.86 2.15 6.83 9.36 4.54 7.79 7.61 1.93 10.30 6.27 9.86 4.77 6.39 6.50 6.10 4.51 1.52 2.19 0.84 5.97 1.25 4.06 2.90 4.93 3.94 4.45 9.28 
7.64 2.47 3.53 2.27 4.93 2.64 4.66 6.83 3.03 2.92 3.23 5.83 1.62 5.14 2.12 2.72 1.94 6.77 6.83 3.87 6.42 5.54 2.70 4.28 2.50 4.80 1.73 2.86 5.39 4.68 
1.55 6.84 8.23 7.95 7.35 6.11 8.91 1.81 8.38 8.64 6.11 8.95 7.62 9.42 7.80 5.27 6.57 0.78 1.85 6.25 4.47 5.23 4.73 6.29 3.69 2.44 7.62 7.73 0.94 8.52 
10.78 6.59 7.00 5.34 9.16 3.53 1.40 10.76 1.50 1.82 7.64 3.03 3.08 1.38 5.30 4.37 3.13 9.97 10.78 8.27 10.90 10.07 4.89 8.70 6.31 8.97 4.89 6.48 9.07 1.98 
4.30 5.61 6.76 7.14 5.02 7.38 10.21 1.80 9.08 9.10 4.47 10.73 7.83 10.74 7.02 6.68 7.43 3.87 1.76 4.28 1.30 2.41 6.14 4.11 4.29 1.63 7.03 6.47 2.63 9.97 
0.69 7.85 9.26 8.89 8.45 6.56 9.25 2.57 8.95 9.28 7.18 9.09 8.34 9.75 8.73 5.72 7.14 0.33 2.62 7.34 5.48 6.31 5.22 7.38 4.51 3.54 8.52 8.73 2.02 8.81 
3.42 5.16 6.49 6.47 5.41 5.82 8.69 1.76 7.73 7.85 4.28 9.09 6.65 9.22 6.33 5.08 6.00 2.74 1.76 4.34 2.81 3.31 4.53 4.35 2.82 0.48 6.23 6.06 1.11 8.40 
0.64 8.84 10.24 9.86 9.39 7.35 9.96 3.19 9.78 10.14 8.15 9.66 9.25 10.44 9.71 6.52 7.98 1.28 3.24 8.29 6.23 7.16 6.04 8.32 5.47 4.46 9.49 9.72 2.98 9.49 
9.84 3.94 4.26 2.59 6.48 3.30 3.54 9.21 1.53 0.94 5.09 5.13 0.83 3.85 2.56 3.91 2.36 8.97 9.21 5.70 8.72 7.70 4.21 6.14 4.79 7.19 2.17 3.74 7.71 3.85 
10.77 3.12 2.67 1.48 5.26 5.20 5.72 9.63 3.73 3.09 4.39 7.34 2.56 5.99 1.59 5.63 4.24 9.90 9.62 4.88 8.42 7.15 5.78 5.27 5.65 7.51 1.65 2.46 8.41 6.05 
1.91 6.51 7.89 7.68 6.93 6.11 8.94 1.49 8.31 8.54 5.73 9.06 7.47 9.46 7.53 5.29 6.50 1.21 1.52 5.85 4.02 4.78 4.74 5.87 3.51 2.01 7.37 7.40 0.61 8.57 
6.80 4.98 6.12 4.77 7.25 0.46 3.31 6.91 2.90 3.35 5.46 3.82 2.87 3.84 4.63 0.39 1.22 5.98 6.93 6.05 7.61 7.14 0.92 6.42 2.70 5.34 4.20 5.44 5.16 3.02 
1.91 6.86 8.28 7.79 7.74 5.34 8.07 2.86 7.72 8.05 6.31 7.99 7.13 8.57 7.63 4.50 5.91 1.10 2.90 6.55 5.31 5.88 3.99 6.66 3.36 2.99 7.39 7.72 1.48 7.65 
5.33 4.05 5.17 5.62 3.57 6.51 9.24 3.12 7.90 7.85 2.88 9.97 6.53 9.76 5.50 5.93 6.39 4.71 3.09 2.71 1.51 1.34 5.43 2.59 3.47 1.55 5.55 4.90 3.10 9.08 
10.59 8.17 8.82 7.16 10.71 3.82 1.17 11.09 3.16 3.73 9.05 1.14 4.73 0.82 7.09 4.54 3.97 9.86 11.11 9.68 11.79 11.18 5.10 10.10 6.91 9.57 6.64 8.23 9.31 1.23 
3.57 6.31 7.51 7.79 5.87 7.56 10.42 1.01 9.43 9.51 5.22 10.81 8.27 10.95 7.66 6.81 7.71 3.25 0.97 5.08 2.07 3.26 6.26 4.94 4.53 1.88 7.64 7.19 2.31 10.14 
8.22 5.56 5.95 7.17 3.34 9.59 12.10 5.69 10.47 10.24 4.37 13.06 8.91 12.60 7.12 9.13 9.26 7.78 5.64 3.76 2.63 2.18 8.68 3.33 6.74 4.92 7.38 6.07 6.37 12.04 
5.29 3.15 4.51 4.49 3.80 4.89 7.61 3.71 6.31 6.30 2.37 8.35 5.01 8.13 4.36 4.33 4.76 4.50 3.70 2.59 3.13 2.66 3.86 2.73 1.91 1.59 4.30 4.05 2.81 7.45 
5.60 3.45 4.62 5.00 3.22 6.04 8.73 3.56 7.33 7.26 2.32 9.51 5.94 9.24 4.89 5.50 5.86 4.92 3.53 2.23 2.08 1.51 5.03 2.18 3.07 1.70 4.94 4.31 3.24 8.58 
8.49 3.07 3.30 4.60 0.70 7.73 9.96 6.25 8.18 7.86 2.08 11.11 6.56 10.42 4.57 7.44 7.21 7.84 6.22 1.45 3.58 2.15 7.10 1.08 5.35 4.63 4.87 3.46 6.17 9.98 
5.78 2.60 4.00 3.85 3.67 4.43 7.07 4.35 5.70 5.66 2.03 7.90 4.36 7.59 3.71 3.95 4.21 4.96 4.34 2.40 3.71 3.05 3.53 2.64 1.67 2.23 3.64 3.49 3.31 6.94 
7.76 5.79 6.78 5.27 8.19 0.79 2.20 8.04 2.37 2.98 6.42 2.68 3.01 2.72 5.15 1.48 1.43 6.97 8.06 7.04 8.77 8.27 2.04 7.42 3.86 6.51 4.69 6.11 6.27 1.86 
3.17 5.30 6.71 6.31 6.19 4.63 7.48 2.74 6.78 7.00 4.73 7.74 5.94 8.01 6.15 3.83 4.98 2.32 2.76 4.99 4.27 4.54 3.27 5.11 2.00 1.73 5.95 6.16 0.99 7.15 
3.84 4.78 6.20 5.69 5.93 3.97 6.84 3.39 6.08 6.29 4.35 7.17 5.23 7.36 5.53 3.19 4.28 2.97 3.41 4.68 4.53 4.58 2.63 4.86 1.30 2.01 5.30 5.62 1.69 6.52 
4.82 4.40 5.79 5.00 6.03 2.80 5.67 4.56 4.92 5.17 4.29 6.09 4.18 6.20 4.84 2.05 3.11 3.96 4.58 4.75 5.41 5.19 1.50 5.02 0.74 3.01 4.54 5.16 2.85 5.38 
6.12 2.49 3.76 4.00 2.92 5.28 7.86 4.35 6.38 6.27 1.53 8.75 4.94 8.37 3.88 4.83 5.00 5.36 4.34 1.69 3.09 2.22 4.42 1.85 2.55 2.29 3.91 3.38 3.66 7.76 
8.55 6.82 7.73 6.16 9.27 1.93 1.51 9.04 2.65 3.33 7.51 1.55 3.76 1.94 6.05 2.54 2.42 7.81 9.06 8.14 9.89 9.40 3.09 8.53 4.98 7.59 5.58 7.08 7.26 0.97 
7.92 1.58 2.30 3.21 1.29 6.18 8.38 5.99 6.61 6.31 0.52 9.53 5.00 8.84 3.15 5.94 5.64 7.17 5.97 0.26 3.96 2.58 5.64 0.66 4.03 4.04 3.40 2.19 5.47 8.40 
7.54 0.95 2.35 2.07 3.12 4.34 6.49 6.14 4.76 4.53 1.40 7.65 3.19 6.96 1.93 4.20 3.75 6.71 6.13 2.04 5.01 3.92 3.98 2.46 2.77 4.02 1.94 1.76 5.09 6.51 
5.16 4.48 5.84 4.92 6.27 2.34 5.20 5.02 4.52 4.80 4.51 5.61 3.88 5.73 4.76 1.57 2.70 4.30 5.04 5.00 5.86 5.60 1.03 5.30 1.04 3.48 4.43 5.19 3.29 4.90 
7.68 4.71 5.69 4.21 7.14 0.62 2.73 7.61 1.97 2.41 5.39 3.64 2.05 3.26 4.09 1.33 0.37 6.85 7.63 6.02 8.01 7.39 1.78 6.42 3.21 5.89 3.63 5.03 5.91 2.59 
9.60 1.22 0.29 1.41 2.74 5.87 7.38 7.98 5.41 4.93 2.21 8.81 3.82 7.77 1.46 5.95 5.06 8.78 7.97 2.54 6.23 4.86 5.86 2.88 4.88 5.90 1.91 0.40 7.12 7.56 
8.00 3.13 4.04 2.57 5.64 2.17 3.91 7.39 2.27 2.22 3.97 5.14 1.01 4.38 2.44 2.46 1.31 7.14 7.40 4.61 7.15 6.30 2.60 5.04 2.95 5.42 1.99 3.38 5.87 3.96 
12.67 5.06 4.35 3.47 6.97 6.56 6.23 11.61 4.49 3.82 6.32 7.92 3.96 6.35 3.59 7.14 5.62 11.81 11.61 6.77 10.37 9.08 7.39 7.14 7.54 9.50 3.63 4.31 10.36 6.70 
5.57 5.72 6.66 7.36 4.52 8.34 11.11 3.02 9.80 9.74 4.47 11.76 8.42 11.63 7.26 7.70 8.26 5.20 2.97 4.11 0.42 1.83 7.19 3.82 5.25 2.79 7.35 6.51 3.97 10.92 
6.09 2.90 4.05 4.48 2.76 5.88 8.49 4.11 7.01 6.89 1.76 9.36 5.56 9.00 4.38 5.41 5.62 5.37 4.09 1.69 2.50 1.59 4.97 1.69 3.06 2.18 4.45 3.75 3.68 8.38 
8.65 1.76 2.44 1.02 4.33 3.76 5.29 7.56 3.39 3.03 2.89 6.66 1.76 5.71 0.87 3.94 2.91 7.79 7.56 3.50 6.65 5.55 3.95 3.93 3.54 5.45 0.50 1.79 6.29 5.43 
7.25 2.66 3.81 2.64 5.02 2.45 4.69 6.49 3.18 3.16 3.27 5.76 1.91 5.18 2.48 2.42 1.87 6.38 6.50 3.90 6.23 5.42 2.35 4.30 2.12 4.49 2.11 3.13 5.02 4.65 
7.14 1.90 3.20 2.37 4.14 3.30 5.57 6.08 3.98 3.86 2.38 6.65 2.54 6.06 2.21 3.16 2.76 6.28 6.08 3.00 5.48 4.58 2.97 3.41 2.07 4.00 1.99 2.54 4.78 5.55 
11.45 3.46 2.66 1.99 5.28 6.07 6.50 10.18 4.53 3.88 4.69 8.14 3.43 6.74 2.14 6.48 5.11 10.59 10.17 5.10 8.75 7.42 6.61 5.46 6.37 8.06 2.34 2.66 9.05 6.86 
3.56 5.08 6.51 5.98 6.20 4.09 6.95 3.28 6.26 6.50 4.64 7.21 5.47 7.47 5.83 3.29 4.45 2.70 3.30 4.96 4.64 4.77 2.73 5.13 1.58 2.10 5.60 5.93 1.53 6.61 
2.05 8.15 9.57 8.93 9.18 5.81 8.28 4.03 8.29 8.71 7.70 7.90 7.96 8.75 8.77 5.00 6.54 1.76 4.07 7.97 6.72 7.35 4.58 8.10 4.50 4.46 8.48 8.98 2.93 7.79 
8.20 7.39 8.38 6.86 9.76 2.32 2.24 8.93 3.50 4.18 7.98 1.55 4.52 2.58 6.74 2.70 3.03 7.51 8.95 8.59 10.05 9.67 3.19 8.97 5.15 7.65 6.28 7.72 7.15 1.66 
10.62 6.38 6.81 5.14 8.95 3.37 1.41 10.57 1.29 1.63 7.43 3.08 2.88 1.47 5.10 4.21 2.94 9.80 10.59 8.06 10.69 9.86 4.72 8.49 6.11 8.77 4.69 6.28 8.88 1.96 
