9.64 7.32 5.25 5.03 5.46 0.30 8.47 11.47 10.46 4.45 8.45 5.64 5.63 10.53 8.09 10.10 7.26 5.98 8.33 3.81 7.59 3.70 6.51 8.13 6.06 0.79 4.83 5.26 11.25 1.54 3.83 10.06 8.50 5.44 5.75 5.95 5.09 5.11 7.46 10.66 6.62 6.08 8.31 4.19 6.54 
1.06 6.52 5.94 7.20 6.30 9.93 2.40 2.12 2.27 5.71 3.16 7.45 7.77 3.30 5.75 2.79 3.54 3.88 2.72 8.03 2.64 5.95 3.86 8.13 5.53 9.18 5.54 5.30 2.66 8.12 5.89 3.65 7.57 4.23 8.10 7.90 4.78 7.28 2.20 1.08 6.07 4.45 1.55 8.50 6.22 
8.47 2.01 2.17 8.39 1.66 6.10 8.25 8.75 7.28 3.24 8.74 0.44 0.21 6.76 10.03 6.60 7.80 6.22 8.33 7.91 5.21 4.84 4.07 2.30 8.13 6.08 3.03 2.94 8.00 4.99 5.31 6.08 11.34 5.41 0.28 9.59 5.96 8.52 6.34 8.46 1.89 3.53 6.32 8.54 9.05 
5.39 3.29 4.42 9.45 4.40 9.91 6.20 4.13 2.60 5.20 6.97 5.02 5.28 1.69 9.30 1.82 6.71 5.88 6.47 9.72 3.03 6.56 3.38 4.43 8.22 9.46 4.80 4.36 3.10 8.21 6.82 0.97 11.06 5.53 5.51 10.48 6.40 9.56 4.53 4.37 3.43 3.63 3.55 10.34 9.15 
8.56 4.29 2.62 6.44 2.61 3.42 7.85 9.68 8.41 2.54 8.12 2.51 2.48 8.21 8.74 7.89 6.99 5.39 7.83 5.67 5.74 3.27 4.49 4.98 6.66 3.45 2.71 3.00 9.20 2.49 3.70 7.63 9.72 4.60 2.61 7.60 4.78 6.56 6.25 9.10 3.70 3.92 6.71 6.26 7.47 
5.37 2.08 2.76 8.18 2.75 8.25 5.75 5.01 3.51 3.57 6.45 3.51 3.81 2.99 8.51 2.80 5.92 4.79 5.95 8.30 2.26 5.05 2.01 3.63 7.14 7.83 3.16 2.72 4.21 6.57 5.35 2.33 10.17 4.27 4.08 9.28 5.13 8.29 3.84 4.89 1.91 2.09 3.21 8.94 8.10 
1.92 5.93 5.62 7.71 5.93 10.02 3.15 1.74 1.45 5.58 3.93 7.02 7.34 2.45 6.51 1.94 4.16 4.22 3.47 8.44 2.32 6.07 3.58 7.49 6.09 9.32 5.35 5.06 1.95 8.19 6.08 2.80 8.32 4.41 7.67 8.48 5.07 7.79 2.45 1.07 5.56 4.16 1.43 8.95 6.85 
3.29 4.03 3.39 6.64 3.72 8.02 3.56 3.85 2.74 3.41 4.27 4.85 5.18 2.99 6.45 2.48 3.84 3.02 3.77 7.07 0.15 4.20 1.35 5.70 5.33 7.40 3.14 2.83 3.52 6.20 4.33 2.77 8.18 2.81 5.51 7.63 3.64 6.75 1.69 3.30 3.50 1.93 1.09 7.65 6.25 
7.25 6.48 4.16 3.10 4.57 2.69 6.02 9.28 8.43 2.97 5.99 5.26 5.40 8.68 5.80 8.19 4.80 3.56 5.88 2.32 5.58 1.52 4.70 7.72 3.72 1.85 3.39 3.82 9.20 1.18 1.47 8.31 6.50 3.13 5.65 4.24 2.66 3.21 5.16 8.40 5.65 4.41 6.12 2.94 4.35 
0.85 6.78 5.73 5.93 6.17 9.04 1.10 3.44 3.50 5.23 1.88 7.38 7.70 4.43 4.45 3.88 2.23 2.84 1.41 6.83 2.74 5.10 3.73 8.46 4.23 8.24 5.15 5.01 3.97 7.27 4.96 4.65 6.27 3.37 8.05 6.58 3.75 6.00 1.52 2.35 6.19 4.28 1.74 7.27 4.89 
3.51 4.17 2.94 5.67 3.37 7.08 3.30 4.70 3.72 2.63 3.89 4.58 4.90 4.02 5.79 3.50 3.22 2.11 3.44 6.05 0.88 3.20 0.97 5.88 4.47 6.42 2.44 2.24 4.50 5.25 3.31 3.77 7.45 1.80 5.25 6.70 2.64 5.79 1.34 3.99 3.48 1.48 1.58 6.64 5.41 
4.37 9.39 7.54 3.34 8.07 8.17 2.86 7.27 7.44 6.46 2.11 9.24 9.51 8.32 0.50 7.76 2.13 3.49 2.54 4.65 5.86 5.22 6.21 11.07 1.95 7.26 6.64 6.78 7.92 6.83 4.79 8.43 2.32 4.28 9.86 3.33 3.76 3.33 4.29 6.17 8.61 6.51 5.31 4.77 1.68 
6.32 1.42 2.95 8.92 2.77 8.50 6.72 5.75 4.21 4.01 7.41 3.19 3.44 3.50 9.43 3.45 6.85 5.65 6.92 8.94 3.23 5.62 2.83 2.75 7.98 8.17 3.59 3.16 4.84 6.91 5.98 2.78 11.06 5.07 3.64 10.05 5.91 9.04 4.79 5.74 1.66 2.76 4.18 9.58 8.95 
6.81 10.23 8.04 1.72 8.56 6.76 5.21 9.66 9.57 6.79 4.57 9.57 9.79 10.30 2.35 9.73 4.03 4.58 4.90 2.88 7.43 5.13 7.34 11.77 2.23 5.90 7.10 7.39 10.14 5.94 4.66 10.27 1.84 5.09 10.09 0.84 4.27 1.61 6.04 8.56 9.38 7.44 7.20 2.67 1.35 
5.81 1.55 2.39 8.19 2.32 7.94 6.09 5.55 4.04 3.35 6.76 2.99 3.28 3.50 8.72 3.34 6.15 4.92 6.28 8.23 2.61 4.93 2.10 3.15 7.25 7.57 2.93 2.49 4.74 6.31 5.27 2.83 10.34 4.34 3.55 9.31 5.17 8.31 4.14 5.40 1.39 2.03 3.63 8.87 8.22 
9.32 7.34 5.20 4.59 5.45 0.60 8.11 11.22 10.25 4.31 8.07 5.73 5.74 10.37 7.66 9.92 6.88 5.64 7.97 3.38 7.38 3.42 6.34 8.24 5.65 0.35 4.71 5.15 11.04 1.32 3.51 9.92 8.06 5.14 5.89 5.51 4.75 4.67 7.17 10.39 6.61 5.93 8.05 3.76 6.11 
8.91 1.68 3.79 10.35 3.29 8.52 9.12 8.37 6.83 5.06 9.75 2.62 2.61 6.01 11.48 6.05 9.02 7.60 9.28 10.04 5.68 6.79 4.91 0.16 9.78 8.47 4.72 4.43 7.40 7.33 7.24 5.29 12.98 6.86 2.54 11.54 7.59 10.47 7.15 8.40 2.47 4.56 6.72 10.69 10.74 
3.32 6.16 6.44 9.30 6.64 11.30 4.73 1.01 0.62 6.68 5.49 7.58 7.89 1.50 8.08 1.36 5.78 5.76 5.04 9.98 3.41 7.42 4.57 7.51 7.71 10.65 6.38 6.02 0.33 9.48 7.49 2.17 9.89 5.86 8.18 10.10 6.57 9.39 3.99 1.64 6.01 5.11 2.86 10.51 8.46 
7.87 1.05 3.37 9.84 2.97 8.59 8.18 7.26 5.71 4.63 8.84 2.73 2.85 4.90 10.71 4.94 8.18 6.85 8.36 9.67 4.70 6.36 4.07 1.22 9.11 8.42 4.24 3.88 6.29 7.22 6.77 4.18 12.27 6.17 2.92 11.01 6.95 9.97 6.23 7.30 1.89 3.82 5.71 10.32 10.08 
8.08 1.15 3.47 9.97 3.04 8.61 8.38 7.47 5.92 4.73 9.03 2.72 2.82 5.10 10.88 5.14 8.36 7.02 8.56 9.77 4.90 6.47 4.25 1.02 9.27 8.46 4.35 4.00 6.50 7.27 6.89 4.38 12.43 6.33 2.86 11.14 7.10 10.09 6.42 7.51 2.00 3.98 5.91 10.42 10.24 
5.03 8.22 6.13 1.66 6.66 6.19 3.45 7.76 7.53 4.93 3.00 7.75 7.99 8.21 2.11 7.64 2.11 2.45 3.16 2.83 5.29 3.45 5.24 9.82 0.11 5.28 5.19 5.42 8.14 4.88 2.99 8.15 3.17 3.01 8.32 2.28 2.25 1.71 3.95 6.68 7.38 5.38 5.12 3.10 0.90 
7.94 5.44 3.26 4.75 3.53 2.33 6.96 9.55 8.48 2.42 7.08 3.94 4.01 8.52 7.29 8.10 5.90 4.41 6.87 3.92 5.63 2.06 4.51 6.45 5.19 1.97 2.80 3.23 9.28 0.78 2.37 8.04 8.12 3.74 4.21 5.89 3.63 4.86 5.68 8.81 4.69 4.05 6.42 4.51 5.92 
2.33 7.38 5.84 4.34 6.35 8.04 0.75 5.12 5.12 5.00 0.75 7.57 7.87 5.96 2.86 5.40 0.62 1.99 0.53 5.36 3.59 4.32 4.16 9.08 2.59 7.18 5.06 5.07 5.64 6.38 4.04 6.07 4.67 2.79 8.22 4.91 2.76 4.40 2.00 4.03 6.67 4.57 2.95 5.74 3.20 
7.13 2.67 0.77 6.58 0.78 4.98 6.68 7.93 6.61 1.43 7.10 1.43 1.65 6.36 8.24 6.05 6.09 4.49 6.73 6.17 4.06 3.02 2.81 3.81 6.30 4.74 1.30 1.38 7.38 3.53 3.49 5.76 9.51 3.66 1.97 7.78 4.15 6.71 4.88 7.44 1.94 2.22 5.11 6.82 7.22 
8.70 1.40 3.16 9.70 2.64 7.74 8.78 8.43 6.89 4.42 9.37 1.86 1.83 6.16 10.98 6.13 8.57 7.10 8.92 9.34 5.42 6.13 4.52 0.67 9.21 7.70 4.10 3.85 7.52 6.57 6.59 5.44 12.42 6.33 1.77 10.89 7.02 9.82 6.81 8.35 2.01 4.11 6.50 9.99 10.17 
5.85 2.28 0.67 6.55 1.02 6.05 5.60 6.49 5.17 1.44 6.12 2.22 2.54 4.96 7.63 4.62 5.25 3.74 5.70 6.44 2.67 3.11 1.45 3.87 5.89 5.65 1.02 0.61 5.95 4.39 3.50 4.40 9.09 2.98 2.89 7.73 3.70 6.68 3.69 6.03 1.43 0.88 3.75 7.09 6.86 
6.27 5.57 3.25 3.42 3.72 3.64 5.17 8.17 7.29 1.99 5.25 4.60 4.78 7.53 5.54 7.04 4.06 2.64 5.06 3.05 4.43 0.37 3.56 6.95 3.46 2.89 2.39 2.79 8.06 1.86 0.53 7.17 6.54 2.07 5.08 4.61 1.80 3.54 4.10 7.32 4.73 3.30 5.01 3.71 4.27 
4.69 4.68 5.52 9.72 5.58 10.84 5.80 2.85 1.46 6.09 6.59 6.33 6.62 0.36 9.09 0.84 6.57 6.08 6.10 10.18 3.26 7.22 4.06 5.85 8.31 10.30 5.72 5.30 1.75 9.07 7.40 0.51 10.89 5.92 6.86 10.66 6.75 9.82 4.47 3.32 4.73 4.46 3.33 10.76 9.17 
7.50 6.62 4.31 3.18 4.70 2.44 6.27 9.54 8.68 3.15 6.23 5.35 5.47 8.91 5.98 8.43 5.04 3.82 6.12 2.31 5.82 1.76 4.93 7.83 3.91 1.59 3.57 4.00 9.45 1.04 1.72 8.54 6.62 3.39 5.71 4.29 2.92 3.29 5.42 8.66 5.80 4.62 6.38 2.90 4.50 
4.79 4.36 5.24 9.61 5.29 10.59 5.83 3.12 1.66 5.84 6.62 6.02 6.30 0.61 9.08 0.94 6.54 5.98 6.12 10.03 3.12 7.02 3.84 5.53 8.23 10.08 5.47 5.04 2.03 8.83 7.22 0.23 10.88 5.78 6.54 10.57 6.61 9.72 4.41 3.51 4.42 4.22 3.29 10.62 9.12 
7.25 1.66 1.00 7.50 0.47 5.95 7.03 7.67 6.24 2.22 7.53 0.80 1.13 5.84 8.91 5.61 6.62 5.06 7.12 7.16 4.01 3.93 2.85 2.82 7.07 5.76 1.93 1.76 6.99 4.56 4.39 5.19 10.29 4.26 1.47 8.69 4.88 7.62 5.11 7.31 1.05 2.31 5.12 7.81 8.02 
4.16 9.12 7.28 3.30 7.81 8.03 2.63 7.06 7.20 6.21 1.89 8.98 9.26 8.07 0.76 7.50 1.86 3.22 2.31 4.59 5.59 4.99 5.93 10.79 1.80 7.13 6.39 6.52 7.68 6.66 4.58 8.17 2.56 4.02 9.60 3.38 3.52 3.30 4.02 5.96 8.34 6.23 5.04 4.74 1.68 
5.14 2.37 3.00 8.21 3.03 8.46 5.59 4.71 3.20 3.75 6.30 3.81 4.11 2.69 8.42 2.49 5.82 4.76 5.80 8.38 2.12 5.16 2.05 3.89 7.11 8.01 3.34 2.90 3.90 6.76 5.45 2.05 10.11 4.29 4.38 9.29 5.15 8.32 3.70 4.60 2.21 2.21 3.00 9.01 8.07 
10.73 8.92 6.83 5.26 7.06 1.32 9.43 12.77 11.86 5.96 9.29 7.24 7.22 12.00 8.50 11.55 8.14 7.05 9.26 3.93 8.98 4.96 7.97 9.72 6.64 1.73 6.35 6.79 12.64 2.95 4.98 11.56 8.57 6.64 7.33 5.92 6.14 5.31 8.67 11.91 8.22 7.57 9.61 4.07 6.91 
6.60 4.77 2.45 4.37 2.87 3.59 5.67 8.20 7.17 1.29 5.87 3.66 3.84 7.26 6.41 6.82 4.71 3.15 5.62 3.91 4.30 0.93 3.24 6.06 4.35 3.02 1.71 2.14 7.96 1.79 1.39 6.83 7.48 2.42 4.13 5.56 2.46 4.49 4.32 7.44 3.94 2.84 5.05 4.56 5.20 
3.83 8.94 7.15 3.53 7.68 8.15 2.30 6.73 6.88 6.12 1.56 8.87 9.15 7.76 1.06 7.20 1.62 3.08 1.98 4.80 5.34 4.98 5.73 10.62 1.94 7.24 6.27 6.39 7.36 6.72 4.58 7.88 2.88 3.90 9.49 3.68 3.47 3.54 3.76 5.62 8.17 6.06 4.75 4.98 1.95 
4.61 4.40 5.19 9.46 5.26 10.51 5.65 2.98 1.50 5.76 6.44 6.02 6.31 0.51 8.91 0.76 6.37 5.82 5.94 9.89 2.98 6.91 3.74 5.61 8.07 9.98 5.39 4.97 1.92 8.74 7.10 0.21 10.70 5.64 6.56 10.42 6.47 9.56 4.24 3.35 4.42 4.13 3.12 10.48 8.95 
3.98 3.92 2.49 5.52 2.95 6.62 3.65 5.17 4.14 2.13 4.19 4.17 4.49 4.36 5.92 3.86 3.41 2.10 3.76 5.79 1.27 2.80 0.72 5.62 4.44 5.99 1.95 1.77 4.93 4.80 2.96 4.04 7.52 1.60 4.84 6.59 2.46 5.64 1.75 4.48 3.18 1.09 2.08 6.40 5.41 
10.06 9.06 6.84 4.24 7.14 1.86 8.68 12.27 11.46 5.82 8.48 7.51 7.54 11.70 7.49 11.22 7.35 6.42 8.48 2.90 8.61 4.55 7.70 10.02 5.72 1.66 6.23 6.67 12.23 2.87 4.46 11.32 7.48 6.12 7.69 4.82 5.51 4.28 8.12 11.35 8.30 7.37 9.12 2.97 5.90 
8.49 9.04 6.72 2.17 7.14 3.42 7.00 10.96 10.37 5.50 6.67 7.82 7.94 10.79 5.42 10.26 5.63 5.04 6.76 0.90 7.65 3.85 6.99 10.30 3.81 2.67 5.91 6.32 11.09 3.25 3.55 10.52 5.35 4.99 8.17 2.70 4.22 2.19 6.82 9.96 8.21 6.80 7.93 0.84 3.84 
6.74 9.19 6.94 0.41 7.45 5.47 5.16 9.46 9.16 5.67 4.67 8.40 8.60 9.79 3.06 9.22 3.83 3.89 4.87 1.62 6.76 3.96 6.48 10.68 1.83 4.60 6.01 6.33 9.81 4.61 3.50 9.67 3.11 4.23 8.89 0.81 3.37 0.29 5.55 8.39 8.34 6.50 6.72 1.59 1.51 
3.00 4.41 3.49 6.12 3.88 7.76 3.07 4.00 3.06 3.30 3.75 5.06 5.38 3.46 5.89 2.91 3.28 2.49 3.26 6.60 0.45 3.87 1.42 6.11 4.78 7.10 3.09 2.84 3.83 5.94 3.95 3.29 7.62 2.36 5.73 7.09 3.16 6.23 1.15 3.31 3.81 2.00 0.92 7.17 5.69 
6.28 2.05 3.63 9.40 3.47 9.19 6.84 5.38 3.84 4.64 7.56 3.88 4.12 3.00 9.70 3.05 7.10 6.02 7.06 9.49 3.39 6.20 3.24 3.12 8.37 8.84 4.22 3.78 4.39 7.58 6.53 2.28 11.39 5.51 4.31 10.51 6.36 9.52 4.98 5.50 2.37 3.27 4.21 10.13 9.33 
8.70 1.54 2.84 9.32 2.31 7.20 8.68 8.61 7.09 4.06 9.24 1.36 1.30 6.43 10.74 6.35 8.38 6.87 8.80 8.91 5.41 5.75 4.41 1.21 8.91 7.18 3.78 3.58 7.75 6.07 6.21 5.71 12.13 6.08 1.21 10.52 6.73 9.44 6.72 8.46 1.92 3.95 6.50 9.55 9.86 
3.72 5.25 5.68 9.16 5.84 10.74 4.93 1.93 0.44 6.04 5.72 6.73 7.03 0.67 8.26 0.44 5.82 5.54 5.24 9.72 2.90 6.96 3.94 6.58 7.65 10.14 5.71 5.33 0.97 8.94 7.08 1.25 10.08 5.50 7.31 10.03 6.28 9.25 3.82 2.31 5.14 4.43 2.65 10.28 8.47 
7.33 6.26 3.95 3.39 4.34 2.57 6.15 9.29 8.40 2.79 6.14 5.01 5.13 8.60 6.05 8.13 4.95 3.66 6.01 2.60 5.53 1.48 4.60 7.48 3.96 1.78 3.21 3.65 9.17 0.94 1.52 8.22 6.78 3.17 5.38 4.53 2.77 3.50 5.20 8.43 5.45 4.28 6.12 3.22 4.61 
6.67 0.64 2.07 8.39 1.79 7.55 6.82 6.49 4.98 3.25 7.45 2.16 2.42 4.40 9.25 4.27 6.74 5.38 6.98 8.28 3.40 4.96 2.63 2.33 7.64 7.27 2.85 2.46 5.67 6.03 5.35 3.70 10.80 4.70 2.65 9.56 5.48 8.52 4.85 6.34 0.64 2.34 4.47 8.93 8.61 
6.46 2.35 0.02 6.54 0.54 5.53 6.11 7.18 5.85 1.26 6.58 1.73 2.03 5.62 7.90 5.30 5.63 4.06 6.18 6.29 3.33 3.00 2.09 3.76 6.06 5.20 0.93 0.77 6.63 3.95 3.44 5.04 9.28 3.25 2.38 7.74 3.87 6.67 4.24 6.70 1.52 1.50 4.40 6.94 7.01 
7.55 5.92 3.64 3.91 3.99 2.39 6.44 9.37 8.41 2.58 6.49 4.58 4.68 8.55 6.53 8.09 5.30 3.91 6.33 3.11 5.53 1.60 4.52 7.07 4.43 1.73 2.99 3.43 9.19 0.58 1.78 8.12 7.30 3.34 4.91 5.05 3.06 4.03 5.35 8.56 5.13 4.15 6.20 3.71 5.11 
7.74 9.77 7.47 1.13 7.96 5.17 6.15 10.44 10.10 6.20 5.66 8.82 8.99 10.68 3.91 10.12 4.82 4.77 5.87 1.39 7.62 4.46 7.24 11.19 2.82 4.36 6.57 6.93 10.75 4.65 4.03 10.53 3.58 5.02 9.26 0.92 4.15 1.04 6.47 9.37 8.92 7.20 7.65 0.96 2.45 
3.59 7.61 7.85 10.09 8.07 12.52 5.17 0.78 2.07 7.99 5.86 9.03 9.34 2.83 8.43 2.80 6.41 6.70 5.49 10.90 4.70 8.59 5.91 8.93 8.40 11.84 7.72 7.39 1.41 10.70 8.60 3.54 10.21 6.94 9.63 10.76 7.57 10.16 4.95 1.83 7.46 6.47 3.94 11.38 9.06 
2.21 6.03 5.88 8.14 6.16 10.39 3.54 1.36 1.12 5.91 4.31 7.22 7.54 2.18 6.89 1.73 4.58 4.64 3.86 8.86 2.62 6.46 3.86 7.54 6.52 9.70 5.66 5.35 1.53 8.57 6.48 2.63 8.71 4.82 7.85 8.91 5.48 8.22 2.87 0.94 5.72 4.44 1.81 9.37 7.27 
1.04 6.34 5.41 6.17 5.83 9.00 1.56 3.15 3.06 5.00 2.35 7.02 7.34 3.95 4.89 3.40 2.54 2.87 1.86 7.00 2.30 5.03 3.37 8.01 4.51 8.23 4.88 4.71 3.57 7.21 4.94 4.15 6.70 3.30 7.69 6.89 3.78 6.25 1.30 2.11 5.78 3.93 1.25 7.47 5.23 
5.08 7.64 5.51 1.64 6.03 5.64 3.56 7.69 7.32 4.29 3.24 7.11 7.35 7.94 2.76 7.37 2.19 2.05 3.31 2.56 4.93 2.78 4.74 9.22 0.66 4.74 4.57 4.82 7.98 4.25 2.32 7.82 3.81 2.49 7.67 2.56 1.67 1.73 3.70 6.64 6.80 4.83 4.88 2.95 1.53 
6.55 2.31 4.05 9.84 3.86 9.60 7.18 5.47 3.94 5.07 7.92 4.18 4.41 3.02 10.10 3.15 7.49 6.44 7.41 9.93 3.77 6.65 3.68 3.16 8.79 9.26 4.65 4.22 4.43 8.00 6.98 2.30 11.79 5.94 4.57 10.94 6.80 9.96 5.35 5.67 2.74 3.72 4.54 10.57 9.75 
3.82 7.44 5.54 2.84 6.07 6.73 2.27 6.51 6.28 4.46 1.98 7.24 7.51 7.00 2.38 6.43 0.90 1.51 2.03 3.84 4.18 3.32 4.31 9.10 1.14 5.84 4.64 4.78 6.89 5.18 2.94 6.97 3.94 2.28 7.85 3.53 1.79 2.91 2.74 5.44 6.64 4.55 3.90 4.22 1.96 
0.95 7.79 6.67 5.95 7.13 9.57 0.89 3.84 4.25 6.07 1.38 8.34 8.66 5.26 3.93 4.73 2.25 3.37 1.14 7.00 3.75 5.72 4.71 9.48 4.19 8.73 6.03 5.93 4.59 7.86 5.51 5.55 5.71 4.04 9.01 6.43 4.24 6.00 2.43 2.75 7.19 5.24 2.75 7.36 4.68 
3.30 5.60 5.87 8.97 6.07 10.79 4.59 1.50 0.05 6.14 5.37 7.01 7.32 1.14 7.94 0.84 5.54 5.38 4.90 9.60 2.91 6.95 4.03 6.98 7.42 10.16 5.83 5.47 0.76 8.97 7.03 1.71 9.75 5.42 7.61 9.81 6.17 9.07 3.63 1.83 5.43 4.55 2.47 10.14 8.22 
0.13 7.18 6.33 6.65 6.74 9.82 1.62 2.86 3.22 5.92 2.31 7.93 8.26 4.25 4.91 3.74 2.91 3.62 1.93 7.59 3.16 5.87 4.28 8.83 4.92 9.03 5.81 5.64 3.56 8.05 5.74 4.59 6.71 4.14 8.60 7.24 4.53 6.71 2.21 1.75 6.65 4.85 2.07 8.01 5.51 
5.28 7.99 5.84 1.39 6.37 5.73 3.72 7.94 7.62 4.62 3.34 7.44 7.67 8.25 2.56 7.69 2.36 2.38 3.46 2.44 5.26 3.07 5.09 9.56 0.51 4.82 4.90 5.16 8.26 4.42 2.60 8.15 3.50 2.84 7.99 2.23 2.02 1.46 4.00 6.88 7.14 5.19 5.18 2.77 1.21 
7.11 2.95 0.92 6.33 1.04 4.72 6.60 8.02 6.72 1.27 6.99 1.68 1.87 6.52 8.05 6.19 5.96 4.35 6.64 5.90 4.11 2.78 2.86 4.09 6.10 4.46 1.21 1.38 7.51 3.25 3.25 5.94 9.30 3.51 2.19 7.53 3.97 6.46 4.84 7.50 2.21 2.28 5.14 6.54 7.01 
4.32 9.60 7.78 3.65 8.32 8.49 2.87 7.23 7.46 6.73 2.09 9.50 9.77 8.37 0.57 7.81 2.29 3.72 2.56 4.97 6.00 5.51 6.40 11.28 2.27 7.59 6.90 7.02 7.91 7.15 5.09 8.51 2.33 4.53 10.11 3.58 4.04 3.64 4.41 6.12 8.82 6.72 5.39 5.07 1.98 
3.42 4.87 3.30 4.83 3.79 6.67 2.81 5.12 4.34 2.64 3.29 5.02 5.32 4.77 4.98 4.23 2.46 1.24 2.88 5.28 1.66 2.70 1.66 6.56 3.60 5.95 2.59 2.54 5.09 4.85 2.70 4.58 6.61 1.06 5.68 5.84 1.84 4.94 1.11 4.27 4.12 2.01 1.96 5.85 4.55 
4.15 5.57 3.61 3.63 4.14 5.74 3.09 6.23 5.56 2.56 3.29 5.31 5.58 6.01 4.31 5.47 2.17 0.56 3.02 4.04 2.90 1.82 2.59 7.21 2.59 4.95 2.71 2.86 6.29 3.98 1.66 5.81 5.76 0.36 5.93 4.68 0.60 3.74 2.08 5.31 4.75 2.72 3.13 4.61 3.56 
7.62 4.58 2.43 5.25 2.67 3.12 6.78 9.01 7.86 1.76 6.99 3.10 3.20 7.82 7.51 7.43 5.84 4.27 6.73 4.57 5.05 2.05 3.87 5.61 5.43 2.83 2.09 2.49 8.66 1.63 2.48 7.31 8.50 3.51 3.42 6.43 3.60 5.37 5.31 8.33 3.84 3.37 5.93 5.19 6.24 
3.39 4.57 4.73 8.24 4.93 9.71 4.34 2.53 1.10 5.02 5.12 5.90 6.21 1.32 7.58 0.76 5.05 4.60 4.62 8.75 1.88 5.94 2.92 6.04 6.79 9.11 4.70 4.33 1.89 7.91 6.06 1.37 9.38 4.51 6.50 9.16 5.31 8.34 2.95 2.45 4.34 3.43 1.80 9.32 7.65 
4.64 8.41 6.41 2.17 6.94 6.77 3.04 7.44 7.31 5.25 2.52 8.07 8.32 8.06 1.61 7.49 1.79 2.52 2.74 3.39 5.26 3.87 5.34 10.05 0.53 5.86 5.48 5.68 7.90 5.42 3.43 8.05 2.92 3.20 8.66 2.59 2.53 2.20 3.81 6.35 7.60 5.54 4.96 3.63 0.90 
7.32 0.33 2.62 9.07 2.24 7.94 7.53 6.95 5.42 3.86 8.17 2.21 2.40 4.72 9.98 4.67 7.47 6.10 7.69 8.90 4.08 5.59 3.35 1.65 8.35 7.73 3.47 3.10 6.06 6.51 6.00 4.00 11.52 5.41 2.55 10.24 6.18 9.19 5.56 6.89 1.12 3.06 5.13 9.55 9.32 
1.43 8.16 6.94 5.72 7.41 9.57 0.89 4.29 4.73 6.27 1.07 8.63 8.95 5.74 3.51 5.21 2.13 3.43 1.01 6.83 4.14 5.79 5.03 9.86 3.96 8.71 6.25 6.19 5.06 7.89 5.54 6.03 5.28 4.16 9.30 6.13 4.26 5.77 2.73 3.20 7.53 5.54 3.18 7.16 4.37 
5.40 2.19 1.35 6.85 1.57 6.72 5.33 5.84 4.49 2.02 5.91 2.68 3.00 4.26 7.63 3.93 5.14 3.76 5.46 6.86 2.14 3.55 1.07 3.88 6.02 6.28 1.61 1.17 5.26 5.02 3.90 3.70 9.18 3.08 3.34 8.00 3.88 6.98 3.37 5.44 1.45 0.72 3.24 7.50 6.99 
5.68 4.69 2.42 4.14 2.93 4.41 4.77 7.34 6.38 1.15 5.00 3.94 4.18 6.56 5.76 6.09 3.87 2.28 4.73 3.98 3.50 0.66 2.57 6.16 3.78 3.75 1.49 1.85 7.16 2.59 1.04 6.18 6.98 1.51 4.50 5.33 1.70 4.27 3.41 6.56 3.84 2.30 4.18 4.63 4.70 
7.37 1.74 1.06 7.51 0.54 5.87 7.12 7.80 6.38 2.25 7.62 0.70 1.02 5.97 8.97 5.74 6.69 5.13 7.21 7.15 4.13 3.94 2.96 2.83 7.11 5.69 1.97 1.83 7.12 4.50 4.40 5.32 10.33 4.32 1.36 8.71 4.93 7.63 5.22 7.44 1.17 2.41 5.24 7.79 8.05 
5.01 5.52 3.35 3.34 3.88 4.89 3.91 7.02 6.26 2.15 4.04 4.97 5.21 6.62 4.69 6.09 2.87 1.37 3.82 3.48 3.47 0.99 2.88 7.07 2.74 4.10 2.41 2.68 7.01 3.12 0.81 6.34 5.95 0.87 5.54 4.49 0.63 3.46 2.89 6.13 4.67 2.82 3.88 4.10 3.67 
3.86 7.12 5.19 2.85 5.72 6.48 2.38 6.47 6.16 4.11 2.19 6.89 7.16 6.83 2.72 6.26 1.03 1.19 2.16 3.76 3.94 2.99 4.01 8.77 1.27 5.60 4.29 4.44 6.79 4.89 2.63 6.78 4.24 1.93 7.50 3.65 1.45 2.93 2.57 5.42 6.31 4.23 3.74 4.18 2.18 
8.11 8.53 6.20 2.04 6.62 3.21 6.65 10.52 9.89 4.98 6.36 7.32 7.45 10.29 5.29 9.77 5.29 4.60 6.42 0.70 7.15 3.33 6.47 9.79 3.54 2.39 5.39 5.80 10.62 2.82 3.04 10.01 5.40 4.51 7.68 2.79 3.75 2.09 6.36 9.53 7.69 6.28 7.47 1.04 3.70 
8.26 5.30 3.22 5.20 3.43 2.34 7.32 9.77 8.65 2.55 7.47 3.70 3.74 8.62 7.74 8.22 6.29 4.78 7.25 4.34 5.82 2.45 4.66 6.22 5.64 2.15 2.89 3.30 9.44 1.11 2.79 8.11 8.57 4.07 3.91 6.33 4.02 5.31 5.98 9.06 4.59 4.17 6.66 4.91 6.37 
3.88 3.43 3.02 6.99 3.29 7.96 4.16 4.14 2.86 3.25 4.86 4.37 4.69 2.89 6.99 2.44 4.39 3.43 4.37 7.31 0.68 4.29 1.15 5.09 5.77 7.39 2.93 2.56 3.66 6.17 4.48 2.52 8.70 3.08 5.01 8.02 3.94 7.10 2.26 3.73 2.94 1.65 1.68 7.92 6.71 
8.58 6.56 4.39 4.38 4.66 1.34 7.44 10.41 9.43 3.47 7.45 5.02 5.07 9.53 7.27 9.08 6.26 4.93 7.32 3.32 6.55 2.65 5.50 7.54 5.20 0.84 3.87 4.31 10.21 0.48 2.79 9.08 7.85 4.38 5.24 5.42 4.06 4.48 6.40 9.60 5.82 5.09 7.25 3.82 5.78 
6.02 3.00 0.73 5.84 1.26 5.22 5.54 7.02 5.78 0.59 5.97 2.40 2.68 5.69 7.21 5.31 4.98 3.39 5.59 5.63 3.07 2.32 1.83 4.46 5.35 4.79 0.21 0.36 6.57 3.53 2.74 5.17 8.56 2.57 3.03 7.03 3.16 5.97 3.75 6.44 2.15 1.27 4.07 6.28 6.29 
3.89 8.78 6.96 3.31 7.49 7.90 2.33 6.78 6.88 5.91 1.62 8.67 8.95 7.73 1.11 7.17 1.51 2.90 2.00 4.57 5.24 4.75 5.59 10.46 1.69 7.00 6.08 6.20 7.37 6.48 4.34 7.83 2.90 3.70 9.29 3.52 3.24 3.32 3.67 5.67 8.00 5.90 4.70 4.77 1.77 
10.18 7.73 5.72 5.42 5.90 0.31 9.00 12.01 11.00 4.96 8.97 6.01 5.97 11.06 8.53 10.63 7.78 6.52 8.86 4.16 8.13 4.25 7.04 8.47 6.54 1.21 5.34 5.76 11.79 2.09 4.38 10.58 8.87 5.99 6.07 6.28 5.63 5.50 8.01 11.21 7.06 6.60 8.85 4.48 6.98 
8.96 7.49 5.27 4.01 5.57 1.13 7.71 10.97 10.07 4.28 7.62 5.96 6.01 10.25 7.11 9.78 6.44 5.28 7.54 2.79 7.20 3.17 6.23 8.48 5.12 0.24 4.69 5.13 10.85 1.30 3.18 9.83 7.47 4.84 6.18 4.92 4.37 4.09 6.88 10.11 6.73 5.86 7.81 3.18 5.55 
7.22 8.22 5.90 1.25 6.37 3.88 5.73 9.69 9.14 4.64 5.44 7.20 7.35 9.60 4.42 9.06 4.37 3.79 5.50 0.45 6.46 2.91 5.90 9.59 2.62 3.00 5.03 5.41 9.85 3.06 2.53 9.36 4.72 3.80 7.62 2.25 2.99 1.33 5.56 8.69 7.37 5.78 6.69 1.08 2.84 
6.78 1.24 1.09 7.61 0.73 6.49 6.68 7.04 5.59 2.35 7.23 1.38 1.69 5.16 8.78 4.94 6.39 4.90 6.79 7.39 3.50 4.09 2.42 2.73 7.03 6.23 1.98 1.67 6.33 5.00 4.52 4.51 10.24 4.14 2.01 8.80 4.84 7.74 4.73 6.73 0.43 1.94 4.61 8.04 7.99 
8.65 8.60 6.29 2.68 6.68 2.69 7.22 10.99 10.31 5.11 6.96 7.28 7.38 10.65 5.93 10.14 5.87 5.08 7.00 1.34 7.52 3.56 6.76 9.78 4.17 1.94 5.53 5.96 11.05 2.62 3.34 10.34 6.01 4.91 7.59 3.37 4.20 2.73 6.83 10.03 7.78 6.51 7.90 1.54 4.34 
2.25 5.10 4.25 6.24 4.64 8.34 2.53 3.43 2.73 4.00 3.27 5.82 6.14 3.35 5.60 2.78 3.03 2.64 2.77 6.86 1.05 4.38 2.18 6.77 4.75 7.63 3.82 3.60 3.44 6.52 4.40 3.35 7.38 2.74 6.48 7.13 3.44 6.34 0.91 2.63 4.54 2.76 0.28 7.40 5.61 
5.44 2.25 3.18 8.56 3.15 8.69 5.93 4.84 3.30 4.01 6.65 3.83 4.12 2.68 8.79 2.56 6.18 5.13 6.15 8.72 2.47 5.47 2.40 3.68 7.48 8.27 3.60 3.16 3.96 7.01 5.77 1.99 10.47 4.65 4.37 9.65 5.51 8.68 4.06 4.81 2.23 2.52 3.33 9.35 8.44 
7.29 8.38 6.06 1.17 6.53 3.96 5.79 9.79 9.25 4.79 5.48 7.35 7.51 9.72 4.39 9.18 4.43 3.89 5.55 0.33 6.59 3.06 6.04 9.75 2.63 3.09 5.18 5.56 9.96 3.19 2.68 9.49 4.62 3.93 7.78 2.13 3.11 1.24 5.67 8.78 7.53 5.93 6.80 0.93 2.80 
2.92 8.55 6.93 4.26 7.45 8.57 1.46 5.83 6.05 6.02 0.67 8.66 8.96 6.97 1.93 6.41 1.32 2.94 1.15 5.46 4.75 5.11 5.32 10.25 2.54 7.68 6.11 6.16 6.49 7.03 4.76 7.14 3.74 3.77 9.31 4.55 3.53 4.29 3.17 4.72 7.82 5.71 4.05 5.72 2.79 
6.16 10.78 8.75 3.11 9.28 8.24 4.66 9.07 9.23 7.56 3.91 10.38 10.63 10.09 1.31 9.52 3.80 4.87 4.34 4.40 7.50 6.06 7.68 12.41 2.68 7.36 7.81 8.03 9.71 7.23 5.59 10.17 0.56 5.56 10.95 2.45 4.86 3.03 5.97 7.97 9.96 7.90 7.04 4.26 1.78 
3.65 8.86 7.11 3.66 7.63 8.23 2.13 6.56 6.72 6.10 1.38 8.83 9.11 7.61 1.22 7.05 1.53 3.04 1.82 4.92 5.22 5.00 5.65 10.55 2.04 7.33 6.24 6.34 7.19 6.78 4.60 7.74 3.04 3.86 9.45 3.85 3.47 3.68 3.64 5.45 8.10 5.99 4.62 5.12 2.11 
6.75 4.73 2.42 4.49 2.82 3.49 5.84 8.33 7.27 1.32 6.04 3.57 3.73 7.35 6.58 6.91 4.88 3.32 5.79 3.99 4.41 1.10 3.32 5.99 4.51 2.96 1.73 2.17 8.06 1.71 1.55 6.90 7.63 2.58 4.01 5.68 2.64 4.61 4.47 7.58 3.91 2.91 5.19 4.63 5.35 
3.24 7.88 6.13 3.51 6.66 7.61 1.63 6.06 6.04 5.15 1.15 7.86 8.14 6.86 2.04 6.29 0.57 2.07 1.33 4.63 4.30 4.15 4.67 9.57 1.75 6.73 5.27 5.36 6.57 6.06 3.80 6.93 3.80 2.90 8.49 4.00 2.59 3.56 2.74 4.96 7.12 5.01 3.80 4.94 2.27 
7.87 0.56 2.64 9.19 2.17 7.68 7.99 7.60 6.07 3.92 8.60 1.80 1.92 5.38 10.30 5.32 7.84 6.41 8.14 8.93 4.60 5.66 3.75 1.18 8.59 7.54 3.56 3.25 6.71 6.36 6.09 4.66 11.79 5.68 2.01 10.38 6.41 9.32 6.02 7.51 1.28 3.38 5.67 9.58 9.56 
5.33 7.15 4.96 1.78 5.48 5.04 3.89 7.80 7.30 3.71 3.70 6.52 6.74 7.83 3.43 7.28 2.55 1.93 3.69 2.32 4.74 2.13 4.39 8.69 1.34 4.15 4.02 4.30 7.99 3.59 1.66 7.65 4.44 2.14 7.06 2.88 1.28 1.89 3.69 6.79 6.30 4.41 4.84 2.83 2.15 
1.60 5.94 5.46 7.26 5.79 9.67 2.72 2.13 1.87 5.32 3.51 6.92 7.24 2.82 6.07 2.29 3.71 3.79 3.04 8.00 2.14 5.71 3.38 7.54 5.64 8.96 5.12 4.85 2.40 7.85 5.70 3.11 7.89 4.03 7.57 8.03 4.66 7.35 2.03 1.29 5.51 3.97 1.12 8.51 6.40 
1.49 7.46 7.06 8.13 7.40 11.08 3.10 1.52 2.47 6.88 3.75 8.52 8.84 3.57 6.31 3.19 4.40 4.97 3.41 9.04 3.74 7.10 4.98 9.01 6.40 10.31 6.69 6.45 2.49 9.27 7.02 4.10 8.08 5.37 9.17 8.72 5.87 8.19 3.34 0.60 7.08 5.57 2.69 9.48 6.99 
6.43 1.67 0.70 7.16 0.58 6.23 6.26 6.85 5.45 1.92 6.79 1.64 1.96 5.11 8.31 4.84 5.93 4.43 6.37 6.96 3.18 3.65 2.03 3.20 6.55 5.92 1.53 1.20 6.21 4.67 4.07 4.49 9.76 3.66 2.30 8.34 4.37 7.28 4.32 6.48 0.82 1.52 4.28 7.61 7.52 
4.12 7.94 5.99 2.58 6.53 6.83 2.53 6.88 6.73 4.89 2.09 7.68 7.95 7.47 1.92 6.90 1.22 2.01 2.24 3.70 4.68 3.64 4.82 9.59 0.82 5.93 5.09 5.25 7.31 5.37 3.23 7.46 3.43 2.75 8.29 3.14 2.18 2.63 3.23 5.80 7.13 5.05 4.37 4.01 1.49 
5.03 2.87 1.43 6.15 1.84 6.33 4.79 5.82 4.58 1.58 5.33 3.05 3.37 4.52 6.95 4.12 4.50 3.06 4.90 6.20 1.91 2.93 0.65 4.53 5.31 5.82 1.22 0.85 5.37 4.57 3.24 4.04 8.48 2.37 3.72 7.29 3.17 6.28 2.86 5.29 2.08 0.06 2.96 6.84 6.29 
3.32 4.39 3.14 5.58 3.58 7.15 3.08 4.60 3.69 2.78 3.68 4.80 5.12 4.05 5.61 3.52 3.02 1.98 3.22 6.00 0.92 3.24 1.19 6.09 4.32 6.48 2.62 2.44 4.45 5.33 3.32 3.83 7.28 1.75 5.47 6.59 2.57 5.69 1.12 3.86 3.70 1.69 1.46 6.58 5.26 
5.13 2.20 2.00 7.28 2.14 7.38 5.26 5.30 3.89 2.67 5.90 3.13 3.44 3.60 7.80 3.29 5.25 3.99 5.43 7.38 1.85 4.11 1.17 3.89 6.32 6.93 2.26 1.82 4.65 5.67 4.42 3.03 9.42 3.41 3.76 8.40 4.26 7.40 3.29 4.98 1.66 1.16 2.94 8.01 7.29 
3.50 4.66 3.13 5.01 3.61 6.68 2.98 5.08 4.24 2.53 3.48 4.84 5.15 4.63 5.20 4.10 2.68 1.45 3.06 5.42 1.50 2.73 1.45 6.35 3.80 5.98 2.45 2.37 5.00 4.86 2.77 4.42 6.83 1.17 5.50 6.03 1.99 5.12 1.19 4.27 3.91 1.81 1.91 6.00 4.75 
1.64 5.70 4.84 6.25 5.24 8.71 2.07 3.16 2.75 4.52 2.84 6.42 6.75 3.54 5.29 2.97 2.80 2.76 2.34 6.97 1.66 4.74 2.78 7.37 4.67 7.97 4.37 4.17 3.37 6.90 4.69 3.65 7.09 3.03 7.09 7.06 3.63 6.34 1.01 2.24 5.15 3.35 0.62 7.48 5.46 
3.76 3.55 3.13 6.99 3.41 8.04 4.08 4.03 2.77 3.34 4.79 4.49 4.81 2.82 6.94 2.36 4.33 3.41 4.29 7.34 0.60 4.34 1.24 5.20 5.75 7.46 3.03 2.67 3.56 6.25 4.52 2.48 8.65 3.10 5.14 8.01 3.95 7.10 2.19 3.60 3.07 1.75 1.57 7.94 6.68 
6.30 1.93 3.52 9.33 3.36 9.07 6.83 5.46 3.91 4.54 7.55 3.76 4.00 3.09 9.67 3.13 7.07 5.97 7.05 9.41 3.37 6.12 3.18 3.03 8.32 8.73 4.12 3.68 4.48 7.47 6.45 2.37 11.35 5.44 4.19 10.44 6.29 9.45 4.96 5.55 2.25 3.19 4.22 10.05 9.28 
4.75 9.18 7.23 2.65 7.76 7.52 3.17 7.63 7.67 6.10 2.49 8.90 9.16 8.49 0.75 7.92 2.17 3.25 2.85 3.97 5.85 4.74 6.05 10.83 1.35 6.62 6.31 6.49 8.19 6.24 4.29 8.54 2.21 3.99 9.50 2.69 3.37 2.64 4.33 6.52 8.38 6.30 5.42 4.08 1.00 
2.94 4.37 3.75 6.66 4.08 8.27 3.29 3.54 2.52 3.71 4.03 5.22 5.54 2.90 6.29 2.36 3.69 3.02 3.52 7.15 0.43 4.40 1.69 6.03 5.28 7.62 3.46 3.17 3.30 6.44 4.49 2.77 8.04 2.91 5.88 7.62 3.71 6.77 1.52 2.95 3.86 2.27 0.74 7.72 6.18 
6.94 8.92 6.64 0.29 7.14 4.95 5.37 9.59 9.21 5.37 4.94 8.05 8.24 9.78 3.52 9.22 4.02 3.86 5.10 1.11 6.70 3.64 6.33 10.38 2.05 4.08 5.73 6.07 9.87 4.13 3.19 9.62 3.63 4.10 8.52 1.19 3.24 0.29 5.58 8.53 8.07 6.31 6.75 1.17 1.94 
7.95 6.04 3.80 4.19 4.11 2.01 6.86 9.74 8.75 2.82 6.90 4.59 4.67 8.86 6.90 8.41 5.71 4.33 6.74 3.29 5.88 2.00 4.83 7.10 4.80 1.44 3.23 3.67 9.54 0.19 2.19 8.42 7.61 3.74 4.88 5.30 3.47 4.30 5.75 8.94 5.26 4.43 6.58 3.86 5.46 
1.92 6.87 5.45 4.77 5.94 8.11 0.68 4.59 4.50 4.72 1.21 7.17 7.47 5.33 3.50 4.76 1.07 1.90 0.74 5.69 2.99 4.25 3.66 8.57 3.06 7.27 4.72 4.69 5.04 6.39 4.04 5.43 5.30 2.60 7.83 5.43 2.77 4.84 1.41 3.51 6.18 4.11 2.31 6.12 3.76 
7.25 8.66 6.35 0.86 6.83 4.32 5.72 9.81 9.33 5.08 5.36 7.68 7.85 9.84 4.11 9.29 4.35 3.96 5.47 0.48 6.73 3.34 6.24 10.06 2.47 3.45 5.46 5.83 10.03 3.57 2.94 9.64 4.26 4.08 8.12 1.75 3.23 0.91 5.73 8.78 7.81 6.15 6.88 0.80 2.53 
8.05 7.65 5.34 2.75 5.73 2.39 6.70 10.26 9.50 4.17 6.53 6.36 6.46 9.80 5.86 9.30 5.38 4.40 6.51 1.57 6.68 2.66 5.86 8.85 3.91 1.50 4.59 5.02 10.26 1.77 2.50 9.46 6.22 4.12 6.69 3.70 3.50 2.83 6.11 9.34 6.83 5.60 7.13 2.06 4.29 
6.30 5.87 3.55 3.13 4.02 3.59 5.14 8.29 7.45 2.28 5.18 4.89 5.07 7.72 5.34 7.23 3.99 2.63 5.02 2.76 4.61 0.60 3.79 7.25 3.25 2.80 2.68 3.08 8.22 1.87 0.49 7.38 6.29 2.15 5.36 4.32 1.76 3.25 4.18 7.42 5.02 3.55 5.13 3.41 4.03 
5.72 6.30 4.04 2.52 4.54 4.26 4.45 7.91 7.21 2.77 4.42 5.52 5.73 7.60 4.50 7.07 3.23 2.05 4.30 2.51 4.45 1.08 3.84 7.78 2.41 3.41 3.11 3.45 7.95 2.65 0.61 7.33 5.50 1.81 6.04 3.71 1.14 2.65 3.75 6.98 5.45 3.73 4.80 3.13 3.22 
3.48 5.83 6.18 9.28 6.36 11.12 4.83 1.35 0.37 6.47 5.60 7.29 7.59 1.16 8.18 1.02 5.82 5.70 5.14 9.92 3.24 7.28 4.36 7.17 7.72 10.50 6.15 5.79 0.43 9.31 7.37 1.83 10.00 5.75 7.87 10.11 6.50 9.37 3.95 1.89 5.70 4.88 2.79 10.46 8.50 
8.22 7.89 5.58 2.73 5.97 2.40 6.84 10.46 9.72 4.41 6.66 6.58 6.68 10.03 5.89 9.52 5.52 4.58 6.65 1.49 6.90 2.90 6.10 9.07 3.99 1.54 4.83 5.25 10.47 1.96 2.72 9.69 6.18 4.33 6.90 3.62 3.69 2.81 6.30 9.53 7.07 5.83 7.34 1.93 4.32 
7.58 5.87 3.60 3.99 3.94 2.37 6.48 9.38 8.41 2.55 6.54 4.51 4.62 8.54 6.59 8.08 5.35 3.95 6.37 3.18 5.53 1.63 4.51 7.01 4.50 1.74 2.96 3.40 9.19 0.55 1.82 8.11 7.37 3.36 4.85 5.13 3.10 4.11 5.38 8.57 5.08 4.13 6.22 3.78 5.19 
6.45 4.47 2.14 4.59 2.57 3.86 5.59 7.97 6.91 0.97 5.82 3.42 3.61 6.98 6.50 6.54 4.69 3.10 5.55 4.19 4.04 1.06 2.95 5.79 4.47 3.32 1.39 1.83 7.70 2.08 1.53 6.53 7.63 2.33 3.91 5.79 2.48 4.71 4.16 7.24 3.64 2.54 4.84 4.84 5.34 
7.98 9.65 7.34 1.32 7.81 4.76 6.41 10.63 10.23 6.07 5.96 8.63 8.78 10.77 4.31 10.22 5.06 4.87 6.13 1.09 7.68 4.33 7.23 11.03 3.07 3.97 6.45 6.83 10.90 4.34 3.93 10.59 4.03 5.04 9.05 1.37 4.19 1.26 6.61 9.58 8.80 7.15 7.77 0.55 2.81 
2.32 5.01 4.44 6.83 4.78 8.80 2.93 2.95 2.15 4.34 3.70 5.91 6.24 2.78 6.11 2.21 3.57 3.22 3.19 7.43 1.12 4.88 2.37 6.65 5.33 8.12 4.12 3.84 2.87 6.98 4.92 2.82 7.90 3.28 6.57 7.71 4.01 6.92 1.49 2.28 4.53 2.96 0.32 7.98 6.18 
8.01 9.01 6.68 1.57 7.13 3.90 6.49 10.53 10.01 5.43 6.13 7.89 8.03 10.48 4.81 9.94 5.12 4.65 6.24 0.43 7.34 3.72 6.77 10.33 3.24 3.10 5.83 6.22 10.72 3.49 3.37 10.24 4.77 4.68 8.28 2.13 3.87 1.58 6.42 9.52 8.17 6.63 7.56 0.33 3.23 
3.29 6.67 6.92 9.52 7.13 11.70 4.79 0.58 1.13 7.11 5.53 8.09 8.40 1.97 8.12 1.87 5.92 6.03 5.11 10.25 3.83 7.79 5.01 8.02 7.88 11.03 6.82 6.48 0.57 9.87 7.83 2.66 9.93 6.18 8.69 10.27 6.87 9.60 4.26 1.51 6.51 5.56 3.17 10.76 8.60 
3.40 8.02 6.24 3.39 6.77 7.59 1.80 6.24 6.22 5.24 1.27 7.96 8.25 7.04 1.86 6.47 0.74 2.18 1.49 4.53 4.47 4.19 4.82 9.71 1.63 6.70 5.38 5.48 6.76 6.06 3.82 7.11 3.62 3.00 8.59 3.84 2.64 3.43 2.92 5.14 7.25 5.14 3.98 4.83 2.10 
7.66 8.31 5.98 1.68 6.42 3.48 6.19 10.09 9.49 4.73 5.91 7.18 7.32 9.91 4.90 9.38 4.83 4.17 5.97 0.43 6.77 3.04 6.13 9.62 3.10 2.61 5.13 5.53 10.21 2.83 2.71 9.65 5.11 4.11 7.57 2.56 3.34 1.74 5.94 9.10 7.46 5.97 7.05 1.02 3.31 
3.10 6.85 5.11 3.63 5.63 7.05 1.68 5.69 5.43 4.16 1.68 6.83 7.12 6.15 3.00 5.57 0.54 1.08 1.51 4.52 3.38 3.34 3.66 8.54 1.99 6.19 4.26 4.34 6.04 5.39 3.05 6.13 4.68 1.91 7.47 4.38 1.77 3.71 1.90 4.64 6.08 3.97 3.05 4.95 2.81 
7.32 5.98 3.67 3.67 4.05 2.59 6.19 9.20 8.27 2.55 6.23 4.70 4.82 8.44 6.25 7.97 5.03 3.67 6.07 2.91 5.39 1.39 4.42 7.18 4.15 1.87 2.97 3.41 9.05 0.82 1.53 8.03 7.03 3.12 5.07 4.82 2.80 3.78 5.15 8.37 5.17 4.08 6.03 3.53 4.84 
9.08 6.50 4.44 5.03 4.64 1.12 7.99 10.79 9.74 3.68 8.03 4.84 4.85 9.77 7.92 9.35 6.84 5.46 7.88 3.94 6.88 3.13 5.77 7.34 5.85 1.13 4.05 4.47 10.53 0.99 3.33 9.28 8.50 4.86 4.98 6.05 4.61 5.13 6.85 10.02 5.80 5.31 7.64 4.41 6.43 
3.41 4.82 5.06 8.50 5.25 10.05 4.46 2.26 0.78 5.36 5.25 6.19 6.50 1.08 7.75 0.51 5.25 4.87 4.76 9.04 2.20 6.26 3.25 6.25 7.03 9.44 5.04 4.67 1.56 8.24 6.38 1.30 9.55 4.81 6.79 9.40 5.60 8.60 3.19 2.30 4.62 3.76 2.02 9.60 7.87 
6.39 2.80 0.47 6.12 0.95 5.15 5.94 7.30 6.02 0.83 6.36 2.03 2.30 5.87 7.57 5.51 5.37 3.78 5.99 5.84 3.38 2.56 2.13 4.18 5.69 4.78 0.57 0.65 6.81 3.53 3.00 5.32 8.91 2.95 2.64 7.31 3.51 6.24 4.13 6.76 1.97 1.54 4.41 6.49 6.63 
8.58 2.29 2.20 8.27 1.72 5.83 8.30 8.94 7.49 3.19 8.77 0.53 0.22 7.00 9.99 6.82 7.81 6.22 8.38 7.74 5.34 4.73 4.17 2.58 8.06 5.84 3.02 2.96 8.22 4.77 5.21 6.32 11.26 5.39 0.23 9.46 5.92 8.39 6.41 8.63 2.12 3.62 6.45 8.37 8.97 
8.88 1.57 3.39 9.93 2.87 7.93 8.98 8.55 7.01 4.65 9.58 2.07 2.03 6.25 11.21 6.24 8.79 7.32 9.13 9.57 5.61 6.36 4.73 0.47 9.44 7.91 4.33 4.08 7.62 6.79 6.82 5.53 12.65 6.56 1.94 11.13 7.25 10.06 7.01 8.49 2.22 4.33 6.68 10.21 10.40 
3.73 3.75 2.77 6.16 3.15 7.30 3.70 4.57 3.46 2.69 4.34 4.33 4.65 3.64 6.30 3.15 3.72 2.63 3.86 6.49 0.60 3.52 0.69 5.45 4.98 6.69 2.44 2.15 4.25 5.49 3.68 3.33 7.97 2.26 4.99 7.21 3.12 6.28 1.73 3.97 3.11 1.28 1.62 7.09 5.93 
4.31 3.01 2.64 7.06 2.88 7.74 4.53 4.54 3.20 3.00 5.20 3.94 4.26 3.10 7.25 2.70 4.65 3.57 4.72 7.30 1.05 4.18 0.98 4.68 5.93 7.21 2.64 2.25 3.98 5.97 4.41 2.65 8.92 3.14 4.58 8.12 4.00 7.17 2.59 4.16 2.50 1.37 2.11 7.92 6.88 
8.01 5.92 3.71 4.35 4.01 2.02 6.93 9.75 8.74 2.77 6.99 4.45 4.53 8.83 7.03 8.39 5.80 4.40 6.82 3.45 5.87 2.05 4.80 6.97 4.94 1.52 3.17 3.61 9.53 0.27 2.28 8.37 7.76 3.79 4.73 5.46 3.56 4.46 5.79 8.97 5.16 4.39 6.59 4.02 5.60 
5.16 3.03 3.99 8.99 3.99 9.45 5.88 4.17 2.62 4.73 6.63 4.67 4.95 1.87 8.92 1.84 6.32 5.44 6.13 9.25 2.61 6.08 2.91 4.31 7.78 8.99 4.33 3.89 3.22 7.74 6.34 1.16 10.66 5.07 5.20 10.03 5.93 9.10 4.15 4.29 3.07 3.15 3.22 9.87 8.72 
6.60 2.39 0.18 6.56 0.51 5.42 6.23 7.34 6.01 1.27 6.69 1.63 1.92 5.77 7.98 5.45 5.73 4.15 6.30 6.26 3.49 3.00 2.24 3.74 6.11 5.10 0.98 0.89 6.79 3.86 3.44 5.19 9.33 3.34 2.27 7.75 3.93 6.68 4.38 6.86 1.58 1.65 4.55 6.91 7.06 
8.48 1.80 4.13 10.61 3.70 9.23 8.87 7.66 6.12 5.39 9.54 3.32 3.39 5.22 11.46 5.33 8.92 7.61 9.06 10.43 5.38 7.12 4.81 1.18 9.88 9.11 5.00 4.65 6.64 7.92 7.54 4.51 13.03 6.94 3.40 11.78 7.72 10.74 6.93 7.79 2.65 4.58 6.34 11.08 10.85 
7.74 0.45 2.69 9.22 2.24 7.82 7.89 7.41 5.88 3.96 8.52 1.97 2.11 5.17 10.26 5.12 7.78 6.37 8.05 8.99 4.48 5.69 3.67 1.26 8.58 7.66 3.58 3.26 6.52 6.46 6.12 4.45 11.77 5.65 2.21 10.40 6.40 9.34 5.92 7.34 1.26 3.33 5.54 9.64 9.54 
4.03 4.64 5.17 9.04 5.30 10.35 5.10 2.53 0.99 5.62 5.89 6.15 6.45 0.52 8.38 0.20 5.86 5.41 5.39 9.53 2.63 6.65 3.54 5.96 7.61 9.78 5.27 4.87 1.57 8.56 6.80 0.71 10.18 5.28 6.72 9.97 6.10 9.15 3.77 2.79 4.56 3.99 2.62 10.11 8.47 
7.15 2.06 4.08 10.14 3.82 9.57 7.72 6.10 4.57 5.20 8.44 3.95 4.14 3.64 10.56 3.78 7.96 6.84 7.94 10.16 4.27 6.84 4.03 2.61 9.18 9.30 4.78 4.36 5.06 8.05 7.20 2.94 12.23 6.28 4.26 11.27 7.12 10.26 5.86 6.30 2.65 3.98 5.10 10.81 10.14 
6.42 5.87 3.54 3.18 4.00 3.48 5.26 8.39 7.54 2.29 5.30 4.86 5.03 7.80 5.44 7.30 4.11 2.75 5.14 2.76 4.69 0.65 3.85 7.23 3.35 2.69 2.69 3.10 8.31 1.75 0.61 7.45 6.37 2.26 5.32 4.37 1.88 3.30 4.29 7.52 5.02 3.60 5.23 3.41 4.12 
6.71 10.40 8.24 2.03 8.76 7.10 5.12 9.58 9.55 7.00 4.46 9.80 10.01 10.31 2.11 9.74 4.00 4.67 4.81 3.23 7.49 5.37 7.46 11.96 2.31 6.24 7.30 7.57 10.10 6.25 4.90 10.30 1.49 5.23 10.32 1.18 4.43 1.93 6.07 8.48 9.55 7.58 7.21 3.02 1.37 
8.27 1.72 2.06 8.42 1.54 6.29 8.10 8.49 7.01 3.21 8.61 0.42 0.41 6.48 9.97 6.32 7.69 6.13 8.19 7.98 5.00 4.86 3.89 2.12 8.09 6.25 2.97 2.83 7.73 5.13 5.32 5.79 11.31 5.32 0.56 9.62 5.91 8.54 6.17 8.22 1.63 3.36 6.11 8.61 9.03 
7.08 11.53 9.44 3.39 9.97 8.44 5.57 9.98 10.15 8.23 4.82 11.04 11.27 11.00 2.22 10.43 4.69 5.67 5.25 4.56 8.36 6.65 8.49 13.14 3.39 7.58 8.50 8.74 10.63 7.61 6.18 11.07 0.48 6.32 11.59 2.45 5.57 3.29 6.85 8.88 10.70 8.67 7.94 4.30 2.42 
4.88 8.13 6.06 1.80 6.59 6.25 3.30 7.61 7.38 4.87 2.86 7.70 7.94 8.07 2.09 7.50 1.97 2.33 3.02 2.95 5.17 3.42 5.13 9.74 0.04 5.35 5.13 5.35 8.00 4.91 2.97 8.02 3.23 2.92 8.27 2.43 2.18 1.85 3.81 6.54 7.30 5.28 4.98 3.23 0.99 
6.12 1.24 2.33 8.32 2.18 7.88 6.37 5.85 4.34 3.37 7.03 2.75 3.03 3.76 8.95 3.62 6.40 5.13 6.55 8.31 2.90 5.00 2.31 2.84 7.44 7.54 2.95 2.52 5.02 6.28 5.36 3.07 10.56 4.51 3.28 9.46 5.34 8.45 4.42 5.72 1.16 2.17 3.93 8.96 8.41 
7.80 0.64 2.95 9.46 2.52 8.11 8.02 7.37 5.83 4.21 8.65 2.25 2.38 5.08 10.44 5.06 7.94 6.56 8.18 9.25 4.57 5.95 3.83 1.16 8.79 7.95 3.84 3.50 6.45 6.75 6.37 4.36 11.97 5.86 2.46 10.64 6.62 9.59 6.05 7.34 1.49 3.52 5.61 9.90 9.76 
3.77 7.90 6.03 2.94 6.56 7.13 2.17 6.55 6.45 4.97 1.72 7.73 8.01 7.22 1.92 6.64 0.91 1.98 1.88 4.06 4.51 3.82 4.73 9.56 1.18 6.24 5.13 5.27 7.02 5.63 3.43 7.24 3.55 2.76 8.35 3.47 2.30 2.99 3.01 5.46 7.10 5.01 4.12 4.37 1.78 
8.93 4.72 3.07 6.47 3.07 3.08 8.16 10.11 8.86 2.92 8.40 2.91 2.86 8.67 8.90 8.34 7.26 5.68 8.13 5.62 6.16 3.46 4.92 5.34 6.81 3.20 3.12 3.44 9.64 2.37 3.87 8.09 9.81 4.90 2.94 7.61 5.02 6.58 6.62 9.51 4.16 4.36 7.12 6.18 7.58 
