5.78 2.27 6.36 6.13 5.31 
4.40 3.11 1.18 2.82 10.58 
6.67 1.82 5.60 4.73 6.21 
4.94 3.08 1.04 2.26 10.57 
7.13 5.09 9.07 8.99 3.35 
1.75 5.76 6.90 8.56 9.83 
7.63 2.68 6.09 4.83 6.23 
3.32 4.38 7.00 7.99 7.34 
2.87 2.29 4.56 5.51 8.06 
10.34 7.19 11.30 10.56 0.48 
9.73 7.24 11.34 10.89 1.06 
4.51 3.50 0.87 2.84 10.96 
0.26 5.24 5.35 7.28 10.70 
5.93 3.02 7.05 6.92 4.76 
8.73 5.94 10.06 9.59 1.71 
5.02 2.74 6.54 6.72 5.57 
2.25 5.31 7.00 8.44 8.93 
8.07 3.40 4.69 2.67 8.82 
7.79 3.32 7.22 6.24 4.73 
2.34 3.32 5.42 6.56 8.13 
3.68 2.20 5.35 5.94 7.04 
4.97 3.09 1.03 2.23 10.57 
2.13 2.98 3.71 5.19 9.39 
4.01 1.22 3.27 3.84 8.49 
7.36 2.75 4.15 2.39 8.70 
4.78 4.36 0.73 3.16 11.83 
3.21 2.60 2.53 3.97 9.75 
6.92 1.91 5.03 3.86 7.09 
4.33 4.10 7.32 7.97 6.21 
9.41 4.47 7.59 5.94 6.07 
7.08 2.64 6.63 5.82 5.12 
7.28 5.41 9.37 9.32 3.29 
8.01 3.04 5.46 3.77 7.57 
7.39 3.57 7.67 7.02 3.96 
5.65 1.35 3.24 2.64 8.52 
1.19 4.61 4.17 6.18 10.82 
8.90 3.91 6.29 4.41 7.51 
1.52 5.90 6.78 8.53 10.21 
1.25 4.17 4.05 5.94 10.37 
4.49 1.00 3.17 3.44 8.46 
11.69 6.74 9.57 7.63 6.77 
4.04 3.73 6.89 7.56 6.43 
8.26 3.25 6.15 4.56 6.83 
0.39 4.84 5.43 7.20 10.07 
8.87 6.36 10.45 10.06 1.63 
8.70 4.75 8.78 7.88 3.11 
3.61 1.46 3.51 4.25 8.43 
6.70 2.79 2.94 1.34 9.60 
8.96 4.47 5.03 2.69 9.76 
4.86 2.11 2.02 2.44 9.59 
3.72 1.33 4.14 4.72 7.83 
4.17 0.90 4.21 4.55 7.58 
6.68 3.11 7.23 6.80 4.38 
3.95 2.59 1.87 3.22 9.99 
9.11 4.22 5.96 3.87 8.40 
9.36 6.99 11.08 10.70 1.40 
8.06 3.17 5.20 3.39 8.03 
9.71 4.81 8.01 6.36 5.82 
10.06 5.61 9.35 8.02 3.93 
5.68 4.38 8.09 8.36 4.83 
8.91 4.17 7.74 6.38 5.08 
7.89 3.24 4.55 2.58 8.80 
4.28 2.55 1.70 2.89 10.01 
5.80 1.02 5.04 4.54 6.59 
9.10 6.07 10.19 9.60 1.43 
8.64 4.74 8.79 7.91 3.06 
5.28 2.87 1.36 1.88 10.32 
9.37 4.36 6.93 5.06 7.17 
1.23 4.56 5.80 7.35 9.29 
9.34 4.35 7.25 5.51 6.55 
9.83 7.19 11.30 10.80 0.80 
6.61 1.75 5.54 4.69 6.26 
5.63 5.20 1.11 3.21 12.69 
4.55 1.69 2.44 2.90 9.17 
5.80 1.61 3.11 2.39 8.73 
7.49 3.73 7.83 7.19 3.79 
5.94 2.62 2.14 1.43 9.87 
2.72 2.59 4.85 5.85 8.01 
1.67 3.38 4.08 5.65 9.51 
10.20 6.55 10.60 9.67 1.69 
4.46 4.45 1.11 3.53 11.87 
5.48 1.94 6.00 5.85 5.68 
1.44 5.89 6.71 8.47 10.27 
4.26 1.96 2.26 3.05 9.42 
7.53 5.75 9.71 9.67 3.16 
9.95 4.94 7.38 5.41 7.37 
10.64 6.11 9.75 8.31 4.20 
12.33 7.33 9.84 7.75 7.69 
2.77 2.27 4.24 5.27 8.35 
3.84 2.45 2.06 3.34 9.82 
4.85 4.74 1.02 3.44 12.19 
5.82 0.82 4.37 3.74 7.33 
6.75 3.04 2.72 1.01 9.93 
11.83 6.86 9.59 7.60 7.04 
4.30 1.81 2.39 3.07 9.27 
6.76 2.80 3.02 1.37 9.57 
6.58 3.67 1.88 0.60 10.85 
8.43 4.11 8.03 7.00 4.06 
5.87 2.98 7.00 6.89 4.82 
8.66 6.42 10.48 10.20 1.98 
1.76 5.25 6.66 8.20 9.31 
7.63 4.41 2.79 0.48 11.23 
1.16 5.92 6.45 8.30 10.61 
3.35 1.82 4.49 5.23 7.77 
7.36 2.40 5.79 4.59 6.41 
4.89 3.44 7.06 7.41 5.55 
8.46 5.53 9.65 9.15 2.04 
4.48 3.56 0.86 2.90 11.02 
8.56 5.89 9.99 9.58 1.88 
9.44 5.24 9.15 8.04 3.32 
2.32 2.69 3.99 5.29 8.92 
2.77 3.10 2.68 4.39 10.09 
4.94 1.14 5.14 5.12 6.54 
10.48 6.74 10.76 9.76 1.87 
9.90 4.95 6.85 4.72 8.26 
9.52 7.09 11.18 10.77 1.24 
5.25 1.78 2.48 2.34 9.18 
8.10 3.78 7.72 6.75 4.24 
1.86 4.67 6.33 7.74 8.82 
11.13 6.15 8.92 6.98 6.81 
11.71 6.70 8.90 6.74 8.16 
5.45 2.32 6.33 6.25 5.44 
9.06 4.42 8.08 6.76 4.70 
6.82 4.69 1.58 1.38 11.98 
6.37 3.66 7.69 7.54 4.18 
4.48 3.89 0.81 3.08 11.34 
2.09 3.87 5.80 7.05 8.35 
3.07 2.02 4.33 5.21 8.08 
5.49 4.45 8.07 8.42 5.06 
3.05 4.61 7.01 8.12 7.71 
2.46 3.15 3.02 4.70 9.97 
10.87 5.96 9.01 7.21 6.10 
8.70 3.72 5.99 4.12 7.68 
6.88 4.55 1.70 1.13 11.80 
2.95 2.59 2.84 4.27 9.59 
5.19 0.94 3.30 3.06 8.33 
6.68 4.83 1.39 1.72 12.19 
9.25 6.87 10.96 10.59 1.47 
7.34 2.33 5.28 3.92 7.11 
11.03 6.04 8.76 6.80 6.93 
3.83 1.90 5.15 5.67 7.04 
4.12 4.49 7.50 8.29 6.58 
5.73 4.84 0.73 2.71 12.33 
4.56 2.01 5.73 5.97 6.27 
6.19 2.80 2.24 1.20 9.96 
5.89 2.37 6.46 6.20 5.20 
9.58 5.19 8.99 7.76 3.81 
3.94 2.66 5.96 6.51 6.59 
0.70 4.66 4.61 6.53 10.56 
3.40 3.22 6.11 6.91 7.04 
6.65 4.11 1.64 0.86 11.36 
10.43 7.08 11.17 10.34 0.92 
1.19 5.26 6.28 7.95 9.78 
6.08 2.18 6.30 5.92 5.31 
9.84 6.85 10.96 10.32 0.64 
1.56 3.45 4.33 5.87 9.37 
2.04 3.01 4.44 5.76 8.82 
2.52 2.62 4.60 5.69 8.31 
10.73 5.73 8.32 6.34 7.14 
5.70 4.43 0.43 2.29 11.90 
4.39 2.85 1.38 2.78 10.32 
1.89 5.83 7.03 8.67 9.78 
5.05 4.92 1.06 3.44 12.38 
12.25 7.26 9.87 7.81 7.45 
3.10 3.36 2.23 4.12 10.51 
4.13 2.78 1.59 3.03 10.21 
8.92 5.89 10.01 9.44 1.61 
9.08 6.41 10.52 10.06 1.37 
0.56 4.51 4.77 6.60 10.24 
3.38 3.01 2.09 3.80 10.25 
5.03 1.61 5.59 5.58 6.15 
5.51 4.08 7.79 8.05 4.95 
10.47 5.46 7.82 5.78 7.58 
3.36 3.12 6.00 6.80 7.09 
2.19 2.92 4.62 5.85 8.57 
9.03 4.36 5.38 3.13 9.26 
9.12 4.44 5.46 3.19 9.29 
10.57 6.84 10.86 9.85 1.84 
8.20 4.06 4.02 1.67 10.12 
9.08 6.36 10.47 10.00 1.36 
5.60 1.91 2.59 2.10 9.20 
7.58 4.28 2.80 0.41 11.09 
8.97 5.52 9.63 8.90 2.04 
8.00 3.88 3.86 1.54 10.04 
8.25 5.96 10.02 9.76 2.28 
2.20 3.10 4.98 6.17 8.39 
4.63 2.29 6.00 6.25 6.07 
10.63 6.13 9.79 8.37 4.11 
3.77 3.91 6.89 7.67 6.73 
2.81 2.25 3.61 4.77 8.86 
3.31 2.68 5.55 6.32 7.24 
9.66 6.88 11.00 10.45 0.79 
8.62 3.90 5.18 3.05 8.89 
3.36 1.66 4.01 4.79 8.14 
10.72 6.12 9.68 8.18 4.50 
7.35 5.26 2.07 1.68 12.50 
5.54 0.54 4.45 4.01 7.18 
6.92 4.00 2.08 0.37 11.10 
9.40 4.42 6.61 4.62 7.77 
7.13 5.71 1.94 2.52 13.09 
6.22 5.06 1.06 2.47 12.51 
6.12 4.25 8.13 8.21 4.32 
7.17 5.93 2.06 2.79 13.33 
6.18 1.66 3.54 2.54 8.44 
5.61 0.65 4.12 3.60 7.55 
8.51 4.56 8.60 7.72 3.25 
6.63 2.97 2.63 1.04 9.92 
7.41 3.45 7.54 6.84 4.12 
7.78 5.72 9.74 9.59 2.79 
7.68 2.80 6.32 5.10 5.94 
7.03 2.02 5.19 3.99 6.97 
7.39 4.47 8.57 8.21 3.16 
2.71 3.11 2.74 4.45 10.07 
9.60 6.34 10.44 9.72 1.22 
6.39 2.59 6.71 6.27 4.90 
4.01 2.72 6.05 6.58 6.51 
4.84 3.74 0.50 2.64 11.22 
1.83 3.29 4.77 6.12 8.81 
3.23 4.04 2.11 4.31 11.21 
2.98 2.25 4.67 5.56 7.91 
2.36 3.30 3.05 4.80 10.09 
6.57 4.99 8.85 8.95 4.00 
6.49 5.48 1.45 2.76 12.93 
5.63 0.90 3.75 3.18 7.95 
5.88 4.58 0.62 2.26 12.05 
4.86 0.58 3.54 3.50 8.07 
9.06 4.87 8.81 7.75 3.44 
8.60 3.59 6.41 4.74 6.85 
10.50 5.51 8.27 6.36 6.78 
8.38 5.81 9.90 9.54 2.06 
10.82 5.81 8.21 6.16 7.55 
6.91 3.30 7.42 6.92 4.19 
5.82 0.82 4.35 3.72 7.35 
8.97 4.04 5.97 3.95 8.14 
4.33 2.99 6.44 6.91 6.14 
11.87 6.94 9.82 7.90 6.67 
6.76 4.72 1.50 1.49 12.04 
4.71 0.34 3.88 3.92 7.75 
7.73 3.33 7.28 6.35 4.61 
9.05 5.52 9.61 8.84 2.11 
7.80 3.64 7.66 6.81 4.13 
0.63 4.57 4.66 6.54 10.40 
9.12 4.11 6.56 4.68 7.38 
2.57 5.19 7.12 8.46 8.54 
10.66 6.40 10.21 8.93 3.34 
5.01 2.73 6.54 6.71 5.57 
7.42 4.97 2.20 1.22 12.11 
8.19 4.90 9.02 8.43 2.59 
6.93 1.93 5.28 4.17 6.77 
2.83 3.87 2.47 4.55 10.91 
5.63 3.23 1.22 1.55 10.64 
8.29 4.00 4.28 1.97 9.85 
5.65 2.96 1.52 1.51 10.35 
5.00 1.38 2.78 2.76 8.84 
9.35 4.91 8.71 7.48 3.99 
11.02 6.22 9.49 7.79 5.49 
5.44 2.64 1.70 1.76 10.05 
0.27 5.21 5.30 7.24 10.70 
7.82 3.92 8.00 7.25 3.69 
7.00 5.46 9.33 9.41 3.69 
7.50 3.12 7.09 6.21 4.73 
7.15 2.29 5.96 4.92 6.03 
3.49 4.10 6.88 7.78 7.06 
3.90 1.52 4.78 5.26 7.24 
5.58 1.26 3.26 2.72 8.47 
10.46 5.52 8.51 6.71 6.24 
2.70 2.43 3.47 4.74 9.09 
6.12 1.96 3.09 2.08 8.93 
6.15 2.37 2.65 1.61 9.45 
7.02 2.24 6.03 5.09 5.85 
5.80 4.88 0.77 2.67 12.36 
6.93 3.25 7.37 6.85 4.24 
7.17 3.38 3.01 0.92 10.07 
6.67 5.85 1.79 3.11 13.32 
8.90 3.94 7.05 5.45 6.23 
6.56 5.16 1.33 2.27 12.58 
7.00 4.21 2.04 0.53 11.33 
1.47 3.55 4.37 5.94 9.44 
9.55 5.11 8.89 7.63 3.96 
4.21 2.93 1.43 2.97 10.38 
8.35 4.14 4.22 1.87 10.05 
11.33 6.52 9.75 8.02 5.61 
2.20 3.71 5.72 6.93 8.24 
6.36 1.85 5.89 5.26 5.76 
3.67 2.12 2.50 3.61 9.42 
5.06 0.57 3.60 3.42 8.01 
7.42 4.60 2.37 0.70 11.63 
7.46 3.15 7.16 6.31 4.62 
8.71 4.31 8.18 7.06 4.10 
9.35 4.61 8.13 6.70 5.02 
10.42 5.46 7.33 5.15 8.41 
6.29 4.86 1.02 2.17 12.30 
6.32 1.64 3.82 2.75 8.20 
12.48 7.47 9.72 7.54 8.32 
10.51 7.37 11.48 10.73 0.42 
7.91 3.93 3.64 1.29 10.24 
2.61 4.73 6.84 8.08 8.19 
8.82 4.32 8.11 6.92 4.34 
9.92 5.35 9.00 7.60 4.36 
4.43 2.66 1.54 2.73 10.13 
