5.09 1.35 5.16 1.38 7.76 1.66 2.91 2.47 2.32 5.38 
7.83 2.30 7.98 1.61 10.49 4.37 5.68 1.63 1.96 7.91 
8.97 3.91 8.34 2.58 11.64 4.86 6.08 3.57 1.71 7.85 
2.41 7.15 2.13 7.60 2.94 5.01 3.86 8.37 8.16 3.85 
4.00 3.35 3.10 3.27 6.52 0.54 0.82 4.54 3.68 3.37 
6.25 4.82 4.03 3.91 8.56 2.31 2.45 5.73 3.47 3.05 
2.67 5.42 1.07 5.64 4.61 2.95 1.75 6.66 6.10 2.53 
1.85 7.44 4.40 8.31 0.82 6.20 5.39 8.55 9.16 6.17 
6.27 3.19 5.07 2.09 8.84 1.84 2.88 3.96 1.69 4.59 
5.59 3.00 7.78 4.47 7.78 5.33 6.13 3.04 5.71 8.70 
4.73 5.06 7.81 6.54 6.20 6.47 6.83 5.45 7.79 9.14 
6.54 3.10 5.44 1.87 9.14 2.14 3.23 3.76 1.33 4.96 
6.23 1.00 6.42 0.52 8.90 2.85 4.14 1.47 1.77 6.53 
2.18 6.19 5.69 7.39 2.93 6.00 5.69 7.10 8.46 7.35 
6.45 1.19 6.58 0.42 9.12 3.00 4.30 1.48 1.61 6.64 
6.69 1.11 7.38 1.63 9.31 3.92 5.17 0.27 2.70 7.64 
5.49 4.12 8.14 5.61 7.37 6.13 6.76 4.24 6.86 9.26 
2.62 7.11 1.83 7.50 3.27 4.86 3.67 8.35 8.01 3.53 
5.24 1.15 6.61 2.64 7.78 3.67 4.66 1.66 3.90 7.26 
8.37 2.93 8.27 1.97 11.04 4.67 5.97 2.33 1.85 8.07 
6.10 6.67 2.85 6.06 7.85 3.72 2.91 7.74 5.78 1.16 
6.06 5.19 8.96 6.68 7.63 7.17 7.73 5.25 7.93 10.17 
1.36 4.38 4.13 5.39 3.88 3.81 3.59 5.47 6.38 5.57 
8.48 4.30 7.23 2.81 11.08 4.08 5.12 4.45 1.55 6.48 
4.86 5.98 8.16 7.45 5.92 7.19 7.41 6.41 8.69 9.60 
2.79 4.47 5.87 5.80 4.65 4.99 5.09 5.28 6.96 7.27 
10.21 4.86 9.76 3.75 12.88 6.24 7.49 4.19 3.10 9.28 
5.15 0.46 5.93 1.73 7.80 2.70 3.81 1.67 2.96 6.38 
5.18 2.73 4.30 2.15 7.77 0.78 2.01 3.76 2.38 4.18 
1.91 6.79 5.31 7.88 1.99 6.20 5.69 7.78 8.88 7.03 
8.41 7.39 5.41 6.30 10.38 4.94 4.75 8.19 5.53 3.76 
2.64 2.97 4.12 3.88 5.30 2.53 2.75 4.13 4.87 5.17 
8.86 8.07 5.72 6.99 10.72 5.56 5.29 8.88 6.21 4.00 
5.84 6.59 9.15 8.08 6.77 8.05 8.34 6.87 9.34 10.57 
0.81 6.25 4.13 7.18 2.00 5.24 4.60 7.34 8.09 5.86 
3.64 5.38 6.94 6.79 4.93 6.18 6.29 6.02 7.99 8.41 
4.67 5.59 1.78 5.25 6.61 2.61 1.53 6.75 5.27 1.11 
8.47 7.45 5.47 6.36 10.44 5.00 4.82 8.24 5.58 3.81 
2.96 8.53 4.40 9.27 1.09 6.92 5.92 9.69 10.00 6.11 
1.95 3.75 4.27 4.79 4.51 3.40 3.37 4.83 5.81 5.57 
1.79 6.73 2.38 7.28 2.63 4.79 3.74 7.94 7.92 4.14 
9.38 4.50 8.51 3.11 12.03 5.14 6.31 4.24 2.06 7.88 
8.29 2.70 8.53 2.17 10.94 4.93 6.24 1.81 2.47 8.48 
3.03 2.64 4.06 3.44 5.70 2.06 2.43 3.85 4.39 4.95 
6.47 5.55 3.86 4.67 8.62 2.89 2.72 6.48 4.21 2.59 
5.01 6.96 1.50 6.69 6.42 4.01 2.81 8.14 6.70 0.50 
4.37 4.08 2.70 3.78 6.74 1.10 0.58 5.23 3.96 2.62 
8.71 4.29 7.59 2.80 11.33 4.35 5.44 4.32 1.56 6.88 
5.17 6.32 8.51 7.79 6.11 7.56 7.78 6.71 9.03 9.96 
4.95 3.67 3.47 3.15 7.41 0.84 1.30 4.74 3.21 3.19 
8.39 3.72 7.53 2.25 11.04 4.13 5.31 3.68 1.09 6.97 
6.05 5.13 3.61 4.32 8.27 2.42 2.28 6.10 3.96 2.54 
2.82 5.80 6.27 7.10 3.86 6.07 5.95 6.60 8.24 7.85 
2.55 7.40 2.34 7.86 2.81 5.27 4.12 8.62 8.42 4.03 
5.83 6.14 9.04 7.63 6.97 7.74 8.10 6.36 8.89 10.40 
1.81 4.36 2.57 4.93 4.36 2.65 2.03 5.59 5.66 3.90 
6.36 2.31 5.72 1.05 9.01 2.17 3.43 2.94 0.99 5.48 
4.95 5.99 1.82 5.61 6.77 3.01 1.95 7.14 5.58 0.72 
10.31 4.91 9.91 3.85 12.98 6.38 7.63 4.21 3.25 9.46 
4.54 5.26 7.71 6.73 5.91 6.53 6.82 5.71 7.97 9.08 
1.91 5.12 5.26 6.32 3.63 5.06 4.89 6.05 7.40 6.80 
8.24 4.69 6.63 3.25 10.77 3.81 4.67 5.06 2.09 5.72 
8.32 4.32 6.99 2.83 10.91 3.90 4.91 4.55 1.59 6.21 
2.46 6.44 1.28 6.77 3.73 4.12 2.93 7.68 7.27 3.04 
8.65 3.41 8.25 2.19 11.32 4.70 5.97 2.98 1.61 7.89 
0.44 5.46 3.91 6.39 2.79 4.53 4.01 6.56 7.31 5.55 
6.07 6.56 9.33 8.05 7.06 8.12 8.46 6.77 9.31 10.73 
6.80 1.50 7.81 2.35 9.36 4.47 5.66 0.46 3.43 8.19 
8.22 7.74 5.05 6.75 10.05 5.10 4.72 8.61 6.07 3.32 
6.34 5.01 4.02 4.10 8.61 2.47 2.54 5.92 3.64 2.96 
1.07 6.65 3.56 7.45 1.75 5.26 4.43 7.80 8.25 5.32 
6.87 2.04 8.21 3.08 9.35 5.01 6.15 1.21 4.18 8.71 
1.28 4.60 2.88 5.30 3.89 3.16 2.58 5.80 6.10 4.34 
1.98 7.17 2.79 7.76 2.22 5.30 4.24 8.38 8.42 4.54 
1.88 7.49 4.05 8.29 0.98 6.07 5.19 8.62 9.09 5.81 
4.09 4.50 2.16 4.30 6.35 1.56 0.43 5.68 4.50 2.21 
4.58 4.39 2.62 4.01 6.88 1.41 0.80 5.52 4.10 2.34 
2.23 6.79 1.88 7.23 3.13 4.64 3.49 8.02 7.78 3.63 
3.88 2.02 4.33 2.57 6.56 1.48 2.31 3.26 3.49 4.91 
5.38 0.76 5.72 1.16 8.05 2.27 3.50 1.87 2.33 5.99 
3.93 1.72 4.77 2.59 6.60 2.01 2.84 2.94 3.64 5.43 
5.96 3.31 8.20 4.76 8.10 5.74 6.55 3.21 5.99 9.13 
4.92 0.69 5.71 1.86 7.57 2.54 3.63 1.90 3.07 6.20 
7.94 2.68 7.69 1.48 10.61 4.09 5.38 2.35 1.22 7.44 
3.33 5.50 0.84 5.54 5.22 2.78 1.48 6.72 5.86 1.91 
2.16 7.71 4.75 8.62 0.54 6.54 5.75 8.81 9.48 6.52 
8.73 3.55 8.26 2.29 11.41 4.72 5.98 3.16 1.60 7.85 
5.10 0.83 5.53 1.44 7.77 2.16 3.34 2.03 2.58 5.87 
4.77 3.06 7.11 4.56 6.94 4.96 5.61 3.42 5.81 8.14 
8.60 7.25 5.72 6.10 10.65 4.94 4.88 7.99 5.26 4.11 
4.01 5.95 7.40 7.36 4.99 6.76 6.84 6.54 8.57 8.91 
2.53 3.97 5.35 5.24 4.72 4.33 4.46 4.87 6.37 6.69 
2.07 6.04 1.49 6.43 3.64 3.84 2.72 7.27 6.99 3.24 
5.63 6.88 2.22 6.43 7.20 3.90 2.87 8.01 6.29 0.45 
6.49 4.19 4.70 3.12 8.93 2.18 2.78 4.99 2.57 3.90 
4.14 7.06 0.78 7.03 5.29 4.27 2.97 8.28 7.23 1.60 
7.39 7.54 4.10 6.73 9.09 4.71 4.10 8.52 6.23 2.34 
3.42 6.61 6.93 7.94 3.87 6.92 6.76 7.36 9.09 8.56 
3.69 2.19 4.19 2.77 6.37 1.50 2.22 3.43 3.67 4.82 
3.26 4.91 1.43 4.96 5.40 2.21 0.94 6.13 5.32 2.25 
6.10 6.49 2.93 5.85 7.92 3.56 2.81 7.55 5.56 1.30 
1.08 6.61 4.14 7.52 1.64 5.50 4.80 7.71 8.40 5.89 
8.41 6.57 5.79 5.36 10.60 4.47 4.62 7.26 4.46 4.33 
2.67 4.42 5.72 5.73 4.58 4.87 4.95 5.25 6.88 7.12 
4.30 5.51 1.47 5.27 6.24 2.56 1.37 6.69 5.38 1.24 
3.69 4.28 2.15 4.22 6.02 1.46 0.16 5.49 4.55 2.52 
8.59 3.60 7.96 2.23 11.26 4.47 5.70 3.37 1.32 7.49 
3.04 5.65 6.46 6.99 4.17 6.07 6.03 6.41 8.15 8.00 
3.11 6.36 0.49 6.52 4.51 3.79 2.51 7.60 6.89 2.25 
5.59 6.69 2.24 6.21 7.24 3.70 2.70 7.81 6.06 0.51 
6.53 0.99 7.30 1.72 9.14 3.89 5.11 0.25 2.85 7.61 
7.04 1.44 7.61 1.60 9.67 4.10 5.37 0.53 2.54 7.79 
7.56 6.55 4.71 5.54 9.61 4.04 3.86 7.40 4.86 3.16 
4.06 4.16 2.44 3.97 6.42 1.22 0.26 5.34 4.22 2.55 
6.93 1.33 7.55 1.61 9.56 4.05 5.31 0.41 2.61 7.75 
0.80 6.39 3.52 7.19 1.97 5.04 4.25 7.53 8.01 5.26 
2.14 7.75 4.35 8.57 0.66 6.38 5.51 8.87 9.39 6.11 
2.79 6.76 6.30 8.00 3.01 6.68 6.37 7.62 9.09 7.98 
2.41 4.87 5.66 6.14 4.14 5.12 5.09 5.73 7.27 7.13 
3.62 4.95 6.81 6.37 5.13 5.85 6.02 5.58 7.57 8.22 
5.57 2.39 4.86 1.62 8.19 1.30 2.56 3.31 1.85 4.72 
3.02 6.37 0.59 6.55 4.41 3.83 2.56 7.61 6.94 2.36 
5.72 3.64 4.20 2.80 8.21 1.37 2.10 4.57 2.59 3.69 
4.79 6.49 8.20 7.94 5.57 7.50 7.62 6.97 9.16 9.71 
4.07 5.02 7.22 6.46 5.54 6.12 6.36 5.55 7.69 8.61 
1.78 5.69 1.74 6.14 3.64 3.61 2.57 6.92 6.74 3.43 
5.22 4.64 3.02 4.06 7.48 1.74 1.43 5.70 3.94 2.34 
1.91 5.82 1.62 6.25 3.65 3.69 2.61 7.05 6.83 3.33 
1.97 7.23 2.92 7.84 2.09 5.39 4.36 8.43 8.51 4.67 
7.98 5.30 5.91 3.99 10.38 3.68 4.22 5.87 3.01 4.78 
4.33 3.80 2.90 3.53 6.76 0.82 0.65 4.96 3.76 2.90 
3.27 8.87 4.84 9.64 1.02 7.32 6.34 10.01 10.40 6.53 
1.55 5.07 2.17 5.60 3.85 3.19 2.33 6.29 6.27 3.71 
2.63 5.83 6.11 7.11 3.66 6.00 5.84 6.66 8.24 7.69 
2.59 5.23 1.26 5.47 4.63 2.80 1.64 6.47 5.95 2.66 
8.49 6.99 5.69 5.82 10.59 4.73 4.74 7.71 4.96 4.14 
8.65 3.72 7.95 2.33 11.32 4.49 5.70 3.51 1.35 7.45 
7.11 3.84 5.66 2.53 9.65 2.67 3.59 4.43 1.68 4.94 
7.30 4.96 5.22 3.77 9.68 3.05 3.53 5.66 2.97 4.15 
5.52 6.31 2.32 5.81 7.30 3.33 2.40 7.42 5.65 0.78 
7.94 6.98 4.99 5.94 9.94 4.48 4.28 7.82 5.23 3.38 
2.99 8.55 5.29 9.45 0.33 7.33 6.48 9.64 10.30 7.04 
5.87 5.21 3.35 4.47 8.04 2.42 2.13 6.21 4.17 2.27 
2.24 7.69 5.05 8.65 0.74 6.67 5.94 8.76 9.56 6.82 
3.68 2.64 3.68 2.94 6.32 0.99 1.62 3.87 3.66 4.22 
2.30 7.36 2.63 7.89 2.45 5.36 4.26 8.57 8.50 4.35 
5.44 2.73 4.53 2.01 8.04 1.05 2.25 3.70 2.14 4.33 
1.22 6.56 2.96 7.25 2.18 4.92 3.99 7.75 7.98 4.73 
5.15 2.42 4.49 1.91 7.77 0.89 2.18 3.46 2.27 4.45 
5.27 5.90 2.25 5.42 7.17 2.92 2.01 7.01 5.30 1.01 
7.45 2.17 7.32 1.01 10.12 3.71 5.02 1.95 1.19 7.18 
4.83 5.01 2.37 4.58 6.97 2.03 1.22 6.13 4.56 1.76 
7.54 2.17 7.49 1.14 10.21 3.88 5.18 1.84 1.38 7.37 
2.38 3.42 3.38 4.10 5.05 2.21 2.12 4.63 4.94 4.45 
7.87 7.61 4.66 6.69 9.66 4.90 4.43 8.53 6.08 2.92 
5.25 4.73 2.99 4.14 7.49 1.83 1.48 5.80 4.02 2.26 
7.67 4.09 6.23 2.67 10.22 3.23 4.17 4.52 1.59 5.46 
5.32 4.08 7.98 5.57 7.19 6.02 6.63 4.25 6.83 9.11 
4.05 5.17 7.25 6.61 5.45 6.23 6.44 5.72 7.84 8.66 
7.80 6.97 4.82 5.96 9.78 4.41 4.16 7.83 5.28 3.19 
4.50 1.14 5.28 2.12 7.16 2.24 3.24 2.36 3.26 5.83 
2.70 7.29 6.09 8.45 2.28 6.91 6.45 8.21 9.49 7.82 
8.14 2.56 8.34 1.98 10.79 4.74 6.04 1.74 2.28 8.28 
5.96 3.89 4.29 2.98 8.42 1.66 2.28 4.78 2.65 3.66 
4.75 5.81 8.03 7.28 5.88 7.02 7.25 6.25 8.52 9.46 
2.38 7.95 4.06 8.70 1.02 6.39 5.43 9.11 9.45 5.80 
3.15 3.59 2.74 3.82 5.69 1.31 0.95 4.82 4.41 3.45 
2.24 5.79 5.73 7.02 3.35 5.76 5.54 6.67 8.11 7.34 
2.05 6.37 1.69 6.80 3.34 4.22 3.09 7.60 7.36 3.45 
6.43 0.87 7.16 1.59 9.06 3.74 4.96 0.40 2.73 7.46 
2.51 6.48 1.25 6.81 3.75 4.15 2.95 7.72 7.29 3.01 
6.84 6.83 3.68 6.05 8.67 4.00 3.42 7.82 5.60 2.00 
2.84 3.48 2.93 3.88 5.44 1.59 1.37 4.72 4.57 3.80 
5.82 4.89 8.67 6.38 7.46 6.85 7.41 4.99 7.64 9.86 
2.23 5.03 5.54 6.28 3.90 5.16 5.06 5.91 7.39 7.05 
4.94 1.57 6.54 3.07 7.42 3.80 4.70 2.12 4.32 7.29 
7.76 7.10 4.71 6.12 9.68 4.48 4.16 7.98 5.47 3.05 
1.63 4.18 3.05 4.89 4.27 2.83 2.40 5.38 5.71 4.38 
5.13 4.83 2.80 4.29 7.35 1.89 1.39 5.91 4.19 2.09 
2.96 6.08 0.56 6.26 4.53 3.53 2.27 7.32 6.65 2.29 
6.22 1.42 7.50 2.67 8.73 4.35 5.46 1.04 3.86 8.03 
7.45 4.95 5.43 3.71 9.86 3.17 3.70 5.61 2.86 4.37 
1.98 3.65 3.63 4.49 4.65 2.77 2.64 4.83 5.41 4.86 
8.55 3.44 8.02 2.13 11.22 4.50 5.75 3.14 1.37 7.61 
6.92 1.90 6.71 0.48 9.60 3.11 4.41 2.06 0.92 6.58 
8.44 4.10 7.31 2.60 11.06 4.07 5.16 4.20 1.35 6.62 
2.72 6.89 1.43 7.21 3.64 4.55 3.33 8.13 7.69 3.14 
6.06 1.07 6.17 0.46 8.74 2.59 3.89 1.72 1.69 6.26 
2.29 3.35 3.72 4.17 4.97 2.52 2.52 4.53 5.09 4.85 
2.49 7.17 5.88 8.32 2.15 6.73 6.26 8.12 9.35 7.61 
3.35 3.39 2.93 3.59 5.91 1.10 0.98 4.62 4.17 3.54 
2.21 3.40 3.85 4.28 4.87 2.71 2.71 4.56 5.23 5.02 
1.20 5.02 2.54 5.65 3.64 3.37 2.62 6.22 6.39 4.10 
8.81 4.04 7.95 2.60 11.46 4.56 5.73 3.90 1.49 7.35 
1.96 7.49 3.60 8.20 1.41 5.87 4.90 8.66 8.94 5.35 
5.92 5.59 3.18 4.88 7.99 2.74 2.27 6.61 4.57 1.94 
1.50 6.25 4.99 7.33 2.32 5.68 5.22 7.26 8.33 6.69 
2.57 6.65 6.08 7.87 2.87 6.50 6.17 7.54 8.95 7.76 
2.85 8.07 3.16 8.60 2.28 6.07 4.94 9.27 9.21 4.80 
9.54 4.26 9.06 3.08 12.21 5.54 6.78 3.71 2.40 8.60 
