3.12 3.75 5.85 5.11 5.24 4.53 4.80 4.54 6.29 7.12 
8.33 7.22 5.38 6.12 10.33 4.79 4.65 8.01 5.34 3.76 
4.32 1.58 5.82 2.97 6.88 3.20 4.01 2.49 4.19 6.60 
1.75 4.08 3.04 4.77 4.40 2.71 2.30 5.29 5.59 4.33 
8.59 3.12 8.52 2.20 11.26 4.91 6.21 2.44 2.07 8.30 
5.15 4.77 8.08 6.26 6.78 6.46 6.93 5.03 7.52 9.33 
4.61 1.11 5.80 2.47 7.21 2.91 3.85 2.14 3.69 6.45 
3.47 3.48 6.07 4.88 5.63 4.51 4.88 4.21 6.08 7.28 
9.10 3.67 8.89 2.67 11.78 5.31 6.59 3.00 2.30 8.59 
4.29 1.33 5.14 2.31 6.95 2.20 3.14 2.55 3.43 5.73 
6.27 3.40 4.93 2.32 8.81 1.83 2.79 4.18 1.90 4.40 
4.49 4.27 2.64 3.92 6.82 1.28 0.69 5.41 4.04 2.45 
3.07 4.51 1.82 4.64 5.36 1.94 0.80 5.74 5.08 2.66 
5.35 4.72 8.24 6.21 7.01 6.52 7.03 4.93 7.47 9.46 
4.05 2.24 5.96 3.65 6.49 3.69 4.36 3.01 4.87 6.90 
1.54 6.55 2.49 7.14 2.57 4.70 3.69 7.76 7.81 4.25 
4.64 1.31 6.04 2.75 7.20 3.26 4.16 2.17 3.99 6.75 
6.55 2.47 8.26 3.75 8.92 5.31 6.33 1.99 4.92 8.93 
5.61 2.92 4.56 2.11 8.19 1.19 2.30 3.85 2.10 4.27 
7.71 7.64 4.46 6.76 9.45 4.87 4.34 8.58 6.19 2.70 
0.45 5.73 3.97 6.66 2.52 4.77 4.20 6.82 7.58 5.64 
7.06 7.37 3.75 6.61 8.75 4.50 3.82 8.38 6.17 1.99 
3.29 5.75 6.70 7.10 4.35 6.26 6.25 6.46 8.28 8.24 
5.22 6.12 2.06 5.68 7.03 3.14 2.15 7.25 5.59 0.71 
5.84 4.29 3.90 3.47 8.22 1.76 2.07 5.24 3.16 3.16 
4.04 5.42 1.31 5.25 5.99 2.51 1.26 6.61 5.43 1.42 
5.79 3.76 4.20 2.90 8.27 1.47 2.14 4.68 2.65 3.64 
4.09 1.99 5.84 3.38 6.59 3.45 4.16 2.83 4.60 6.73 
4.49 4.13 2.75 3.79 6.85 1.15 0.70 5.27 3.92 2.59 
6.19 1.71 5.91 0.51 8.86 2.30 3.60 2.34 1.21 5.83 
3.06 3.45 5.62 4.78 5.32 4.18 4.48 4.29 5.95 6.84 
1.78 3.93 3.30 4.68 4.45 2.76 2.47 5.12 5.54 4.57 
4.42 2.70 6.62 4.18 6.70 4.44 5.09 3.22 5.43 7.62 
7.91 2.48 7.88 1.54 10.58 4.27 5.58 1.96 1.64 7.74 
2.32 7.87 4.83 8.77 0.39 6.68 5.87 8.96 9.63 6.60 
1.58 7.02 4.63 7.97 1.29 6.02 5.33 8.09 8.88 6.38 
1.15 4.48 3.40 5.31 3.83 3.40 2.98 5.63 6.19 4.85 
5.45 1.24 5.48 1.01 8.13 1.93 3.21 2.24 2.00 5.63 
5.49 1.38 5.42 1.00 8.16 1.85 3.14 2.35 1.92 5.53 
6.45 0.93 7.24 1.72 9.07 3.84 5.05 0.31 2.86 7.56 
7.99 3.08 7.40 1.66 10.65 3.88 5.13 3.00 0.74 7.00 
5.60 6.21 8.85 7.70 6.66 7.68 8.00 6.50 8.95 10.25 
3.89 5.31 1.30 5.18 5.88 2.43 1.15 6.51 5.39 1.57 
9.14 4.28 8.28 2.87 11.79 4.90 6.07 4.06 1.81 7.68 
6.75 1.79 8.00 2.83 9.25 4.77 5.92 0.98 3.94 8.48 
5.95 4.71 3.75 3.89 8.25 2.08 2.15 5.66 3.54 2.85 
7.98 2.39 8.27 1.93 10.64 4.68 5.98 1.53 2.36 8.26 
0.58 5.04 3.40 5.88 3.26 3.90 3.35 6.18 6.75 4.97 
4.74 5.09 2.22 4.69 6.85 2.10 1.21 6.22 4.70 1.65 
4.21 4.54 7.20 6.00 5.89 5.83 6.17 5.03 7.24 8.50 
8.59 4.80 7.05 3.32 11.14 4.15 5.06 5.06 2.10 6.15 
4.40 5.45 1.61 5.18 6.37 2.49 1.33 6.62 5.27 1.26 
0.40 5.45 3.87 6.38 2.79 4.51 3.98 6.56 7.30 5.51 
9.57 4.50 8.85 3.19 12.23 5.41 6.61 4.11 2.27 8.28 
2.39 7.98 4.16 8.74 0.91 6.45 5.50 9.13 9.51 5.90 
4.19 6.65 0.68 6.55 5.60 3.80 2.51 7.86 6.72 1.17 
