5.68 3.39 1.19 5.43 1.72 5.17 5.13 6.84 5.67 0.43 5.53 2.87 3.15 5.67 6.73 5.25 4.52 2.93 5.16 5.28 2.88 1.95 1.68 4.90 4.88 4.67 0.28 0.55 6.47 3.42 2.35 5.20 8.10 2.10 3.49 6.61 2.69 5.55 3.38 6.21 2.54 1.21 3.81 5.93 5.83 
6.17 8.67 6.45 0.52 6.97 5.49 4.59 8.86 8.54 5.19 4.14 7.96 8.17 9.17 2.80 8.60 3.24 3.27 4.31 1.81 6.15 3.52 5.90 10.19 1.25 4.59 5.52 5.82 9.19 4.44 3.05 9.05 3.22 3.64 8.48 1.36 2.79 0.56 4.93 7.79 7.82 5.94 6.11 1.98 1.21 
3.80 4.41 2.82 5.05 3.31 6.48 3.29 5.27 4.37 2.23 3.78 4.54 4.84 4.69 5.42 4.17 2.93 1.59 3.36 5.39 1.54 2.56 1.23 6.09 3.94 5.80 2.15 2.06 5.14 4.66 2.65 4.42 7.01 1.15 5.20 6.11 2.00 5.17 1.49 4.50 3.64 1.53 2.11 5.99 4.90 
5.70 8.67 6.51 1.08 7.04 5.97 4.11 8.44 8.20 5.28 3.62 8.08 8.31 8.87 2.27 8.30 2.79 3.04 3.82 2.36 5.92 3.68 5.78 10.23 0.79 5.07 5.57 5.84 8.82 4.82 3.20 8.79 2.91 3.53 8.62 1.61 2.71 1.09 4.61 7.36 7.83 5.88 5.78 2.53 0.71 
8.05 1.92 1.72 7.98 1.22 5.89 7.81 8.42 6.97 2.80 8.29 0.03 0.33 6.51 9.59 6.31 7.35 5.77 7.89 7.53 4.81 4.42 3.65 2.55 7.68 5.82 2.58 2.49 7.71 4.69 4.89 5.84 10.90 4.96 0.67 9.18 5.52 8.11 5.91 8.10 1.62 3.10 5.92 8.17 8.61 
10.54 8.24 6.22 5.52 6.41 0.69 9.32 12.44 11.45 5.44 9.25 6.51 6.47 11.53 8.69 11.09 8.08 6.87 9.17 4.22 8.58 4.65 7.51 8.96 6.74 1.46 5.82 6.25 12.24 2.51 4.73 11.05 8.92 6.37 6.56 6.30 5.97 5.58 8.40 11.62 7.56 7.07 9.27 4.47 7.12 
3.01 4.57 3.44 5.73 3.87 7.47 2.87 4.28 3.42 3.11 3.51 5.07 5.40 3.85 5.56 3.30 2.96 2.10 3.04 6.21 0.80 3.54 1.43 6.28 4.40 6.78 2.95 2.75 4.18 5.64 3.59 3.68 7.27 1.98 5.74 6.70 2.77 5.83 0.90 3.53 3.92 1.97 1.13 6.78 5.32 
9.00 5.74 3.81 5.63 3.94 1.91 8.04 10.50 9.36 3.26 8.17 4.02 4.00 9.30 8.33 8.91 6.99 5.50 7.96 4.64 6.54 3.15 5.36 6.50 6.23 2.02 3.57 3.97 10.15 1.41 3.47 8.77 9.06 4.81 4.12 6.71 4.72 5.74 6.72 9.80 5.09 4.86 7.39 5.17 6.91 
7.07 6.20 3.87 3.25 4.29 2.83 5.89 9.05 8.18 2.68 5.89 5.01 5.15 8.41 5.83 7.93 4.69 3.40 5.75 2.55 5.32 1.26 4.42 7.46 3.73 2.03 3.10 3.53 8.95 1.18 1.27 8.04 6.60 2.92 5.41 4.40 2.51 3.36 4.95 8.19 5.37 4.13 5.89 3.18 4.41 
8.25 1.69 4.02 10.47 3.61 9.20 8.65 7.42 5.88 5.27 9.33 3.31 3.41 4.98 11.26 5.09 8.71 7.42 8.84 10.31 5.16 7.00 4.62 1.34 9.70 9.05 4.88 4.51 6.40 7.85 7.41 4.27 12.85 6.76 3.43 11.63 7.56 10.59 6.71 7.55 2.53 4.40 6.11 10.96 10.68 
9.05 1.79 3.82 10.37 3.31 8.44 9.24 8.55 7.01 5.09 9.86 2.57 2.54 6.19 11.56 6.23 9.11 7.67 9.39 10.04 5.81 6.81 5.01 0.09 9.83 8.41 4.75 4.47 7.59 7.29 7.26 5.47 13.04 6.93 2.45 11.57 7.64 10.50 7.27 8.56 2.54 4.65 6.86 10.69 10.80 
6.39 9.06 6.84 0.56 7.35 5.69 4.80 9.12 8.85 5.58 4.30 8.34 8.55 9.50 2.72 8.93 3.48 3.62 4.51 1.89 6.50 3.90 6.28 10.58 1.48 4.80 5.90 6.20 9.49 4.73 3.43 9.39 2.94 4.02 8.85 0.99 3.16 0.51 5.25 8.05 8.21 6.32 6.42 1.94 1.15 
9.86 8.94 6.71 4.04 7.02 1.87 8.48 12.07 11.28 5.67 8.27 7.42 7.46 11.53 7.29 11.04 7.14 6.22 8.27 2.70 8.43 4.37 7.54 9.94 5.52 1.57 6.09 6.53 12.04 2.75 4.27 11.15 7.30 5.92 7.62 4.64 5.31 4.08 7.92 11.15 8.18 7.21 8.93 2.79 5.70 
6.37 2.87 0.54 6.04 1.02 5.10 5.90 7.31 6.05 0.76 6.32 2.09 2.35 5.90 7.51 5.54 5.32 3.72 5.95 5.76 3.38 2.49 2.13 4.25 5.63 4.72 0.52 0.64 6.83 3.47 2.93 5.36 8.84 2.90 2.70 7.24 3.45 6.17 4.10 6.76 2.04 1.55 4.40 6.41 6.56 
7.87 0.58 2.56 9.11 2.08 7.57 7.97 7.65 6.12 3.83 8.58 1.68 1.81 5.44 10.25 5.37 7.81 6.36 8.12 8.85 4.60 5.57 3.73 1.23 8.53 7.43 3.48 3.18 6.77 6.25 6.01 4.72 11.73 5.62 1.90 10.30 6.34 9.24 6.00 7.54 1.23 3.34 5.68 9.49 9.50 
6.74 3.72 1.43 5.43 1.80 4.19 6.05 7.96 6.78 0.72 6.37 2.58 2.77 6.72 7.24 6.33 5.28 3.66 6.05 5.00 4.00 1.88 2.79 4.97 5.25 3.80 0.99 1.39 7.57 2.55 2.35 6.21 8.43 2.84 3.08 6.63 3.17 5.55 4.43 7.33 2.92 2.27 4.93 5.65 6.14 
10.08 7.36 5.40 5.60 5.56 0.55 8.95 11.83 10.78 4.71 8.96 5.62 5.58 10.80 8.65 10.39 7.77 6.44 8.83 4.37 7.92 4.13 6.80 8.07 6.62 1.35 5.07 5.48 11.57 1.96 4.30 10.30 9.06 5.87 5.66 6.51 5.57 5.68 7.88 11.06 6.71 6.34 8.68 4.74 7.11 
1.71 7.18 5.81 4.95 6.30 8.45 0.30 4.49 4.53 5.09 0.95 7.52 7.83 5.41 3.42 4.85 1.22 2.26 0.45 5.93 3.25 4.62 3.99 8.88 3.22 7.61 5.09 5.05 5.02 6.74 4.39 5.56 5.23 2.97 8.18 5.55 3.12 5.02 1.71 3.39 6.51 4.46 2.47 6.33 3.84 
4.33 3.07 2.33 6.63 2.63 7.29 4.38 4.84 3.57 2.56 5.02 3.76 4.09 3.54 6.96 3.12 4.38 3.20 4.55 6.85 1.05 3.71 0.51 4.77 5.55 6.75 2.23 1.86 4.36 5.51 3.94 3.11 8.60 2.71 4.42 7.71 3.57 6.75 2.41 4.37 2.46 0.94 2.16 7.47 6.51 
8.10 6.35 4.11 4.04 4.43 1.81 6.95 9.95 8.99 3.11 6.97 4.90 4.98 9.12 6.84 8.67 5.78 4.44 6.83 3.07 6.12 2.17 5.10 7.42 4.76 1.16 3.52 3.96 9.77 0.20 2.30 8.69 7.49 3.90 5.18 5.12 3.57 4.15 5.92 9.13 5.58 4.71 6.79 3.62 5.37 
6.86 5.18 2.87 4.12 3.27 3.20 5.86 8.56 7.57 1.73 6.00 3.99 4.15 7.69 6.36 7.23 4.82 3.32 5.78 3.56 4.69 0.98 3.66 6.43 4.27 2.59 2.15 2.59 8.35 1.38 1.34 7.26 7.33 2.65 4.42 5.30 2.55 4.24 4.62 7.78 4.36 3.28 5.41 4.20 5.07 
5.68 8.68 6.52 1.10 7.05 6.00 4.08 8.42 8.18 5.29 3.59 8.09 8.32 8.86 2.24 8.29 2.77 3.04 3.80 2.39 5.91 3.69 5.78 10.24 0.77 5.09 5.58 5.85 8.80 4.85 3.22 8.78 2.89 3.53 8.63 1.62 2.71 1.12 4.60 7.34 7.83 5.88 5.77 2.56 0.68 
7.53 7.52 5.19 2.30 5.61 2.89 6.16 9.79 9.08 3.97 5.99 6.33 6.46 9.42 5.34 8.90 4.84 3.90 5.97 1.29 6.28 2.35 5.53 8.79 3.37 1.99 4.38 4.80 9.82 1.98 2.11 9.10 5.78 3.68 6.71 3.34 3.01 2.40 5.63 8.85 6.68 5.31 6.68 1.89 3.79 
5.65 6.58 4.32 2.24 4.84 4.42 4.33 7.93 7.28 3.06 4.24 5.83 6.04 7.71 4.20 7.17 3.06 2.02 4.16 2.35 4.57 1.39 4.03 8.07 2.11 3.55 3.40 3.72 8.01 2.88 0.92 7.46 5.19 1.91 6.35 3.43 1.14 2.37 3.76 6.97 5.72 3.96 4.85 2.95 2.91 
2.38 6.98 5.43 4.30 5.93 7.76 0.95 5.06 4.93 4.60 1.16 7.15 7.45 5.73 3.14 5.16 0.61 1.63 0.84 5.24 3.23 3.97 3.75 8.68 2.59 6.91 4.65 4.66 5.50 6.07 3.72 5.80 4.92 2.40 7.80 4.96 2.44 4.37 1.65 3.98 6.26 4.16 2.67 5.65 3.30 
7.01 9.92 7.69 1.18 8.20 6.13 5.41 9.81 9.61 6.42 4.83 9.17 9.37 10.29 2.83 9.72 4.15 4.45 5.10 2.25 7.33 4.72 7.14 11.43 2.20 5.27 6.75 7.06 10.23 5.36 4.26 10.21 2.49 4.88 9.66 0.24 4.03 1.06 6.03 8.72 9.07 7.19 7.20 2.02 1.53 
6.66 7.84 5.54 1.17 6.02 4.13 5.19 9.13 8.58 4.26 4.92 6.91 7.09 9.05 4.10 8.51 3.83 3.23 4.97 1.00 5.92 2.52 5.40 9.26 2.17 3.23 4.64 5.00 9.29 3.07 2.10 8.83 4.59 3.27 7.37 2.34 2.44 1.29 5.00 8.12 6.99 5.31 6.13 1.58 2.55 
3.01 5.33 3.80 4.71 4.30 6.96 2.31 4.93 4.30 3.11 2.79 5.52 5.83 4.84 4.58 4.28 2.01 1.08 2.38 5.28 1.86 2.98 2.11 7.03 3.34 6.20 3.08 3.04 5.01 5.16 2.91 4.72 6.25 1.25 6.18 5.66 1.87 4.81 0.78 4.02 4.60 2.50 1.85 5.83 4.26 
8.44 4.61 2.76 6.02 2.84 3.03 7.65 9.69 8.47 2.46 7.89 2.89 2.89 8.34 8.40 7.98 6.74 5.16 7.62 5.23 5.73 2.95 4.51 5.39 6.31 3.00 2.70 3.04 9.26 2.03 3.37 7.78 9.33 4.39 3.04 7.17 4.50 6.14 6.13 9.07 3.97 3.96 6.67 5.81 7.09 
2.67 4.82 4.54 7.40 4.82 9.18 3.47 2.66 1.63 4.61 4.25 5.90 6.22 2.18 6.69 1.61 4.16 3.78 3.75 7.97 1.31 5.30 2.53 6.41 5.92 8.53 4.34 4.02 2.39 7.36 5.38 2.24 8.49 3.77 6.54 8.29 4.53 7.50 2.08 2.19 4.43 3.11 0.92 8.53 6.77 
4.43 3.33 2.02 5.97 2.44 6.63 4.22 5.32 4.16 1.95 4.78 3.65 3.97 4.22 6.51 3.77 4.00 2.66 4.33 6.14 1.37 2.99 0.21 5.02 4.98 6.06 1.67 1.38 4.95 4.83 3.23 3.82 8.09 2.08 4.32 7.07 2.93 6.09 2.27 4.74 2.59 0.54 2.38 6.77 5.95 
8.39 2.04 2.06 8.26 1.56 5.98 8.15 8.71 7.25 3.12 8.64 0.34 0.08 6.75 9.91 6.58 7.69 6.11 8.23 7.77 5.14 4.71 3.99 2.42 8.00 5.96 2.92 2.83 7.98 4.87 5.18 6.07 11.21 5.29 0.33 9.46 5.84 8.39 6.25 8.41 1.87 3.44 6.25 8.41 8.93 
1.82 5.96 4.76 5.42 5.22 8.13 1.50 3.94 3.59 4.23 2.21 6.44 6.75 4.35 4.53 3.78 1.98 2.01 1.71 6.18 1.99 4.16 2.82 7.66 3.83 7.35 4.15 4.03 4.21 6.34 4.06 4.41 6.31 2.43 7.10 6.22 2.91 5.51 0.53 2.94 5.32 3.33 1.28 6.67 4.63 
5.51 2.12 1.26 6.88 1.47 6.66 5.42 5.94 4.58 1.99 6.00 2.57 2.90 4.34 7.70 4.02 5.22 3.82 5.55 6.86 2.24 3.55 1.16 3.80 6.07 6.24 1.57 1.13 5.35 4.98 3.90 3.77 9.23 3.13 3.23 8.03 3.92 7.00 3.46 5.54 1.37 0.77 3.35 7.51 7.04 
4.03 6.66 4.69 2.90 5.22 6.08 2.65 6.49 6.06 3.59 2.60 6.38 6.65 6.66 3.22 6.10 1.40 0.80 2.48 3.63 3.67 2.49 3.60 8.29 1.56 5.22 3.78 3.94 6.73 4.45 2.14 6.55 4.68 1.45 6.99 3.83 0.93 3.00 2.44 5.47 5.84 3.78 3.61 4.12 2.52 
9.02 8.98 6.68 2.89 7.06 2.78 7.57 11.39 10.71 5.51 7.29 7.64 7.72 11.07 6.15 10.55 6.21 5.47 7.34 1.56 7.93 3.98 7.17 10.14 4.46 2.13 5.93 6.36 11.45 2.94 3.76 10.75 6.11 5.31 7.93 3.45 4.60 2.92 7.22 10.42 8.17 6.93 8.30 1.60 4.56 
1.28 6.05 5.19 6.32 5.60 8.97 1.86 3.02 2.80 4.85 2.65 6.78 7.11 3.66 5.16 3.10 2.76 2.92 2.16 7.10 2.02 4.99 3.13 7.72 4.69 8.21 4.70 4.51 3.36 7.16 4.92 3.84 6.98 3.26 7.45 7.08 3.81 6.40 1.23 2.03 5.51 3.71 0.95 7.59 5.44 
10.67 8.60 6.55 5.41 6.76 1.00 9.41 12.64 11.68 5.72 9.30 6.89 6.87 11.79 8.62 11.35 8.13 6.99 9.24 4.08 8.81 4.83 7.77 9.36 6.71 1.58 6.11 6.54 12.47 2.74 4.88 11.33 8.77 6.53 6.96 6.13 6.08 5.47 8.56 11.79 7.92 7.35 9.47 4.28 7.04 
8.63 8.53 6.22 2.71 6.61 2.63 7.20 10.96 10.27 5.05 6.96 7.21 7.31 10.61 5.95 10.10 5.85 5.05 6.99 1.37 7.47 3.51 6.71 9.71 4.17 1.88 5.47 5.90 11.01 2.55 3.30 10.29 6.05 4.87 7.52 3.42 4.17 2.75 6.80 10.00 7.72 6.46 7.87 1.59 4.36 
5.16 6.55 4.36 2.34 4.89 4.92 3.83 7.49 6.89 3.13 3.75 5.94 6.17 7.37 3.87 6.82 2.56 1.57 3.66 2.69 4.25 1.61 3.83 8.09 1.81 4.05 3.42 3.71 7.61 3.33 1.17 7.16 4.99 1.61 6.49 3.47 0.76 2.46 3.33 6.51 5.70 3.83 4.45 3.26 2.70 
3.61 6.09 6.49 9.54 6.66 11.43 5.01 1.22 0.67 6.77 5.78 7.57 7.88 1.32 8.36 1.28 6.04 5.98 5.33 10.20 3.55 7.58 4.67 7.40 7.96 10.80 6.46 6.10 0.12 9.61 7.66 2.02 10.18 6.04 8.16 10.35 6.78 9.63 4.21 1.94 5.98 5.19 3.07 10.73 8.73 
8.16 4.76 2.76 5.60 2.91 2.85 7.32 9.52 8.34 2.26 7.53 3.13 3.17 8.26 7.98 7.88 6.38 4.81 7.27 4.82 5.56 2.56 4.35 5.64 5.90 2.72 2.55 2.93 9.13 1.66 2.96 7.72 8.91 4.05 3.34 6.75 4.12 5.71 5.86 8.86 4.07 3.83 6.45 5.41 6.67 
2.14 5.28 4.32 5.99 4.73 8.22 2.27 3.58 2.98 3.98 3.00 5.92 6.25 3.63 5.31 3.06 2.74 2.40 2.50 6.63 1.25 4.25 2.27 6.97 4.48 7.49 3.83 3.64 3.66 6.40 4.24 3.64 7.09 2.57 6.59 6.86 3.23 6.08 0.65 2.72 4.69 2.84 0.53 7.16 5.33 
9.53 8.33 6.11 4.06 6.41 1.35 8.21 11.66 10.81 5.10 8.05 6.79 6.82 11.02 7.27 10.54 6.90 5.86 8.02 2.74 7.95 3.89 7.01 9.30 5.39 0.94 5.51 5.95 11.58 2.14 3.84 10.62 7.43 5.50 6.98 4.80 4.95 4.12 7.52 10.76 7.57 6.66 8.50 2.97 5.69 
8.42 1.13 2.92 9.47 2.41 7.63 8.50 8.18 6.65 4.18 9.10 1.72 1.74 5.94 10.72 5.89 8.30 6.83 8.64 9.14 5.15 5.91 4.24 0.84 8.96 7.56 3.86 3.60 7.29 6.42 6.36 5.22 12.17 6.07 1.73 10.66 6.77 9.60 6.53 8.09 1.73 3.84 6.23 9.78 9.92 
5.68 1.67 2.38 8.09 2.33 7.92 5.96 5.45 3.95 3.30 6.63 3.06 3.35 3.44 8.60 3.26 6.03 4.81 6.15 8.14 2.48 4.85 1.99 3.28 7.14 7.53 2.88 2.44 4.66 6.27 5.18 2.78 10.22 4.23 3.62 9.21 5.07 8.21 4.01 5.29 1.45 1.93 3.50 8.78 8.11 
6.05 6.52 4.23 2.35 4.72 3.98 4.75 8.26 7.56 2.96 4.68 5.65 5.85 7.94 4.59 7.42 3.50 2.39 4.59 2.20 4.80 1.22 4.16 7.96 2.49 3.11 3.32 3.68 8.30 2.44 0.79 7.66 5.49 2.16 6.15 3.55 1.49 2.48 4.10 7.33 5.67 4.02 5.16 2.83 3.24 
3.45 7.80 6.00 3.26 6.52 7.35 1.85 6.24 6.16 4.98 1.42 7.71 7.99 6.95 2.04 6.38 0.62 1.93 1.56 4.36 4.31 3.93 4.61 9.48 1.50 6.46 5.12 5.23 6.72 5.81 3.56 6.99 3.75 2.75 8.34 3.79 2.37 3.31 2.78 5.15 7.02 4.91 3.87 4.69 2.08 
1.58 8.19 6.92 5.56 7.40 9.45 0.83 4.45 4.86 6.22 0.91 8.62 8.94 5.86 3.34 5.33 1.99 3.34 0.89 6.67 4.18 5.70 5.04 9.89 3.80 8.59 6.22 6.17 5.21 7.79 5.44 6.13 5.11 4.09 9.29 5.96 4.16 5.60 2.74 3.36 7.55 5.54 3.24 7.00 4.20 
5.13 7.69 5.55 1.59 6.08 5.63 3.60 7.74 7.38 4.34 3.28 7.15 7.39 8.00 2.74 7.43 2.23 2.11 3.35 2.52 4.99 2.81 4.80 9.27 0.64 4.73 4.62 4.87 8.04 4.26 2.35 7.88 3.77 2.54 7.71 2.50 1.72 1.67 3.76 6.70 6.85 4.89 4.94 2.90 1.48 
6.10 5.93 3.62 2.99 4.10 3.80 4.92 8.13 7.32 2.34 4.95 5.01 5.21 7.62 5.12 7.12 3.76 2.42 4.80 2.72 4.49 0.61 3.72 7.34 3.03 2.99 2.73 3.11 8.08 2.10 0.32 7.30 6.10 1.98 5.50 4.19 1.54 3.12 4.01 7.24 5.08 3.53 4.98 3.37 3.83 
5.68 5.67 3.39 3.17 3.90 4.21 4.55 7.68 6.87 2.12 4.62 4.88 5.10 7.18 5.00 6.67 3.44 2.02 4.44 3.06 4.05 0.48 3.32 7.13 2.94 3.43 2.47 2.82 7.63 2.47 0.14 6.87 6.10 1.53 5.41 4.36 1.17 3.29 3.56 6.80 4.81 3.16 4.53 3.70 3.81 
5.75 2.47 0.71 6.36 1.13 5.94 5.46 6.48 5.18 1.28 5.97 2.36 2.67 5.02 7.44 4.66 5.07 3.56 5.55 6.25 2.61 2.92 1.37 4.06 5.69 5.51 0.86 0.43 5.97 4.25 3.31 4.48 8.90 2.79 3.02 7.53 3.51 6.48 3.56 5.99 1.63 0.78 3.68 6.90 6.66 
6.15 8.08 5.83 0.75 6.34 4.90 4.63 8.73 8.30 4.56 4.28 7.31 7.51 8.86 3.33 8.30 3.26 2.95 4.38 1.50 5.78 2.86 5.42 9.57 1.44 4.00 4.90 5.23 8.98 3.77 2.40 8.70 3.90 3.18 7.81 1.92 2.32 0.87 4.68 7.70 7.23 5.41 5.85 1.88 1.78 
0.56 6.93 5.96 6.19 6.39 9.33 1.25 3.22 3.39 5.49 2.01 7.59 7.91 4.36 4.60 3.82 2.47 3.13 1.57 7.11 2.89 5.39 3.93 8.60 4.47 8.53 5.39 5.25 3.81 7.56 5.25 4.62 6.41 3.66 8.26 6.82 4.03 6.26 1.77 2.12 6.36 4.49 1.84 7.54 5.11 
8.99 1.68 3.54 10.08 3.02 8.06 9.11 8.62 7.08 4.80 9.71 2.21 2.16 6.31 11.35 6.31 8.93 7.46 9.26 9.72 5.73 6.51 4.86 0.37 9.59 8.04 4.48 4.23 7.69 6.93 6.97 5.59 12.80 6.71 2.06 11.28 7.40 10.21 7.14 8.58 2.35 4.46 6.79 10.36 10.55 
1.61 6.42 5.17 5.28 5.63 8.28 1.04 4.05 3.87 4.57 1.76 6.85 7.17 4.69 4.14 4.12 1.68 2.07 1.25 6.12 2.45 4.35 3.26 8.12 3.62 7.48 4.52 4.42 4.44 6.52 4.20 4.79 5.94 2.62 7.52 6.00 2.98 5.35 0.95 3.00 5.77 3.76 1.68 6.58 4.36 
3.00 4.68 4.61 7.79 4.85 9.42 3.88 2.56 1.33 4.79 4.66 5.88 6.20 1.77 7.12 1.20 4.58 4.16 4.16 8.33 1.54 5.59 2.68 6.22 6.33 8.80 4.49 4.14 2.12 7.61 5.70 1.82 8.91 4.11 6.51 8.70 4.89 7.89 2.49 2.28 4.36 3.23 1.34 8.90 7.19 
4.99 3.15 4.01 8.88 4.03 9.44 5.71 4.01 2.47 4.70 6.47 4.76 5.04 1.75 8.77 1.69 6.17 5.32 5.96 9.17 2.47 6.03 2.84 4.46 7.66 8.97 4.31 3.88 3.07 7.71 6.27 1.06 10.52 4.97 5.29 9.92 5.83 9.00 4.00 4.11 3.15 3.11 3.05 9.78 8.59 
8.14 3.28 1.83 6.89 1.69 4.41 7.60 9.00 7.66 2.22 7.96 1.51 1.53 7.38 8.88 7.09 6.90 5.28 7.62 6.28 5.12 3.46 3.87 4.01 6.87 4.35 2.23 2.40 8.43 3.27 3.93 6.76 10.02 4.45 1.72 8.08 4.82 7.02 5.86 8.50 2.72 3.28 6.16 6.90 7.74 
3.63 3.74 3.55 7.35 3.79 8.51 4.13 3.62 2.31 3.81 4.87 4.83 5.15 2.37 7.12 1.90 4.52 3.73 4.36 7.74 0.85 4.79 1.70 5.36 6.04 7.93 3.48 3.12 3.10 6.71 4.95 2.07 8.87 3.49 5.47 8.34 4.33 7.45 2.35 3.27 3.35 2.21 1.50 8.33 6.96 
1.87 7.14 5.72 4.79 6.21 8.28 0.44 4.63 4.63 4.98 0.94 7.44 7.75 5.49 3.33 4.93 1.05 2.11 0.47 5.76 3.24 4.46 3.93 8.84 3.06 7.44 4.99 4.96 5.14 6.58 4.23 5.62 5.14 2.84 8.10 5.40 2.95 4.85 1.67 3.54 6.45 4.39 2.51 6.16 3.69 
5.87 8.10 5.88 0.86 6.40 5.22 4.33 8.49 8.10 4.62 3.96 7.40 7.62 8.69 3.01 8.13 2.96 2.78 4.07 1.82 5.64 2.97 5.35 9.62 1.11 4.31 4.95 5.25 8.77 4.03 2.49 8.55 3.68 3.09 7.92 1.92 2.23 0.97 4.48 7.44 7.25 5.38 5.65 2.16 1.50 
4.39 4.71 2.76 4.35 3.29 5.66 3.60 6.10 5.23 1.82 3.93 4.48 4.76 5.54 5.17 5.03 2.90 1.31 3.60 4.57 2.40 1.71 1.82 6.34 3.44 4.96 1.90 2.00 6.00 3.85 1.78 5.26 6.63 0.51 5.11 5.46 1.31 4.47 2.11 5.28 3.88 1.87 2.93 5.18 4.42 
7.67 0.49 2.80 9.30 2.37 7.99 7.87 7.29 5.75 4.06 8.50 2.15 2.30 5.02 10.28 4.99 7.79 6.41 8.04 9.10 4.44 5.80 3.68 1.29 8.63 7.82 3.68 3.34 6.38 6.62 6.22 4.30 11.81 5.70 2.40 10.48 6.46 9.43 5.90 7.23 1.34 3.36 5.48 9.75 9.60 
5.76 1.58 2.31 8.08 2.25 7.85 6.01 5.55 4.05 3.24 6.68 2.96 3.25 3.54 8.62 3.35 6.06 4.82 6.20 8.12 2.54 4.82 2.00 3.21 7.15 7.47 2.83 2.39 4.76 6.21 5.16 2.87 10.24 4.23 3.52 9.21 5.07 8.20 4.06 5.38 1.35 1.92 3.57 8.76 8.12 
5.21 8.43 6.33 1.52 6.86 6.22 3.62 7.96 7.75 5.12 3.14 7.94 8.18 8.44 2.03 7.87 2.31 2.68 3.33 2.75 5.53 3.61 5.47 10.03 0.34 5.31 5.39 5.63 8.36 4.96 3.14 8.38 2.98 3.24 8.50 2.06 2.46 1.56 4.18 6.88 7.60 5.60 5.35 2.98 0.69 
1.55 5.83 5.23 6.93 5.59 9.35 2.48 2.48 2.15 5.04 3.27 6.73 7.06 3.03 5.81 2.48 3.41 3.45 2.79 7.66 1.92 5.38 3.15 7.46 5.32 8.62 4.85 4.60 2.72 7.53 5.36 3.26 7.62 3.69 7.39 7.71 4.31 7.01 1.69 1.60 5.36 3.74 0.84 8.17 6.08 
9.33 7.58 5.42 4.40 5.68 0.73 8.09 11.30 10.37 4.48 8.02 5.99 6.02 10.51 7.51 10.05 6.84 5.65 7.94 3.16 7.49 3.49 6.48 8.51 5.53 0.24 4.89 5.33 11.15 1.47 3.53 10.07 7.86 5.19 6.17 5.29 4.75 4.48 7.22 10.45 6.85 6.09 8.13 3.52 5.95 
2.18 5.24 4.79 7.14 5.12 9.20 3.01 2.55 1.82 4.74 3.79 6.23 6.55 2.56 6.27 1.99 3.78 3.56 3.29 7.78 1.48 5.27 2.74 6.86 5.60 8.52 4.50 4.22 2.51 7.38 5.31 2.70 8.07 3.66 6.88 7.99 4.36 7.23 1.80 1.90 4.81 3.32 0.65 8.31 6.42 
8.86 1.66 3.80 10.36 3.31 8.57 9.09 8.31 6.76 5.08 9.72 2.67 2.67 5.94 11.47 5.98 9.00 7.59 9.25 10.07 5.64 6.81 4.89 0.24 9.78 8.51 4.73 4.43 7.33 7.37 7.25 5.21 12.97 6.86 2.61 11.55 7.59 10.49 7.12 8.34 2.46 4.55 6.68 10.71 10.74 
3.82 4.45 2.83 4.99 3.33 6.43 3.28 5.33 4.43 2.21 3.76 4.55 4.86 4.75 5.38 4.23 2.90 1.54 3.35 5.32 1.61 2.50 1.28 6.13 3.88 5.74 2.14 2.07 5.20 4.60 2.58 4.49 6.96 1.08 5.21 6.05 1.94 5.10 1.51 4.54 3.68 1.57 2.16 5.92 4.84 
7.30 10.78 8.58 2.15 9.10 7.05 5.71 10.16 10.11 7.33 5.05 10.10 10.30 10.85 2.68 10.28 4.57 5.15 5.39 3.18 7.99 5.65 7.91 12.32 2.80 6.21 7.65 7.94 10.67 6.34 5.18 10.83 1.74 5.66 10.61 1.05 4.83 2.04 6.60 9.06 9.93 8.00 7.75 2.87 1.90 
5.24 7.27 5.10 1.73 5.62 5.22 3.77 7.74 7.28 3.86 3.55 6.67 6.90 7.84 3.24 7.28 2.42 1.92 3.56 2.39 4.76 2.31 4.47 8.82 1.15 4.32 4.16 4.43 7.97 3.78 1.84 7.68 4.27 2.21 7.22 2.80 1.35 1.84 3.67 6.72 6.42 4.51 4.83 2.87 1.98 
3.92 6.87 4.93 2.89 5.46 6.29 2.49 6.46 6.09 3.85 2.38 6.62 6.89 6.72 2.98 6.16 1.19 0.96 2.30 3.70 3.78 2.74 3.78 8.52 1.42 5.42 4.03 4.18 6.74 4.68 2.39 6.64 4.47 1.68 7.24 3.75 1.19 2.97 2.47 5.42 6.06 3.99 3.65 4.16 2.36 
5.64 1.95 1.26 7.03 1.41 6.73 5.58 6.01 4.62 2.09 6.16 2.47 2.79 4.34 7.87 4.03 5.39 3.99 5.71 7.00 2.36 3.69 1.31 3.63 6.24 6.32 1.67 1.23 5.39 5.06 4.05 3.75 9.40 3.30 3.12 8.19 4.09 7.16 3.62 5.63 1.20 0.94 3.47 7.65 7.21 
4.32 8.01 6.04 2.38 6.57 6.71 2.73 7.08 6.91 4.91 2.28 7.72 7.98 7.64 1.90 7.07 1.42 2.10 2.44 3.52 4.83 3.61 4.92 9.65 0.62 5.81 5.12 5.30 7.50 5.28 3.18 7.62 3.33 2.81 8.31 2.94 2.19 2.43 3.39 5.99 7.20 5.13 4.54 3.82 1.32 
7.37 6.17 3.86 3.52 4.25 2.53 6.21 9.29 8.39 2.72 6.22 4.89 5.02 8.58 6.16 8.10 5.03 3.70 6.08 2.73 5.52 1.48 4.57 7.37 4.07 1.76 3.14 3.58 9.16 0.84 1.56 8.18 6.90 3.19 5.26 4.66 2.82 3.63 5.22 8.45 5.36 4.24 6.13 3.34 4.73 
7.99 7.66 5.34 2.67 5.74 2.47 6.63 10.21 9.46 4.16 6.46 6.38 6.49 9.77 5.78 9.26 5.31 4.34 6.44 1.51 6.64 2.64 5.84 8.86 3.83 1.57 4.58 5.01 10.22 1.82 2.46 9.43 6.14 4.08 6.71 3.63 3.44 2.76 6.05 9.28 6.84 5.58 7.09 2.01 4.21 
7.11 1.71 3.75 9.88 3.47 9.23 7.62 6.21 4.67 4.89 8.33 3.60 3.79 3.79 10.39 3.88 7.80 6.63 7.83 9.87 4.14 6.55 3.81 2.37 8.96 8.96 4.47 4.06 5.20 7.72 6.92 3.07 12.04 6.05 3.92 11.02 6.88 10.01 5.72 6.35 2.31 3.72 5.02 10.52 9.93 
7.32 9.96 7.70 1.14 8.21 5.86 5.72 10.09 9.86 6.43 5.17 9.14 9.33 10.51 3.22 9.94 4.44 4.63 5.42 2.00 7.51 4.71 7.26 11.44 2.45 5.03 6.78 7.11 10.48 5.20 4.26 10.41 2.82 5.00 9.62 0.16 4.14 1.02 6.26 9.01 9.11 7.28 7.43 1.70 1.87 
5.63 3.77 1.54 5.05 2.06 4.95 4.97 6.94 5.84 0.42 5.33 3.17 3.44 5.89 6.43 5.46 4.29 2.67 4.99 4.91 2.99 1.58 1.87 5.27 4.54 4.40 0.60 0.92 6.63 3.16 1.97 5.45 7.76 1.84 3.78 6.24 2.37 5.18 3.32 6.26 2.92 1.47 3.85 5.56 5.49 
10.65 8.65 6.59 5.34 6.80 1.04 9.38 12.63 11.69 5.75 9.27 6.95 6.93 11.81 8.56 11.36 8.10 6.97 9.21 4.02 8.81 4.82 7.78 9.42 6.66 1.58 6.14 6.57 12.47 2.76 4.86 11.36 8.70 6.52 7.03 6.05 6.06 5.40 8.55 11.79 7.96 7.37 9.47 4.20 6.97 
5.59 7.51 5.29 1.39 5.81 5.01 4.11 8.11 7.65 4.04 3.85 6.83 7.05 8.20 3.31 7.64 2.75 2.29 3.88 2.02 5.11 2.41 4.77 9.03 1.23 4.11 4.36 4.66 8.34 3.67 1.93 8.03 4.18 2.53 7.36 2.51 1.66 1.51 4.04 7.09 6.66 4.79 5.20 2.50 1.92 
8.69 2.12 2.40 8.59 1.89 6.19 8.48 8.94 7.46 3.46 8.97 0.67 0.40 6.92 10.26 6.77 8.03 6.45 8.56 8.09 5.43 5.05 4.29 2.23 8.34 6.20 3.26 3.17 8.17 5.14 5.52 6.23 11.55 5.63 0.18 9.79 6.19 8.72 6.56 8.66 2.07 3.75 6.53 8.72 9.27 
1.54 6.14 5.70 7.44 6.04 9.92 2.80 1.92 1.82 5.58 3.57 7.16 7.48 2.82 6.15 2.31 3.85 4.00 3.11 8.21 2.38 5.95 3.63 7.73 5.80 9.20 5.37 5.11 2.27 8.10 5.93 3.17 7.97 4.26 7.81 8.19 4.88 7.52 2.25 1.04 5.73 4.22 1.37 8.70 6.53 
5.03 3.64 4.61 9.35 4.62 10.03 5.91 3.70 2.18 5.29 6.69 5.32 5.59 1.28 9.07 1.39 6.48 5.75 6.18 9.68 2.87 6.58 3.38 4.84 8.06 9.55 4.90 4.47 2.68 8.30 6.81 0.56 10.83 5.45 5.83 10.36 6.31 9.46 4.31 3.96 3.71 3.69 3.28 10.29 8.97 
3.61 7.04 7.36 9.94 7.56 12.16 5.14 0.72 1.53 7.57 5.87 8.49 8.80 2.23 8.46 2.22 6.31 6.47 5.47 10.69 4.29 8.25 5.47 8.34 8.29 11.49 7.27 6.93 0.83 10.33 8.29 2.95 10.26 6.64 9.08 10.67 7.32 10.02 4.70 1.81 6.91 6.01 3.63 11.19 8.99 
7.02 6.48 4.15 2.92 4.58 2.93 5.78 9.09 8.26 2.93 5.74 5.33 5.47 8.53 5.56 8.04 4.55 3.34 5.63 2.23 5.42 1.38 4.58 7.76 3.48 2.08 3.35 3.77 9.03 1.42 1.27 8.18 6.29 2.93 5.73 4.07 2.43 3.03 4.96 8.20 5.65 4.32 5.93 2.86 4.12 
6.15 7.91 5.65 0.91 6.16 4.75 4.64 8.69 8.23 4.38 4.33 7.12 7.32 8.77 3.48 8.21 3.28 2.87 4.40 1.47 5.67 2.68 5.28 9.39 1.54 3.85 4.73 5.05 8.92 3.59 2.21 8.59 4.09 3.06 7.62 2.10 2.20 1.04 4.62 7.67 7.06 5.26 5.78 1.91 1.95 
7.36 10.28 8.04 1.50 8.55 6.27 5.76 10.17 9.99 6.77 5.16 9.50 9.70 10.68 3.05 10.11 4.51 4.84 5.45 2.41 7.72 5.06 7.52 11.78 2.58 5.43 7.11 7.43 10.60 5.60 4.60 10.60 2.46 5.26 9.99 0.30 4.41 1.37 6.42 9.08 9.43 7.57 7.59 2.08 1.86 
3.98 5.47 3.56 3.82 4.09 5.92 2.97 6.03 5.34 2.57 3.22 5.27 5.55 5.80 4.37 5.26 2.13 0.52 2.93 4.25 2.69 1.97 2.43 7.11 2.72 5.14 2.68 2.80 6.07 4.14 1.84 5.60 5.87 0.32 5.90 4.87 0.81 3.93 1.87 5.11 4.66 2.59 2.92 4.82 3.69 
3.63 8.12 6.30 3.18 6.83 7.47 2.02 6.46 6.43 5.26 1.48 8.01 8.29 7.24 1.72 6.67 0.92 2.23 1.72 4.34 4.63 4.15 4.94 9.80 1.43 6.57 5.42 5.54 6.97 5.97 3.77 7.30 3.44 3.04 8.64 3.61 2.62 3.22 3.09 5.36 7.34 5.24 4.17 4.63 1.87 
3.54 6.35 6.71 9.60 6.89 11.60 4.98 0.98 0.87 6.96 5.74 7.82 8.12 1.58 8.33 1.54 6.06 6.06 5.30 10.28 3.71 7.73 4.86 7.67 7.99 10.95 6.66 6.30 0.17 9.78 7.79 2.29 10.14 6.16 8.41 10.38 6.88 9.68 4.29 1.80 6.23 5.39 3.16 10.81 8.74 
5.50 7.36 5.16 1.54 5.68 5.01 4.03 8.00 7.52 3.91 3.79 6.70 6.92 8.06 3.36 7.50 2.68 2.15 3.81 2.13 4.97 2.29 4.63 8.89 1.27 4.11 4.22 4.52 8.21 3.63 1.82 7.89 4.29 2.38 7.24 2.65 1.52 1.66 3.91 6.98 6.51 4.64 5.06 2.62 2.01 
3.37 7.77 5.98 3.34 6.51 7.40 1.77 6.16 6.09 4.98 1.35 7.70 7.99 6.88 2.09 6.31 0.55 1.92 1.48 4.43 4.26 3.95 4.58 9.45 1.58 6.51 5.12 5.22 6.64 5.85 3.59 6.93 3.81 2.74 8.33 3.87 2.39 3.39 2.72 5.07 7.00 4.89 3.80 4.76 2.16 
4.55 9.01 7.08 2.72 7.61 7.51 2.97 7.43 7.46 5.96 2.30 8.76 9.02 8.28 0.85 7.71 1.96 3.08 2.65 4.02 5.65 4.63 5.87 10.67 1.30 6.61 6.16 6.33 7.99 6.19 4.20 8.34 2.41 3.83 9.36 2.84 3.24 2.72 4.12 6.32 8.21 6.13 5.21 4.17 1.11 
4.75 2.56 2.52 7.43 2.67 7.83 5.01 4.77 3.36 3.08 5.69 3.64 3.96 3.09 7.72 2.76 5.13 4.01 5.21 7.61 1.53 4.42 1.27 4.22 6.36 7.34 2.70 2.27 4.12 6.09 4.69 2.55 9.38 3.52 4.27 8.52 4.38 7.55 3.08 4.48 2.13 1.48 2.56 8.24 7.32 
6.37 2.93 0.60 5.99 1.07 5.04 5.88 7.33 6.08 0.71 6.30 2.13 2.39 5.94 7.48 5.58 5.29 3.69 5.93 5.71 3.40 2.43 2.15 4.31 5.58 4.67 0.50 0.66 6.86 3.41 2.88 5.40 8.80 2.87 2.73 7.19 3.41 6.12 4.10 6.78 2.10 1.58 4.41 6.36 6.52 
8.73 1.51 2.96 9.45 2.42 7.37 8.73 8.58 7.05 4.19 9.30 1.52 1.47 6.37 10.84 6.31 8.47 6.96 8.86 9.06 5.44 5.88 4.47 1.04 9.03 7.34 3.89 3.68 7.71 6.24 6.34 5.65 12.24 6.18 1.38 10.65 6.84 9.58 6.77 8.45 1.96 4.02 6.53 9.70 9.98 
10.04 7.69 5.65 5.26 5.85 0.14 8.85 11.89 10.89 4.87 8.81 5.98 5.96 10.96 8.37 10.52 7.62 6.37 8.71 4.00 8.01 4.12 6.94 8.46 6.37 1.04 5.25 5.68 11.67 1.96 4.23 10.48 8.70 5.85 6.07 6.12 5.48 5.33 7.87 11.08 7.01 6.50 8.72 4.32 6.81 
4.10 9.46 7.68 3.76 8.21 8.54 2.65 7.00 7.24 6.64 1.87 9.39 9.67 8.16 0.79 7.59 2.13 3.61 2.34 5.07 5.82 5.47 6.25 11.14 2.30 7.63 6.80 6.91 7.68 7.16 5.06 8.30 2.56 4.42 10.02 3.76 3.97 3.75 4.23 5.90 8.69 6.58 5.19 5.20 2.11 
10.64 8.96 6.85 5.11 7.09 1.38 9.33 12.71 11.81 5.95 9.18 7.30 7.28 11.97 8.35 11.51 8.03 6.97 9.15 3.77 8.94 4.91 7.94 9.78 6.51 1.69 6.35 6.79 12.59 2.94 4.90 11.54 8.41 6.57 7.40 5.75 6.06 5.16 8.60 11.84 8.25 7.55 9.55 3.90 6.76 
6.61 5.89 3.56 3.26 4.00 3.29 5.45 8.56 7.69 2.32 5.49 4.82 4.98 7.93 5.60 7.44 4.30 2.94 5.33 2.76 4.83 0.78 3.96 7.21 3.50 2.51 2.73 3.15 8.46 1.56 0.80 7.57 6.50 2.44 5.26 4.45 2.07 3.38 4.47 7.70 5.05 3.69 5.40 3.41 4.26 
3.05 4.71 3.43 5.42 3.89 7.24 2.76 4.52 3.71 2.99 3.35 5.10 5.42 4.15 5.32 3.60 2.72 1.79 2.89 5.91 1.09 3.29 1.51 6.42 4.10 6.54 2.86 2.71 4.45 5.42 3.32 3.99 7.01 1.69 5.77 6.40 2.47 5.53 0.81 3.72 4.03 2.00 1.35 6.48 5.03 
7.52 3.82 1.77 5.86 1.94 3.82 6.83 8.68 7.45 1.50 7.13 2.33 2.44 7.31 7.90 6.95 6.03 4.42 6.82 5.28 4.72 2.44 3.49 4.84 5.87 3.59 1.69 2.02 8.24 2.41 2.91 6.76 9.00 3.60 2.68 7.05 3.87 5.99 5.21 8.07 3.10 2.93 5.68 5.91 6.72 
7.47 0.31 2.19 8.72 1.74 7.36 7.54 7.32 5.81 3.46 8.14 1.59 1.79 5.18 9.82 5.08 7.37 5.93 7.69 8.49 4.18 5.20 3.29 1.66 8.11 7.18 3.09 2.77 6.48 5.98 5.63 4.47 11.31 5.20 1.95 9.91 5.93 8.85 5.57 7.17 0.80 2.91 5.27 9.14 9.08 
6.46 9.11 6.89 0.55 7.40 5.68 4.87 9.20 8.93 5.63 4.37 8.39 8.59 9.57 2.76 9.00 3.55 3.69 4.58 1.87 6.57 3.94 6.34 10.63 1.55 4.79 5.95 6.26 9.56 4.74 3.47 9.47 2.93 4.08 8.89 0.92 3.23 0.48 5.32 8.12 8.26 6.39 6.50 1.89 1.21 
7.97 0.74 2.47 9.03 1.97 7.38 8.02 7.81 6.29 3.74 8.61 1.47 1.58 5.63 10.24 5.55 7.82 6.35 8.16 8.73 4.68 5.48 3.76 1.27 8.49 7.26 3.40 3.13 6.95 6.09 5.92 4.92 11.70 5.60 1.67 10.22 6.30 9.16 6.05 7.68 1.25 3.35 5.77 9.38 9.45 
5.40 2.30 3.21 8.56 3.19 8.72 5.91 4.79 3.26 4.03 6.63 3.87 4.16 2.63 8.77 2.52 6.17 5.12 6.13 8.72 2.45 5.49 2.40 3.72 7.48 8.30 3.62 3.18 3.92 7.04 5.78 1.95 10.46 4.65 4.41 9.65 5.51 8.68 4.04 4.77 2.27 2.53 3.30 9.36 8.43 
7.36 7.05 4.72 2.61 5.14 2.78 6.05 9.53 8.76 3.51 5.93 5.86 5.99 9.06 5.50 8.56 4.76 3.69 5.87 1.73 5.93 1.94 5.13 8.31 3.46 1.88 3.93 4.35 9.51 1.61 1.75 8.73 6.06 3.38 6.24 3.71 2.78 2.72 5.38 8.61 6.22 4.89 6.39 2.35 3.99 
7.21 8.19 5.87 1.27 6.34 3.86 5.73 9.68 9.12 4.61 5.44 7.17 7.32 9.58 4.44 9.04 4.37 3.77 5.50 0.47 6.44 2.88 5.88 9.56 2.62 2.97 5.00 5.38 9.83 3.03 2.50 9.34 4.74 3.78 7.59 2.28 2.97 1.36 5.55 8.68 7.34 5.75 6.68 1.10 2.86 
5.43 4.63 2.40 4.19 2.92 4.66 4.56 7.09 6.14 1.16 4.81 3.98 4.23 6.33 5.66 5.85 3.69 2.08 4.52 4.10 3.26 0.84 2.36 6.13 3.72 4.00 1.46 1.78 6.92 2.84 1.15 5.97 6.93 1.29 4.56 5.37 1.58 4.32 3.16 6.31 3.78 2.13 3.93 4.75 4.65 
7.08 2.03 4.03 10.07 3.77 9.53 7.65 6.05 4.52 5.14 8.37 3.93 4.12 3.59 10.49 3.73 7.89 6.76 7.87 10.10 4.19 6.78 3.96 2.63 9.11 9.25 4.73 4.30 5.01 8.00 7.14 2.89 12.16 6.21 4.25 11.20 7.06 10.20 5.78 6.24 2.61 3.92 5.03 10.74 10.07 
0.62 6.95 6.27 7.08 6.65 10.04 2.12 2.34 2.71 5.96 2.84 7.82 8.14 3.76 5.44 3.26 3.36 3.90 2.44 7.97 3.00 6.07 4.19 8.57 5.36 9.27 5.81 5.61 3.02 8.25 5.97 4.12 7.24 4.33 8.48 7.71 4.81 7.15 2.33 1.23 6.47 4.78 1.90 8.41 6.00 
9.00 1.71 3.65 10.20 3.14 8.23 9.15 8.57 7.03 4.91 9.76 2.37 2.33 6.24 11.43 6.26 8.99 7.54 9.30 9.85 5.75 6.64 4.91 0.20 9.69 8.20 4.59 4.32 7.63 7.08 7.09 5.52 12.89 6.79 2.23 11.39 7.49 10.33 7.18 8.56 2.42 4.53 6.81 10.50 10.65 
4.59 7.30 5.23 2.16 5.77 5.88 3.10 7.17 6.81 4.06 2.85 6.88 7.13 7.43 2.79 6.86 1.74 1.56 2.87 3.02 4.44 2.69 4.32 8.91 0.85 4.99 4.30 4.52 7.46 4.39 2.26 7.33 4.06 2.09 7.46 3.05 1.35 2.25 3.19 6.13 6.47 4.46 4.36 3.45 1.82 
4.69 2.64 2.29 7.11 2.50 7.52 4.84 4.91 3.55 2.77 5.50 3.54 3.86 3.36 7.47 3.00 4.89 3.71 5.02 7.28 1.41 4.08 0.94 4.32 6.06 7.02 2.39 1.98 4.32 5.77 4.35 2.85 9.11 3.20 4.18 8.20 4.05 7.22 2.89 4.55 2.11 1.16 2.49 7.90 7.02 
9.45 7.17 5.08 4.92 5.30 0.48 8.29 11.28 10.28 4.27 8.28 5.51 5.51 10.35 7.95 9.92 7.09 5.80 8.16 3.73 7.40 3.52 6.33 8.00 5.92 0.71 4.65 5.08 11.06 1.35 3.65 9.88 8.39 5.25 5.64 5.86 4.91 5.01 7.28 10.48 6.46 5.89 8.12 4.13 6.42 
3.00 5.96 6.13 8.90 6.35 10.92 4.37 1.12 0.46 6.32 5.14 7.32 7.63 1.54 7.72 1.25 5.39 5.35 4.68 9.58 3.04 7.03 4.22 7.37 7.31 10.26 6.03 5.68 0.72 9.10 7.09 2.13 9.54 5.45 7.93 9.70 6.17 8.99 3.58 1.44 5.76 4.76 2.45 10.11 8.08 
2.58 7.26 7.22 9.09 7.49 11.68 4.16 0.39 1.80 7.25 4.86 8.53 8.85 2.82 7.43 2.59 5.40 5.75 4.48 9.92 3.97 7.71 5.21 8.70 7.40 10.96 7.00 6.70 1.51 9.85 7.70 3.46 9.22 6.03 9.15 9.76 6.63 9.16 4.02 0.82 7.00 5.79 3.09 10.40 8.05 
6.02 3.54 1.24 5.33 1.74 4.79 5.39 7.23 6.07 0.05 5.76 2.79 3.04 6.06 6.83 5.64 4.71 3.10 5.41 5.09 3.27 1.78 2.08 4.97 4.91 4.31 0.37 0.81 6.86 3.05 2.22 5.57 8.13 2.26 3.38 6.52 2.75 5.45 3.71 6.59 2.69 1.59 4.18 5.74 5.85 
4.01 3.43 3.46 7.65 3.65 8.59 4.53 3.78 2.38 3.85 5.27 4.63 4.95 2.25 7.51 1.84 4.90 4.06 4.77 7.99 1.20 4.96 1.79 5.01 6.39 8.04 3.50 3.11 3.15 6.81 5.16 1.84 9.25 3.76 5.25 8.66 4.61 7.76 2.74 3.54 3.10 2.22 1.90 8.60 7.31 
5.53 10.13 8.14 2.88 8.67 7.97 4.00 8.43 8.56 6.98 3.26 9.79 10.04 9.41 0.71 8.84 3.11 4.21 3.68 4.21 6.82 5.53 7.02 11.77 2.11 7.07 7.21 7.41 9.05 6.84 5.07 9.49 1.24 4.92 10.37 2.48 4.26 2.82 5.28 7.33 9.32 7.25 6.36 4.17 1.32 
6.77 2.33 0.32 6.67 0.41 5.40 6.41 7.48 6.13 1.40 6.86 1.47 1.75 5.87 8.14 5.57 5.90 4.32 6.47 6.36 3.64 3.11 2.40 3.63 6.26 5.12 1.13 1.06 6.91 3.88 3.56 5.28 9.48 3.50 2.10 7.87 4.08 6.80 4.55 7.01 1.55 1.82 4.71 7.01 7.20 
6.75 9.43 7.19 0.70 7.70 5.76 5.16 9.51 9.25 5.93 4.63 8.67 8.87 9.90 2.87 9.34 3.85 4.03 4.86 1.89 6.91 4.23 6.68 10.93 1.86 4.89 6.26 6.57 9.88 4.92 3.76 9.80 2.82 4.42 9.17 0.59 3.56 0.59 5.65 8.43 8.58 6.71 6.83 1.80 1.38 
8.65 6.62 4.45 4.40 4.72 1.28 7.50 10.48 9.49 3.54 7.51 5.07 5.11 9.59 7.31 9.15 6.32 4.99 7.37 3.32 6.62 2.71 5.57 7.59 5.24 0.78 3.93 4.37 10.28 0.55 2.85 9.14 7.87 4.44 5.28 5.43 4.12 4.50 6.47 9.67 5.88 5.15 7.31 3.82 5.81 
6.79 6.19 3.87 3.05 4.30 3.12 5.59 8.81 7.97 2.64 5.58 5.09 5.25 8.23 5.54 7.73 4.39 3.11 5.45 2.47 5.12 1.07 4.27 7.51 3.45 2.31 3.05 3.47 8.73 1.49 0.99 7.87 6.36 2.66 5.52 4.22 2.21 3.17 4.69 7.93 5.36 4.01 5.65 3.11 4.15 
8.32 3.53 2.07 6.85 1.95 4.19 7.74 9.23 7.90 2.35 8.08 1.74 1.72 7.63 8.93 7.34 7.00 5.39 7.75 6.20 5.34 3.47 4.08 4.22 6.89 4.17 2.40 2.61 8.68 3.12 3.94 7.02 10.03 4.56 1.88 8.04 4.88 6.98 6.03 8.72 2.99 3.49 6.36 6.81 7.75 
9.28 6.13 4.20 5.62 4.34 1.55 8.28 10.84 9.72 3.62 8.38 4.39 4.36 9.68 8.42 9.29 7.20 5.74 8.19 4.57 6.89 3.39 5.73 6.86 6.34 1.78 3.95 4.35 10.51 1.44 3.66 9.15 9.08 5.08 4.47 6.67 4.93 5.73 7.02 10.12 5.48 5.23 7.72 5.06 6.97 
7.42 8.08 5.75 1.61 6.20 3.52 5.96 9.83 9.22 4.50 5.70 6.99 7.14 9.64 4.77 9.11 4.61 3.91 5.74 0.57 6.50 2.80 5.87 9.41 2.92 2.64 4.90 5.30 9.95 2.74 2.45 9.38 5.08 3.85 7.39 2.59 3.07 1.69 5.68 8.84 7.24 5.72 6.79 1.21 3.19 
3.42 5.28 5.59 8.88 5.77 10.56 4.63 1.82 0.27 5.88 5.41 6.70 7.00 0.94 7.96 0.54 5.52 5.27 4.93 9.46 2.69 6.75 3.77 6.66 7.36 9.94 5.57 5.20 1.03 8.75 6.85 1.44 9.77 5.26 7.29 9.74 6.03 8.97 3.54 2.07 5.12 4.29 2.37 10.02 8.18 
1.25 6.18 5.21 6.05 5.63 8.81 1.59 3.28 3.09 4.79 2.37 6.83 7.15 3.95 4.87 3.39 2.46 2.70 1.87 6.85 2.13 4.83 3.18 7.85 4.40 8.04 4.67 4.51 3.65 7.01 4.74 4.11 6.68 3.10 7.50 6.79 3.60 6.13 1.10 2.26 5.60 3.73 1.13 7.33 5.15 
5.28 9.96 7.99 2.93 8.52 7.99 3.75 8.18 8.32 6.84 3.01 9.66 9.91 9.17 0.48 8.60 2.89 4.03 3.43 4.27 6.60 5.43 6.83 11.61 2.01 7.08 7.07 7.25 8.81 6.81 4.98 9.25 1.47 4.76 10.25 2.64 4.12 2.89 5.06 7.08 9.15 7.07 6.12 4.27 1.31 
6.83 7.68 5.37 1.47 5.84 3.82 5.39 9.24 8.64 4.10 5.16 6.70 6.87 9.08 4.41 8.54 4.04 3.32 5.18 1.00 5.94 2.37 5.35 9.07 2.46 2.91 4.49 4.86 9.36 2.75 1.98 8.83 4.91 3.28 7.14 2.61 2.49 1.58 5.09 8.25 6.83 5.23 6.20 1.63 2.86 
4.47 6.44 4.38 2.74 4.91 5.57 3.14 6.83 6.30 3.23 3.11 6.04 6.29 6.83 3.58 6.28 1.92 0.93 2.99 3.30 3.76 2.00 3.51 8.05 1.70 4.72 3.45 3.66 7.00 3.93 1.63 6.67 4.91 1.26 6.63 3.77 0.50 2.85 2.70 5.84 5.61 3.61 3.85 3.83 2.67 
5.87 10.33 8.29 2.76 8.83 7.88 4.34 8.77 8.89 7.11 3.60 9.93 10.18 9.72 1.06 9.15 3.41 4.43 4.02 4.08 7.09 5.62 7.24 11.96 2.23 6.99 7.36 7.58 9.39 6.83 5.15 9.79 1.00 5.11 10.50 2.24 4.41 2.70 5.57 7.67 9.51 7.45 6.66 3.99 1.34 
8.92 1.61 3.43 9.96 2.91 7.95 9.02 8.58 7.04 4.68 9.62 2.10 2.05 6.28 11.25 6.27 8.83 7.36 9.16 9.60 5.65 6.40 4.77 0.46 9.48 7.93 4.37 4.12 7.65 6.81 6.85 5.56 12.69 6.60 1.95 11.16 7.29 10.09 7.05 8.53 2.26 4.36 6.72 10.24 10.44 
2.61 5.41 4.04 5.04 4.51 7.39 2.08 4.51 3.93 3.45 2.65 5.74 6.05 4.53 4.66 3.96 2.05 1.44 2.20 5.67 1.68 3.41 2.20 7.12 3.59 6.63 3.38 3.29 4.62 5.58 3.34 4.46 6.38 1.68 6.40 5.95 2.28 5.14 0.35 3.59 4.72 2.66 1.48 6.20 4.48 
2.81 6.03 6.12 8.75 6.36 10.85 4.18 1.06 0.62 6.27 4.95 7.35 7.67 1.71 7.54 1.38 5.22 5.22 4.50 9.45 2.98 6.94 4.18 7.46 7.15 10.18 5.99 5.66 0.89 9.02 6.99 2.28 9.35 5.35 7.97 9.54 6.05 8.84 3.45 1.26 5.80 4.74 2.34 9.97 7.91 
6.57 5.16 2.84 3.96 3.27 3.45 5.56 8.30 7.33 1.63 5.70 4.08 4.25 7.48 6.10 7.02 4.53 3.02 5.48 3.50 4.45 0.68 3.46 6.47 4.03 2.81 2.05 2.48 8.11 1.63 1.07 7.07 7.12 2.35 4.53 5.16 2.26 4.09 4.33 7.51 4.33 3.12 5.14 4.15 4.85 
8.92 5.04 3.27 6.17 3.32 2.69 8.09 10.21 8.99 2.97 8.29 3.26 3.22 8.85 8.69 8.50 7.14 5.58 8.04 5.28 6.25 3.31 5.02 5.71 6.59 2.81 3.22 3.56 9.78 2.02 3.69 8.29 9.54 4.82 3.32 7.30 4.88 6.28 6.61 9.58 4.44 4.48 7.17 5.84 7.33 
6.79 10.43 8.26 2.01 8.79 7.07 5.20 9.66 9.62 7.02 4.54 9.81 10.03 10.37 2.20 9.80 4.07 4.72 4.88 3.19 7.54 5.38 7.50 11.99 2.36 6.20 7.32 7.60 10.17 6.23 4.91 10.36 1.54 5.27 10.34 1.13 4.46 1.91 6.13 8.55 9.59 7.62 7.28 2.97 1.43 
6.34 4.38 2.06 4.62 2.51 3.99 5.50 7.84 6.78 0.86 5.75 3.39 3.59 6.85 6.47 6.41 4.62 3.02 5.47 4.26 3.92 1.07 2.83 5.73 4.45 3.45 1.28 1.72 7.57 2.20 1.54 6.40 7.62 2.24 3.89 5.82 2.43 4.75 4.04 7.12 3.55 2.42 4.72 4.91 5.34 
4.15 8.12 6.19 2.59 6.72 6.96 2.55 6.95 6.83 5.08 2.06 7.87 8.14 7.59 1.73 7.02 1.30 2.19 2.26 3.76 4.84 3.82 5.00 9.77 0.85 6.06 5.28 5.44 7.41 5.52 3.40 7.60 3.25 2.94 8.48 3.08 2.37 2.63 3.36 5.86 7.32 5.23 4.49 4.04 1.39 
5.67 3.28 1.10 5.54 1.64 5.26 5.15 6.78 5.60 0.51 5.57 2.80 3.08 5.58 6.81 5.17 4.58 2.99 5.19 5.40 2.82 2.07 1.61 4.80 4.97 4.77 0.25 0.43 6.39 3.52 2.46 5.10 8.19 2.17 3.43 6.72 2.78 5.66 3.38 6.16 2.43 1.12 3.77 6.05 5.93 
4.94 2.82 3.52 8.48 3.56 8.95 5.54 4.26 2.73 4.22 6.28 4.34 4.63 2.16 8.50 2.00 5.89 4.96 5.77 8.73 2.16 5.56 2.38 4.25 7.31 8.48 3.82 3.39 3.40 7.23 5.82 1.51 10.22 4.56 4.89 9.54 5.43 8.60 3.74 4.24 2.73 2.63 2.89 9.35 8.25 
7.18 4.77 2.51 4.72 2.85 3.18 6.28 8.71 7.62 1.57 6.47 3.46 3.59 7.66 6.95 7.23 5.31 3.76 6.22 4.12 4.77 1.49 3.65 5.94 4.87 2.73 1.96 2.39 8.41 1.47 1.91 7.18 7.94 3.02 3.85 5.91 3.05 4.85 4.89 7.98 3.98 3.20 5.58 4.75 5.68 
9.19 8.75 6.47 3.28 6.83 2.28 7.78 11.48 10.75 5.35 7.55 7.34 7.41 11.05 6.54 10.55 6.44 5.59 7.57 1.94 7.93 3.91 7.10 9.85 4.77 1.68 5.77 6.20 11.50 2.62 3.74 10.71 6.57 5.36 7.60 3.92 4.70 3.33 7.32 10.54 7.96 6.82 8.37 2.07 4.95 
7.85 5.29 3.11 4.80 3.38 2.48 6.88 9.43 8.35 2.28 7.02 3.80 3.88 8.37 7.29 7.95 5.84 4.34 6.80 4.00 5.50 1.99 4.37 6.31 5.19 2.12 2.65 3.08 9.14 0.92 2.33 7.89 8.14 3.65 4.08 5.95 3.57 4.91 5.58 8.69 4.54 3.91 6.30 4.60 5.93 
4.99 9.51 7.54 2.71 8.08 7.68 3.43 7.88 7.96 6.40 2.72 9.22 9.47 8.79 0.55 8.22 2.48 3.58 3.11 4.05 6.18 5.01 6.39 11.16 1.60 6.78 6.62 6.81 8.47 6.46 4.56 8.86 1.88 4.31 9.81 2.61 3.68 2.69 4.65 6.78 8.70 6.63 5.73 4.11 1.04 
7.90 1.75 4.03 10.38 3.67 9.35 8.36 6.99 5.45 5.25 9.05 3.52 3.65 4.54 11.05 4.66 8.48 7.24 8.56 10.28 4.87 6.96 4.42 1.76 9.55 9.15 4.84 4.46 5.96 7.94 7.35 3.83 12.67 6.62 3.71 11.54 7.43 10.50 6.44 7.15 2.53 4.26 5.79 10.93 10.52 
10.02 8.12 6.01 4.89 6.24 0.59 8.77 11.99 11.05 5.13 8.68 6.46 6.46 11.18 8.07 10.73 7.50 6.34 8.61 3.59 8.18 4.19 7.15 8.95 6.13 0.94 5.52 5.96 11.84 2.13 4.23 10.73 8.30 5.89 6.58 5.68 5.44 4.96 7.92 11.15 7.40 6.75 8.83 3.86 6.49 
5.27 3.40 1.39 5.45 1.92 5.54 4.77 6.41 5.27 0.84 5.21 3.12 3.41 5.30 6.54 4.86 4.25 2.68 4.83 5.41 2.45 2.11 1.28 4.99 4.77 5.00 0.64 0.62 6.06 3.76 2.45 4.85 7.97 1.89 3.76 6.61 2.58 5.57 2.99 5.78 2.56 0.87 3.38 6.05 5.73 
8.21 1.27 3.58 10.09 3.14 8.68 8.51 7.58 6.03 4.84 9.17 2.78 2.86 5.20 11.01 5.25 8.50 7.15 8.69 9.88 5.04 6.58 4.38 0.94 9.39 8.54 4.47 4.12 6.60 7.36 7.00 4.47 12.56 6.46 2.89 11.26 7.23 10.21 6.55 7.63 2.12 4.11 6.04 10.53 10.36 
8.11 7.54 5.23 2.93 5.62 2.22 6.78 10.29 9.50 4.08 6.64 6.22 6.32 9.78 6.02 9.28 5.48 4.45 6.60 1.76 6.66 2.63 5.82 8.71 4.05 1.32 4.50 4.93 10.26 1.60 2.49 9.43 6.40 4.14 6.54 3.89 3.54 3.01 6.14 9.37 6.73 5.54 7.15 2.25 4.46 
7.73 6.98 4.67 3.05 5.06 2.31 6.46 9.83 9.00 3.52 6.37 5.69 5.80 9.25 5.97 8.76 5.19 4.05 6.30 2.06 6.15 2.10 5.28 8.18 3.94 1.42 3.93 4.37 9.77 1.21 2.01 8.89 6.52 3.67 6.03 4.11 3.14 3.15 5.69 8.93 6.17 4.98 6.67 2.63 4.46 
7.39 6.46 4.14 3.24 4.54 2.53 6.18 9.39 8.53 2.98 6.15 5.20 5.33 8.75 5.97 8.27 4.96 3.71 6.03 2.42 5.66 1.61 4.76 7.68 3.89 1.70 3.40 3.83 9.30 1.01 1.59 8.37 6.66 3.26 5.57 4.37 2.81 3.35 5.29 8.52 5.64 4.45 6.23 3.03 4.51 
2.35 6.13 6.05 8.36 6.32 10.61 3.72 1.15 1.01 6.11 4.49 7.36 7.68 2.11 7.08 1.70 4.79 4.86 4.04 9.08 2.81 6.67 4.05 7.62 6.73 9.92 5.85 5.54 1.33 8.78 6.70 2.60 8.89 5.04 7.99 9.12 5.71 8.44 3.09 0.90 5.84 4.62 2.03 9.59 7.47 
6.33 10.01 7.87 1.83 8.40 6.96 4.74 9.19 9.14 6.64 4.09 9.44 9.67 9.90 1.85 9.32 3.59 4.26 4.42 3.11 7.07 5.03 7.05 11.59 1.90 6.08 6.93 7.19 9.70 6.01 4.56 9.88 1.65 4.83 9.98 1.24 4.04 1.75 5.65 8.09 9.17 7.19 6.80 2.99 0.95 
5.98 8.41 6.20 0.68 6.72 5.41 4.41 8.65 8.31 4.95 4.00 7.72 7.94 8.92 2.83 8.36 3.06 3.02 4.14 1.85 5.89 3.29 5.64 9.94 1.10 4.51 5.27 5.56 8.96 4.29 2.81 8.80 3.39 3.38 8.24 1.62 2.52 0.76 4.69 7.59 7.56 5.68 5.86 2.10 1.27 
10.61 8.20 6.21 5.64 6.38 0.73 9.41 12.48 11.48 5.45 9.35 6.46 6.42 11.54 8.81 11.12 8.17 6.94 9.26 4.35 8.61 4.70 7.53 8.90 6.85 1.55 5.83 6.25 12.27 2.55 4.80 11.06 9.06 6.43 6.50 6.44 6.04 5.71 8.46 11.67 7.54 7.08 9.32 4.60 7.24 
7.41 10.47 8.24 1.71 8.75 6.48 5.81 10.24 10.09 6.97 5.19 9.71 9.90 10.79 3.00 10.22 4.59 4.98 5.50 2.63 7.86 5.27 7.69 11.98 2.69 5.65 7.31 7.62 10.69 5.82 4.80 10.73 2.29 5.43 10.20 0.52 4.58 1.58 6.53 9.14 9.62 7.74 7.70 2.29 1.91 
3.69 6.82 7.19 9.93 7.37 12.04 5.20 0.86 1.35 7.43 5.93 8.29 8.60 1.99 8.53 2.01 6.33 6.43 5.52 10.65 4.16 8.16 5.32 8.11 8.29 11.39 7.13 6.77 0.60 10.22 8.21 2.71 10.34 6.57 8.88 10.68 7.26 10.01 4.65 1.90 6.71 5.86 3.56 11.17 9.01 
7.20 8.60 6.30 0.85 6.77 4.30 5.68 9.76 9.28 5.02 5.32 7.63 7.79 9.78 4.10 9.24 4.31 3.91 5.43 0.49 6.67 3.28 6.18 10.00 2.44 3.43 5.40 5.77 9.97 3.53 2.87 9.58 4.28 4.02 8.07 1.78 3.18 0.91 5.67 8.73 7.75 6.09 6.82 0.85 2.51 
6.13 8.30 6.07 0.59 6.58 5.14 4.58 8.76 8.37 4.80 4.19 7.56 7.77 8.96 3.10 8.40 3.21 3.04 4.32 1.61 5.90 3.12 5.59 9.81 1.31 4.24 5.14 5.45 9.04 4.04 2.65 8.81 3.63 3.34 8.07 1.70 2.48 0.70 4.75 7.71 7.45 5.61 5.92 1.91 1.53 
7.57 0.31 2.61 9.12 2.19 7.82 7.74 7.25 5.71 3.88 8.36 2.01 2.17 5.02 10.12 4.96 7.64 6.24 7.90 8.92 4.32 5.61 3.53 1.41 8.46 7.64 3.50 3.16 6.36 6.44 6.03 4.30 11.64 5.53 2.30 10.30 6.28 9.25 5.77 7.17 1.16 3.20 5.37 9.57 9.43 
8.30 0.99 3.01 9.57 2.52 7.87 8.43 7.97 6.43 4.28 9.04 1.95 2.00 5.70 10.73 5.67 8.28 6.84 8.58 9.27 5.04 6.02 4.19 0.75 9.00 7.77 3.94 3.65 7.06 6.62 6.46 4.97 12.21 6.10 2.01 10.76 6.82 9.70 6.46 7.91 1.71 3.82 6.10 9.92 9.97 
9.12 8.44 6.17 3.42 6.51 1.96 7.74 11.34 10.57 5.07 7.54 7.00 7.07 10.85 6.65 10.35 6.41 5.48 7.54 2.08 7.73 3.69 6.87 9.52 4.82 1.32 5.49 5.93 11.33 2.28 3.56 10.48 6.77 5.20 7.25 4.14 4.58 3.47 7.19 10.42 7.65 6.57 8.21 2.30 5.06 
6.80 8.34 6.05 0.69 6.54 4.47 5.28 9.35 8.88 4.78 4.93 7.44 7.62 9.40 3.83 8.85 3.91 3.51 5.03 0.85 6.29 3.04 5.84 9.78 2.07 3.58 5.14 5.50 9.57 3.53 2.61 9.21 4.16 3.65 7.90 1.82 2.80 0.79 5.27 8.32 7.49 5.78 6.42 1.26 2.24 
5.72 4.24 1.96 4.60 2.48 4.58 4.93 7.21 6.17 0.70 5.22 3.52 3.76 6.29 6.13 5.84 4.12 2.51 4.91 4.42 3.30 1.09 2.27 5.70 4.19 3.99 1.04 1.41 6.96 2.77 1.50 5.87 7.40 1.69 4.09 5.79 2.05 4.72 3.41 6.48 3.39 1.93 4.08 5.07 5.11 
7.88 3.31 1.65 6.61 1.60 4.31 7.31 8.80 7.49 1.92 7.67 1.65 1.72 7.24 8.57 6.93 6.60 4.98 7.33 6.02 4.90 3.15 3.64 4.17 6.56 4.20 1.96 2.16 8.26 3.07 3.62 6.64 9.72 4.15 1.94 7.80 4.51 6.73 5.59 8.28 2.70 3.06 5.92 6.65 7.44 
1.72 6.45 6.15 7.92 6.46 10.44 3.15 1.41 1.63 6.07 3.91 7.56 7.88 2.72 6.50 2.27 4.29 4.52 3.47 8.71 2.84 6.48 4.09 8.00 6.26 9.72 5.85 5.58 1.92 8.62 6.46 3.17 8.31 4.79 8.20 8.64 5.40 8.00 2.78 0.54 6.09 4.68 1.88 9.20 6.97 
7.76 5.32 3.12 4.69 3.40 2.50 6.79 9.37 8.30 2.25 6.92 3.86 3.94 8.34 7.18 7.92 5.74 4.25 6.71 3.91 5.45 1.90 4.33 6.37 5.08 2.10 2.63 3.06 9.09 0.87 2.23 7.86 8.03 3.56 4.16 5.84 3.47 4.81 5.50 8.63 4.56 3.88 6.23 4.50 5.82 
7.68 6.74 4.43 3.24 4.81 2.28 6.44 9.72 8.86 3.29 6.39 5.43 5.54 9.09 6.09 8.60 5.20 4.00 6.29 2.30 6.00 1.94 5.09 7.92 4.03 1.42 3.71 4.15 9.63 0.99 1.91 8.71 6.69 3.57 5.77 4.32 3.09 3.34 5.60 8.84 5.93 4.78 6.56 2.87 4.60 
1.04 7.73 6.57 5.80 7.03 9.42 0.74 3.94 4.30 5.95 1.25 8.25 8.56 5.29 3.82 4.76 2.10 3.22 0.98 6.84 3.69 5.58 4.63 9.42 4.04 8.58 5.91 5.82 4.66 7.71 5.36 5.57 5.61 3.90 8.91 6.29 4.09 5.85 2.33 2.84 7.11 5.14 2.71 7.21 4.54 
0.99 7.77 6.63 5.89 7.09 9.51 0.83 3.89 4.27 6.02 1.32 8.30 8.62 5.27 3.88 4.75 2.19 3.31 1.07 6.93 3.73 5.66 4.68 9.45 4.13 8.67 5.98 5.89 4.62 7.79 5.45 5.56 5.67 3.98 8.97 6.37 4.18 5.94 2.39 2.79 7.16 5.20 2.74 7.30 4.62 
7.16 2.10 4.12 10.17 3.85 9.61 7.74 6.10 4.57 5.24 8.46 3.99 4.17 3.63 10.58 3.78 7.99 6.86 7.96 10.19 4.29 6.88 4.06 2.63 9.21 9.33 4.82 4.40 5.05 8.09 7.24 2.93 12.25 6.31 4.30 11.30 7.16 10.29 5.88 6.30 2.69 4.01 5.11 10.84 10.17 
2.52 8.44 6.92 4.65 7.43 8.83 1.14 5.42 5.70 6.07 0.38 8.65 8.95 6.64 2.34 6.09 1.42 3.01 0.88 5.82 4.56 5.27 5.22 10.14 2.91 7.95 6.13 6.15 6.12 7.25 4.95 6.84 4.13 3.83 9.30 4.97 3.69 4.68 2.99 4.32 7.73 5.65 3.79 6.10 3.21 
8.21 0.91 2.97 9.53 2.48 7.88 8.35 7.87 6.33 4.24 8.97 1.96 2.03 5.60 10.66 5.57 8.21 6.77 8.50 9.24 4.95 5.98 4.12 0.82 8.95 7.77 3.89 3.60 6.96 6.61 6.42 4.88 12.15 6.04 2.05 10.72 6.76 9.65 6.38 7.81 1.64 3.75 6.01 9.89 9.91 
4.26 7.33 5.33 2.44 5.86 6.22 2.75 6.89 6.57 4.19 2.50 7.00 7.26 7.23 2.61 6.66 1.39 1.47 2.52 3.36 4.30 2.92 4.28 8.96 0.90 5.34 4.41 4.59 7.21 4.70 2.52 7.16 4.00 2.11 7.60 3.24 1.47 2.52 2.97 5.83 6.51 4.46 4.14 3.77 1.85 
3.98 9.31 7.54 3.73 8.07 8.46 2.51 6.88 7.11 6.51 1.74 9.25 9.53 8.02 0.88 7.46 1.98 3.47 2.20 5.03 5.67 5.36 6.10 11.00 2.23 7.56 6.66 6.77 7.56 7.07 4.95 8.16 2.67 4.28 9.88 3.77 3.85 3.73 4.08 5.78 8.54 6.43 5.05 5.18 2.10 
6.83 0.65 2.52 8.82 2.23 7.99 7.07 6.45 4.92 3.70 7.73 2.47 2.70 4.25 9.60 4.18 7.06 5.74 7.25 8.73 3.61 5.40 2.95 2.14 8.02 7.72 3.29 2.90 5.57 6.48 5.79 3.54 11.17 5.09 2.89 9.98 5.88 8.94 5.11 6.38 1.07 2.72 4.64 9.38 9.00 
2.61 8.34 6.78 4.45 7.29 8.63 1.15 5.52 5.74 5.91 0.36 8.51 8.81 6.67 2.24 6.11 1.24 2.84 0.86 5.62 4.50 5.08 5.12 10.04 2.71 7.75 5.98 6.01 6.18 7.05 4.76 6.84 4.05 3.67 9.16 4.80 3.50 4.49 2.92 4.41 7.62 5.53 3.76 5.91 3.04 
8.38 1.33 2.49 8.98 1.96 6.98 8.34 8.36 6.85 3.72 8.89 1.08 1.09 6.23 10.39 6.13 8.03 6.52 8.46 8.59 5.09 5.42 4.08 1.43 8.57 6.93 3.43 3.22 7.53 5.80 5.87 5.52 11.78 5.73 1.09 10.18 6.38 9.11 6.38 8.18 1.60 3.61 6.19 9.24 9.51 
7.88 6.57 4.29 3.59 4.65 2.03 6.68 9.83 8.93 3.21 6.65 5.20 5.30 9.12 6.43 8.64 5.46 4.20 6.54 2.63 6.06 2.02 5.10 7.71 4.36 1.23 3.63 4.07 9.71 0.64 2.07 8.71 7.05 3.72 5.52 4.67 3.31 3.70 5.75 8.98 5.78 4.75 6.67 3.19 4.94 
6.54 4.20 1.88 4.88 2.30 3.96 5.74 7.96 6.85 0.80 6.01 3.13 3.32 6.88 6.76 6.45 4.89 3.28 5.72 4.47 4.01 1.34 2.87 5.50 4.74 3.47 1.20 1.64 7.64 2.22 1.82 6.41 7.91 2.48 3.62 6.08 2.71 5.00 4.23 7.26 3.38 2.42 4.85 5.12 5.62 
5.12 3.57 4.57 9.38 4.58 10.01 5.98 3.80 2.27 5.28 6.76 5.26 5.53 1.37 9.13 1.49 6.54 5.78 6.25 9.69 2.91 6.58 3.39 4.75 8.10 9.54 4.89 4.45 2.77 8.29 6.82 0.65 10.89 5.48 5.77 10.39 6.34 9.49 4.37 4.05 3.66 3.68 3.34 10.31 9.02 
8.42 5.08 3.10 5.56 3.25 2.53 7.53 9.83 8.66 2.57 7.71 3.42 3.44 8.59 8.06 8.21 6.55 5.01 7.47 4.71 5.87 2.70 4.67 5.93 5.96 2.45 2.88 3.26 9.46 1.48 3.08 8.06 8.92 4.27 3.60 6.70 4.28 5.68 6.12 9.15 4.41 4.16 6.74 5.28 6.71 
6.85 6.96 4.64 2.27 5.09 3.31 5.51 9.07 8.35 3.39 5.39 5.90 6.06 8.70 5.00 8.18 4.22 3.19 5.34 1.67 5.55 1.69 4.83 8.31 2.95 2.42 3.79 4.19 9.09 2.01 1.40 8.39 5.66 2.95 6.33 3.43 2.29 2.39 4.91 8.13 6.12 4.64 5.95 2.32 3.52 
7.38 5.42 3.15 4.26 3.49 2.69 6.36 9.08 8.06 2.12 6.47 4.08 4.20 8.16 6.70 7.72 5.29 3.82 6.27 3.55 5.19 1.46 4.13 6.57 4.60 2.14 2.53 2.97 8.85 0.89 1.76 7.71 7.58 3.16 4.44 5.42 3.02 4.38 5.14 8.30 4.63 3.73 5.93 4.16 5.35 
8.48 1.31 3.53 10.08 3.06 8.45 8.71 7.94 6.40 4.80 9.35 2.54 2.58 5.59 11.13 5.62 8.64 7.24 8.88 9.82 5.26 6.54 4.53 0.54 9.45 8.36 4.44 4.13 6.98 7.20 6.98 4.86 12.64 6.53 2.57 11.26 7.27 10.20 6.75 7.96 2.14 4.20 6.30 10.47 10.42 
1.17 7.32 6.10 5.50 6.57 8.98 0.44 4.02 4.20 5.47 1.18 7.79 8.11 5.14 3.78 4.59 1.77 2.76 0.76 6.49 3.31 5.11 4.19 9.02 3.76 8.14 5.44 5.36 4.64 7.25 4.91 5.36 5.59 3.43 8.46 6.06 3.64 5.56 1.88 2.92 6.69 4.69 2.39 6.89 4.33 
6.40 6.24 3.92 2.78 4.39 3.53 5.17 8.49 7.70 2.66 5.15 5.25 5.43 8.01 5.14 7.50 3.96 2.72 5.03 2.39 4.88 0.95 4.11 7.62 3.04 2.70 3.05 3.45 8.46 1.92 0.69 7.68 6.01 2.34 5.72 3.98 1.81 2.91 4.35 7.59 5.40 3.90 5.34 3.04 3.77 
4.81 3.92 4.78 9.32 4.83 10.16 5.74 3.41 1.89 5.41 6.52 5.56 5.84 0.99 8.94 1.10 6.37 5.70 6.02 9.69 2.83 6.64 3.44 5.13 7.99 9.66 5.03 4.60 2.38 8.41 6.85 0.27 10.72 5.45 6.09 10.31 6.30 9.43 4.21 3.68 3.95 3.79 3.14 10.29 8.89 
5.73 10.66 8.70 3.42 9.23 8.54 4.26 8.63 8.86 7.55 3.49 10.36 10.62 9.74 0.92 9.18 3.52 4.73 3.95 4.75 7.25 6.12 7.52 12.31 2.70 7.64 7.78 7.96 9.31 7.44 5.66 9.86 0.93 5.47 10.95 2.90 4.83 3.36 5.69 7.53 9.85 7.77 6.73 4.67 1.91 
4.34 5.29 3.29 3.79 3.83 5.57 3.35 6.31 5.56 2.24 3.58 4.99 5.26 5.95 4.62 5.42 2.48 0.86 3.30 4.10 2.82 1.61 2.38 6.91 2.85 4.80 2.39 2.55 6.30 3.78 1.52 5.72 6.04 0.16 5.61 4.88 0.73 3.90 2.18 5.42 4.47 2.46 3.17 4.69 3.83 
4.51 9.28 7.38 3.03 7.91 7.87 2.96 7.41 7.52 6.28 2.24 9.07 9.34 8.37 0.54 7.80 2.10 3.35 2.64 4.35 5.83 4.98 6.11 10.94 1.66 6.97 6.47 6.63 8.01 6.56 4.55 8.46 2.26 4.12 9.68 3.05 3.56 3.02 4.27 6.30 8.48 6.39 5.33 4.47 1.38 
0.94 6.40 5.66 6.73 6.05 9.49 2.00 2.60 2.60 5.36 2.78 7.22 7.54 3.57 5.36 3.03 3.08 3.41 2.32 7.55 2.42 5.51 3.59 8.04 5.06 8.73 5.20 5.00 3.06 7.68 5.44 3.84 7.17 3.78 7.88 7.44 4.31 6.80 1.76 1.55 5.90 4.17 1.31 8.03 5.76 
6.63 11.23 9.18 3.34 9.71 8.45 5.13 9.53 9.71 7.98 4.37 10.80 11.04 10.57 1.78 10.01 4.29 5.33 4.81 4.58 7.98 6.44 8.15 12.85 3.10 7.57 8.24 8.47 10.19 7.52 5.97 10.66 0.14 6.01 11.36 2.52 5.29 3.25 6.45 8.43 10.40 8.36 7.53 4.37 2.17 
6.61 10.63 8.51 2.44 9.03 7.54 5.05 9.50 9.54 7.28 4.34 10.09 10.32 10.34 1.87 9.77 4.01 4.82 4.73 3.67 7.59 5.68 7.63 12.22 2.49 6.67 7.57 7.82 10.07 6.65 5.21 10.36 1.05 5.43 10.63 1.63 4.66 2.35 6.13 8.40 9.79 7.79 7.25 3.47 1.52 
7.70 2.68 1.28 7.00 1.06 4.94 7.27 8.43 7.07 1.98 7.68 1.07 1.20 6.76 8.77 6.48 6.66 5.05 7.31 6.50 4.60 3.47 3.36 3.57 6.81 4.81 1.88 1.95 7.84 3.66 3.94 6.14 10.01 4.22 1.49 8.20 4.69 7.13 5.46 7.97 2.09 2.77 5.67 7.14 7.72 
6.90 11.46 9.39 3.44 9.92 8.52 5.40 9.80 9.99 8.19 4.65 11.01 11.24 10.85 2.05 10.28 4.55 5.58 5.09 4.64 8.24 6.63 8.40 13.07 3.32 7.66 8.45 8.69 10.46 7.65 6.16 10.93 0.27 6.24 11.56 2.55 5.51 3.35 6.72 8.70 10.63 8.59 7.80 4.40 2.37 
3.50 6.61 4.77 3.36 5.30 6.58 2.14 5.99 5.61 3.76 2.16 6.49 6.77 6.26 3.20 5.69 0.98 0.70 1.99 4.15 3.36 2.87 3.46 8.28 1.85 5.72 3.90 4.01 6.26 4.91 2.57 6.19 4.79 1.52 7.11 4.21 1.30 3.45 2.00 4.96 5.82 3.72 3.18 4.62 2.76 
4.14 5.67 3.70 3.55 4.24 5.76 3.04 6.26 5.60 2.65 3.22 5.41 5.68 6.07 4.21 5.53 2.09 0.50 2.96 3.99 2.96 1.86 2.68 7.31 2.49 4.96 2.81 2.96 6.33 4.01 1.67 5.88 5.66 0.46 6.02 4.60 0.55 3.66 2.09 5.32 4.85 2.81 3.17 4.55 3.46 
5.60 1.71 2.22 7.89 2.20 7.74 5.83 5.47 3.99 3.10 6.50 2.98 3.28 3.53 8.43 3.32 5.87 4.63 6.01 7.95 2.37 4.65 1.81 3.36 6.96 7.34 2.69 2.25 4.72 6.08 4.99 2.88 10.05 4.04 3.57 9.02 4.88 8.02 3.88 5.27 1.39 1.74 3.41 8.59 7.93 
3.73 8.10 6.26 3.06 6.79 7.35 2.12 6.55 6.50 5.21 1.60 7.97 8.24 7.30 1.72 6.73 0.97 2.20 1.82 4.22 4.66 4.07 4.93 9.77 1.31 6.46 5.37 5.50 7.05 5.87 3.67 7.34 3.41 3.00 8.58 3.51 2.54 3.10 3.12 5.45 7.32 5.21 4.22 4.51 1.78 
5.30 2.30 1.41 6.78 1.66 6.72 5.22 5.77 4.42 2.01 5.80 2.78 3.10 4.22 7.53 3.88 5.04 3.66 5.35 6.80 2.03 3.51 0.95 3.99 5.93 6.27 1.60 1.16 5.20 5.01 3.84 3.68 9.08 2.99 3.44 7.92 3.80 6.90 3.26 5.35 1.56 0.63 3.14 7.44 6.90 
8.44 1.69 2.29 8.66 1.76 6.49 8.29 8.58 7.10 3.45 8.81 0.67 0.59 6.53 10.20 6.39 7.91 6.36 8.39 8.22 5.16 5.10 4.07 1.91 8.33 6.46 3.20 3.05 7.80 5.36 5.57 5.83 11.55 5.55 0.60 9.86 6.15 8.79 6.36 8.34 1.73 3.55 6.26 8.86 9.27 
3.22 4.30 3.24 5.92 3.65 7.46 3.15 4.31 3.35 3.00 3.80 4.84 5.17 3.70 5.84 3.17 3.24 2.30 3.32 6.35 0.58 3.57 1.19 6.00 4.63 6.80 2.80 2.57 4.12 5.64 3.66 3.49 7.54 2.10 5.51 6.91 2.92 6.02 1.19 3.61 3.66 1.75 1.21 6.93 5.56 
2.97 5.22 3.75 4.86 4.23 7.04 2.36 4.82 4.16 3.10 2.87 5.46 5.77 4.69 4.72 4.13 2.14 1.23 2.45 5.42 1.70 3.06 2.00 6.92 3.50 6.29 3.06 2.99 4.88 5.23 3.01 4.57 6.39 1.34 6.12 5.81 2.00 4.96 0.70 3.92 4.50 2.41 1.72 5.97 4.42 
6.93 1.30 1.06 7.62 0.63 6.36 6.80 7.22 5.78 2.34 7.34 1.19 1.51 5.35 8.85 5.13 6.48 4.97 6.91 7.36 3.66 4.08 2.56 2.69 7.07 6.13 1.98 1.71 6.52 4.90 4.51 4.70 10.29 4.20 1.83 8.81 4.88 7.74 4.86 6.91 0.57 2.06 4.77 8.01 8.03 
7.25 8.17 5.85 1.34 6.31 3.79 5.78 9.71 9.14 4.59 5.49 7.13 7.29 9.59 4.51 9.05 4.41 3.80 5.55 0.47 6.45 2.86 5.87 9.53 2.68 2.91 4.98 5.36 9.86 2.97 2.49 9.35 4.81 3.79 7.55 2.34 2.99 1.42 5.57 8.71 7.32 5.74 6.70 1.12 2.92 
7.53 0.93 3.21 9.62 2.84 8.53 7.85 6.93 5.38 4.44 8.52 2.75 2.91 4.59 10.42 4.61 7.88 6.57 8.04 9.49 4.37 6.16 3.77 1.55 8.85 8.33 4.05 3.67 5.97 7.11 6.57 3.86 12.00 5.91 3.01 10.78 6.70 9.74 5.90 6.96 1.72 3.55 5.37 10.14 9.82 
5.40 3.00 1.10 5.86 1.60 5.77 5.01 6.35 5.13 1.02 5.48 2.82 3.12 5.08 6.91 4.68 4.56 3.03 5.08 5.80 2.40 2.49 1.16 4.60 5.16 5.27 0.66 0.36 5.92 4.02 2.84 4.60 8.36 2.26 3.48 7.02 2.98 5.98 3.15 5.77 2.16 0.62 3.41 6.45 6.13 
7.21 4.70 2.44 4.81 2.77 3.22 6.32 8.70 7.61 1.53 6.52 3.37 3.50 7.63 7.02 7.21 5.36 3.80 6.27 4.21 4.76 1.56 3.63 5.85 4.95 2.79 1.91 2.35 8.40 1.53 1.99 7.15 8.03 3.06 3.75 6.00 3.11 4.94 4.91 7.99 3.91 3.17 5.59 4.84 5.76 
6.35 9.32 7.12 0.91 7.64 6.04 4.75 9.12 8.92 5.87 4.20 8.65 8.86 9.59 2.44 9.02 3.46 3.77 4.45 2.23 6.64 4.21 6.48 10.85 1.50 5.16 6.18 6.47 9.53 5.09 3.73 9.52 2.57 4.22 9.16 0.90 3.38 0.84 5.33 8.04 8.47 6.55 6.50 2.21 0.94 
8.05 7.00 4.71 3.37 5.07 1.96 6.79 10.09 9.23 3.60 6.72 5.63 5.72 9.45 6.33 8.97 5.54 4.36 6.63 2.31 6.37 2.31 5.45 8.13 4.29 1.07 4.02 4.46 10.00 0.99 2.28 9.06 6.84 3.95 5.94 4.40 3.46 3.47 5.98 9.21 6.20 5.12 6.93 2.84 4.80 
7.68 9.31 7.00 1.03 7.47 4.63 6.12 10.31 9.88 5.73 5.69 8.31 8.47 10.42 4.16 9.87 4.76 4.52 5.85 0.82 7.32 3.99 6.87 10.70 2.79 3.81 6.11 6.48 10.56 4.09 3.58 10.24 4.03 4.69 8.74 1.39 3.83 1.00 6.27 9.26 8.46 6.79 7.43 0.49 2.62 
7.03 6.05 3.73 3.37 4.14 2.87 5.87 8.97 8.08 2.54 5.89 4.86 5.00 8.30 5.89 7.82 4.70 3.36 5.74 2.70 5.22 1.17 4.30 7.31 3.80 2.09 2.96 3.39 8.86 1.16 1.22 7.92 6.70 2.86 5.26 4.53 2.48 3.48 4.89 8.12 5.22 4.00 5.81 3.33 4.50 
7.56 8.20 5.88 1.65 6.32 3.48 6.10 9.98 9.38 4.63 5.83 7.09 7.23 9.80 4.85 9.27 4.74 4.06 5.88 0.49 6.65 2.93 6.02 9.52 3.03 2.61 5.03 5.43 10.10 2.78 2.60 9.53 5.11 4.00 7.49 2.58 3.23 1.73 5.83 8.99 7.36 5.86 6.94 1.10 3.27 
8.34 2.60 1.89 7.70 1.51 5.26 7.96 8.90 7.49 2.72 8.40 0.71 0.64 7.08 9.51 6.85 7.39 5.79 8.02 7.14 5.17 4.19 3.95 3.14 7.55 5.25 2.60 2.62 8.24 4.17 4.66 6.43 10.74 4.96 0.82 8.89 5.43 7.82 6.12 8.51 2.23 3.37 6.26 7.77 8.45 
6.92 11.05 8.93 2.80 9.46 7.85 5.37 9.81 9.89 7.70 4.64 10.51 10.74 10.71 2.10 10.14 4.38 5.23 5.05 3.97 7.99 6.10 8.05 12.64 2.91 6.99 7.99 8.24 10.41 7.02 5.63 10.74 0.82 5.85 11.05 1.87 5.08 2.70 6.51 8.71 10.21 8.21 7.63 3.73 1.94 
4.03 6.09 4.13 3.27 4.66 5.91 2.81 6.31 5.76 3.06 2.91 5.82 6.10 6.29 3.79 5.73 1.74 0.39 2.70 3.83 3.23 2.12 3.06 7.72 2.09 5.08 3.23 3.38 6.46 4.20 1.85 6.13 5.24 0.88 6.44 4.28 0.57 3.38 2.17 5.34 5.27 3.22 3.30 4.37 3.06 
6.35 10.16 8.03 2.03 8.56 7.15 4.76 9.22 9.20 6.80 4.09 9.61 9.84 9.97 1.77 9.40 3.65 4.38 4.44 3.29 7.17 5.21 7.18 11.74 2.03 6.27 7.09 7.35 9.75 6.21 4.73 9.97 1.45 4.96 10.15 1.38 4.19 1.94 5.73 8.11 9.32 7.33 6.87 3.16 1.06 
4.81 6.17 4.04 2.80 4.57 5.16 3.55 7.05 6.43 2.84 3.56 5.66 5.91 6.89 4.01 6.35 2.37 1.15 3.41 3.16 3.77 1.53 3.37 7.74 2.04 4.32 3.10 3.35 7.15 3.49 1.17 6.68 5.26 1.13 6.24 3.90 0.28 2.92 2.89 6.09 5.33 3.40 3.99 3.74 2.99 
5.27 2.21 2.87 8.20 2.88 8.35 5.68 4.88 3.37 3.66 6.39 3.65 3.94 2.85 8.48 2.66 5.88 4.78 5.89 8.34 2.20 5.10 2.03 3.74 7.14 7.92 3.25 2.81 4.07 6.66 5.40 2.20 10.15 4.29 4.21 9.29 5.15 8.31 3.78 4.76 2.04 2.15 3.12 8.98 8.09 
1.96 5.37 4.54 6.30 4.93 8.55 2.34 3.24 2.67 4.27 3.10 6.11 6.43 3.37 5.50 2.80 2.96 2.73 2.60 6.96 1.33 4.58 2.47 7.04 4.76 7.83 4.09 3.88 3.34 6.73 4.57 3.43 7.29 2.91 6.77 7.14 3.57 6.39 0.96 2.40 4.82 3.05 0.32 7.48 5.59 
2.49 5.75 5.69 8.24 5.95 10.33 3.76 1.48 0.85 5.78 4.54 6.99 7.30 1.88 7.11 1.41 4.74 4.69 4.07 8.92 2.49 6.42 3.71 7.25 6.65 9.66 5.52 5.19 1.39 8.50 6.46 2.30 8.92 4.81 7.61 9.04 5.52 8.32 2.92 1.25 5.47 4.28 1.80 9.44 7.42 
8.01 0.88 2.36 8.92 1.85 7.18 8.03 7.93 6.41 3.63 8.60 1.27 1.38 5.78 10.18 5.68 7.78 6.30 8.16 8.59 4.72 5.36 3.76 1.39 8.41 7.08 3.30 3.05 7.08 5.91 5.80 5.07 11.62 5.53 1.46 10.11 6.22 9.04 6.06 7.77 1.25 3.33 5.82 9.24 9.37 
2.08 6.51 6.34 8.32 6.63 10.76 3.54 1.03 1.39 6.33 4.29 7.69 8.01 2.49 6.89 2.10 4.68 4.89 3.87 9.10 3.06 6.81 4.31 8.01 6.66 10.06 6.09 5.80 1.56 8.94 6.80 3.01 8.70 5.14 8.33 9.04 5.76 8.40 3.14 0.49 6.20 4.89 2.17 9.59 7.36 
5.73 2.29 0.81 6.56 1.14 6.16 5.50 6.35 5.03 1.51 6.03 2.34 2.66 4.83 7.58 4.49 5.17 3.69 5.61 6.47 2.53 3.15 1.32 3.91 5.86 5.75 1.10 0.66 5.81 4.49 3.53 4.27 9.06 2.94 3.01 7.73 3.68 6.69 3.58 5.89 1.46 0.77 3.62 7.12 6.83 
3.98 5.49 3.58 3.81 4.11 5.92 2.96 6.03 5.35 2.58 3.20 5.29 5.57 5.81 4.36 5.27 2.12 0.50 2.91 4.24 2.70 1.98 2.45 7.13 2.70 5.14 2.70 2.82 6.08 4.15 1.85 5.62 5.85 0.33 5.92 4.85 0.80 3.92 1.87 5.11 4.68 2.61 2.92 4.81 3.67 
0.78 6.66 5.69 6.14 6.12 9.15 1.34 3.21 3.26 5.25 2.12 7.32 7.64 4.20 4.69 3.65 2.45 2.97 1.65 7.02 2.62 5.19 3.67 8.34 4.44 8.36 5.14 4.99 3.73 7.37 5.07 4.43 6.51 3.46 7.99 6.81 3.88 6.21 1.53 2.13 6.09 4.22 1.58 7.47 5.12 
7.33 4.36 2.16 5.22 2.44 3.41 6.52 8.70 7.55 1.45 6.76 2.97 3.09 7.51 7.37 7.11 5.62 4.04 6.49 4.62 4.74 1.89 3.56 5.46 5.31 3.07 1.77 2.18 8.34 1.84 2.34 7.00 8.41 3.26 3.34 6.41 3.40 5.35 5.03 8.03 3.59 3.05 5.62 5.25 6.14 
3.89 6.07 6.56 9.78 6.72 11.58 5.28 1.43 0.84 6.90 6.05 7.59 7.89 1.21 8.63 1.30 6.30 6.20 5.60 10.41 3.70 7.75 4.79 7.33 8.20 10.96 6.57 6.20 0.28 9.76 7.85 1.93 10.45 6.24 8.17 10.60 6.99 9.87 4.44 2.21 6.00 5.29 3.28 10.96 8.98 
5.64 10.18 8.17 2.82 8.71 7.92 4.11 8.54 8.66 7.01 3.37 9.83 10.07 9.51 0.83 8.94 3.20 4.27 3.79 4.15 6.90 5.54 7.08 11.82 2.13 7.03 7.25 7.45 9.16 6.82 5.08 9.58 1.17 4.97 10.40 2.39 4.29 2.76 5.37 7.44 9.37 7.30 6.45 4.10 1.30 
5.03 5.84 3.66 3.03 4.19 4.88 3.85 7.14 6.43 2.45 3.92 5.27 5.51 6.83 4.42 6.30 2.73 1.35 3.73 3.23 3.69 1.13 3.16 7.39 2.44 4.07 2.73 3.00 7.17 3.16 0.81 6.58 5.65 1.04 5.84 4.18 0.47 3.15 2.99 6.22 4.99 3.13 4.03 3.84 3.37 
4.50 2.92 2.17 6.66 2.47 7.20 4.53 4.99 3.71 2.46 5.16 3.59 3.92 3.64 7.06 3.23 4.50 3.28 4.69 6.84 1.22 3.67 0.50 4.62 5.62 6.67 2.11 1.72 4.50 5.43 3.92 3.18 8.69 2.75 4.25 7.75 3.61 6.78 2.56 4.54 2.29 0.83 2.33 7.47 6.59 
6.69 0.83 2.60 8.83 2.34 8.10 6.97 6.28 4.75 3.75 7.64 2.63 2.87 4.07 9.54 4.00 7.00 5.70 7.15 8.76 3.50 5.44 2.90 2.28 8.00 7.82 3.34 2.94 5.39 6.57 5.82 3.35 11.13 5.06 3.07 9.98 5.87 8.95 5.02 6.22 1.19 2.70 4.51 9.41 8.97 
4.98 2.42 1.88 6.98 2.10 7.16 5.03 5.31 3.95 2.42 5.66 3.16 3.49 3.75 7.52 3.40 4.97 3.69 5.19 7.08 1.69 3.83 0.87 4.12 6.02 6.69 2.03 1.61 4.73 5.43 4.13 3.21 9.12 3.11 3.81 8.09 3.95 7.10 3.06 4.93 1.80 0.87 2.80 7.71 6.99 
9.14 8.60 6.32 3.32 6.68 2.14 7.74 11.40 10.65 5.21 7.52 7.18 7.25 10.94 6.57 10.44 6.40 5.52 7.54 1.98 7.82 3.79 6.98 9.69 4.77 1.52 5.63 6.07 11.40 2.46 3.64 10.59 6.64 5.27 7.44 4.00 4.62 3.37 7.24 10.46 7.81 6.69 8.28 2.16 4.98 
1.34 5.97 5.22 6.59 5.61 9.15 2.12 2.77 2.52 4.95 2.91 6.78 7.10 3.40 5.43 2.84 3.04 3.15 2.42 7.35 1.98 5.17 3.15 7.63 4.96 8.40 4.78 4.57 3.08 7.34 5.12 3.60 7.25 3.46 7.44 7.35 4.04 6.67 1.43 1.81 5.46 3.73 0.87 7.84 5.72 
9.93 6.99 5.07 5.71 5.20 0.88 8.85 11.61 10.52 4.43 8.89 5.23 5.18 10.51 8.69 10.11 7.70 6.32 8.74 4.54 7.68 3.99 6.54 7.67 6.64 1.52 4.78 5.19 11.31 1.84 4.19 10.00 9.19 5.72 5.27 6.67 5.47 5.80 7.70 10.86 6.35 6.05 8.47 4.94 7.18 
5.85 3.02 4.39 9.70 4.30 9.92 6.62 4.59 3.07 5.26 7.38 4.82 5.07 2.12 9.68 2.28 7.07 6.18 6.88 9.92 3.36 6.70 3.57 4.04 8.53 9.52 4.85 4.41 3.54 8.26 6.99 1.42 11.42 5.78 5.27 10.76 6.64 9.82 4.90 4.85 3.27 3.75 3.96 10.54 9.46 
6.73 3.72 1.44 5.42 1.80 4.19 6.04 7.96 6.78 0.72 6.36 2.59 2.78 6.72 7.24 6.33 5.27 3.65 6.04 5.00 4.00 1.88 2.79 4.98 5.24 3.80 0.99 1.39 7.57 2.54 2.35 6.21 8.42 2.83 3.08 6.62 3.17 5.55 4.42 7.32 2.92 2.27 4.92 5.64 6.13 
5.23 10.29 8.38 3.47 8.92 8.52 3.77 8.13 8.37 7.26 3.00 10.07 10.33 9.26 0.48 8.70 3.08 4.37 3.46 4.81 6.81 5.90 7.13 11.96 2.49 7.62 7.47 7.64 8.82 7.34 5.45 9.38 1.42 5.13 10.66 3.11 4.54 3.42 5.25 7.03 9.50 7.40 6.26 4.80 1.85 
6.71 0.70 1.75 8.15 1.45 7.21 6.78 6.67 5.18 2.96 7.39 1.87 2.14 4.65 9.11 4.48 6.63 5.23 6.93 8.00 3.42 4.68 2.54 2.39 7.45 6.94 2.57 2.19 5.89 5.71 5.09 3.96 10.63 4.52 2.40 9.33 5.28 8.28 4.81 6.47 0.30 2.19 4.51 8.66 8.42 
3.17 5.02 3.52 4.90 4.00 6.89 2.59 4.92 4.19 2.88 3.10 5.23 5.54 4.67 4.89 4.12 2.33 1.27 2.67 5.40 1.61 2.92 1.79 6.71 3.59 6.16 2.83 2.76 4.92 5.08 2.90 4.51 6.54 1.24 5.89 5.88 1.96 5.00 0.87 4.05 4.28 2.19 1.78 5.96 4.53 
7.74 9.01 6.69 1.22 7.15 4.19 6.20 10.30 9.81 5.42 5.82 7.95 8.11 10.31 4.46 9.77 4.84 4.45 5.95 0.41 7.19 3.70 6.67 10.37 2.93 3.37 5.81 6.20 10.51 3.66 3.31 10.10 4.44 4.53 8.37 1.81 3.70 1.24 6.21 9.27 8.16 6.56 7.36 0.31 2.89 
5.17 8.77 6.70 1.77 7.23 6.61 3.56 7.97 7.84 5.50 3.01 8.33 8.57 8.57 1.62 8.00 2.32 2.94 3.26 3.07 5.73 4.02 5.75 10.38 0.62 5.71 5.76 5.99 8.42 5.38 3.56 8.55 2.59 3.55 8.89 2.07 2.82 1.78 4.32 6.88 7.94 5.91 5.47 3.23 0.39 
2.19 8.19 6.74 4.83 7.24 8.87 0.82 5.10 5.36 5.93 0.20 8.46 8.76 6.31 2.66 5.76 1.39 2.91 0.59 5.96 4.28 5.22 4.98 9.89 3.08 7.99 5.97 5.97 5.78 7.25 4.92 6.51 4.46 3.71 9.12 5.21 3.65 4.87 2.73 3.99 7.50 5.43 3.47 6.27 3.45 
4.91 8.47 6.42 1.90 6.96 6.56 3.31 7.69 7.54 5.25 2.79 8.07 8.31 8.26 1.72 7.69 2.03 2.62 3.01 3.13 5.42 3.80 5.44 10.09 0.38 5.66 5.49 5.71 8.13 5.26 3.35 8.23 2.87 3.26 8.64 2.33 2.54 1.92 4.00 6.60 7.65 5.61 5.16 3.35 0.70 
4.72 6.94 4.84 2.25 5.38 5.54 3.29 7.20 6.74 3.66 3.13 6.48 6.72 7.31 3.22 6.75 1.97 1.39 3.09 2.93 4.26 2.26 4.04 8.54 1.23 4.66 3.91 4.14 7.42 4.00 1.84 7.17 4.45 1.78 7.05 3.25 0.97 2.35 3.12 6.18 6.11 4.13 4.28 3.41 2.18 
4.73 2.87 3.37 8.20 3.45 8.74 5.28 4.21 2.71 4.00 6.01 4.29 4.59 2.25 8.22 2.01 5.62 4.67 5.51 8.45 1.88 5.30 2.12 4.36 7.02 8.26 3.61 3.18 3.41 7.01 5.55 1.65 9.94 4.28 4.87 9.25 5.14 8.31 3.46 4.12 2.69 2.40 2.65 9.07 7.96 
4.11 4.83 5.42 9.27 5.54 10.60 5.24 2.42 0.93 5.87 6.03 6.37 6.67 0.29 8.54 0.29 6.04 5.63 5.54 9.77 2.87 6.90 3.79 6.11 7.82 10.04 5.52 5.12 1.40 8.81 7.05 0.75 10.35 5.52 6.94 10.18 6.33 9.37 3.97 2.79 4.77 4.24 2.81 10.35 8.67 
4.88 8.17 6.10 1.81 6.64 6.30 3.29 7.61 7.39 4.92 2.84 7.74 7.99 8.09 2.04 7.52 1.96 2.36 3.01 2.98 5.19 3.47 5.17 9.78 0.07 5.39 5.17 5.39 8.01 4.96 3.02 8.04 3.18 2.96 8.32 2.42 2.22 1.86 3.83 6.54 7.34 5.32 4.99 3.25 0.95 
9.83 8.95 6.71 3.99 7.03 1.91 8.44 12.05 11.26 5.66 8.23 7.43 7.47 11.51 7.25 11.02 7.11 6.19 8.24 2.65 8.41 4.36 7.52 9.95 5.47 1.59 6.08 6.52 12.02 2.76 4.25 11.14 7.25 5.90 7.63 4.59 5.29 4.03 7.89 11.12 8.18 7.20 8.91 2.74 5.66 
5.49 1.92 1.62 7.25 1.72 7.08 5.53 5.72 4.31 2.42 6.14 2.71 3.03 3.99 7.94 3.70 5.43 4.09 5.68 7.27 2.19 3.97 1.31 3.63 6.38 6.67 2.00 1.56 5.07 5.41 4.31 3.40 9.52 3.45 3.35 8.39 4.26 7.37 3.56 5.38 1.29 1.09 3.30 7.91 7.35 
8.66 2.50 2.25 8.19 1.80 5.65 8.35 9.09 7.64 3.17 8.81 0.68 0.40 7.17 9.98 6.98 7.82 6.22 8.42 7.63 5.45 4.67 4.26 2.77 8.02 5.67 3.02 3.01 8.38 4.63 5.15 6.50 11.22 5.40 0.37 9.38 5.89 8.31 6.48 8.75 2.28 3.69 6.55 8.25 8.93 
4.51 3.00 2.05 6.45 2.39 6.99 4.46 5.13 3.88 2.25 5.07 3.55 3.87 3.85 6.91 3.43 4.37 3.10 4.61 6.62 1.28 3.44 0.28 4.70 5.43 6.45 1.92 1.55 4.67 5.21 3.69 3.40 8.52 2.55 4.21 7.55 3.40 6.57 2.49 4.64 2.32 0.64 2.37 7.24 6.40 
3.52 4.29 2.95 5.48 3.40 6.94 3.22 4.82 3.88 2.56 3.79 4.62 4.94 4.20 5.64 3.68 3.08 1.93 3.34 5.86 1.06 3.04 1.06 5.99 4.28 6.27 2.40 2.23 4.65 5.12 3.14 3.96 7.28 1.61 5.29 6.51 2.45 5.59 1.29 4.08 3.58 1.53 1.68 6.45 5.23 
8.68 5.43 3.46 5.53 3.61 2.18 7.75 10.14 9.00 2.90 7.90 3.74 3.75 8.94 8.14 8.56 6.72 5.21 7.68 4.61 6.19 2.88 5.01 6.24 6.04 2.17 3.22 3.61 9.79 1.35 3.21 8.42 8.93 4.50 3.89 6.64 4.45 5.64 6.39 9.45 4.76 4.50 7.05 5.16 6.75 
6.25 5.35 3.02 3.63 3.49 3.69 5.19 8.08 7.17 1.77 5.31 4.37 4.56 7.38 5.69 6.89 4.13 2.65 5.10 3.28 4.30 0.30 3.39 6.72 3.62 2.98 2.17 2.58 7.94 1.89 0.66 7.00 6.73 2.03 4.86 4.83 1.86 3.76 4.04 7.25 4.50 3.11 4.91 3.93 4.45 
4.09 6.60 4.62 2.89 5.15 6.00 2.73 6.54 6.08 3.52 2.68 6.30 6.57 6.67 3.30 6.11 1.49 0.78 2.57 3.59 3.66 2.40 3.56 8.23 1.59 5.14 3.71 3.88 6.76 4.36 2.05 6.55 4.73 1.39 6.91 3.83 0.84 2.98 2.46 5.52 5.78 3.73 3.63 4.08 2.56 
2.98 5.27 5.37 8.39 5.59 10.20 4.14 1.84 0.58 5.57 4.93 6.58 6.89 1.39 7.46 0.87 5.02 4.79 4.44 9.00 2.31 6.34 3.46 6.73 6.86 9.56 5.27 4.92 1.35 8.38 6.43 1.75 9.27 4.82 7.19 9.25 5.57 8.49 3.05 1.80 5.03 4.01 1.88 9.55 7.68 
6.96 7.19 4.87 2.11 5.32 3.32 5.60 9.23 8.53 3.62 5.45 6.13 6.28 8.89 4.95 8.37 4.29 3.33 5.41 1.44 5.75 1.92 5.05 8.53 2.92 2.41 4.02 4.42 9.27 2.12 1.61 8.60 5.54 3.13 6.55 3.25 2.44 2.22 5.06 8.28 6.35 4.86 6.13 2.09 3.44 
3.67 7.10 5.21 3.04 5.75 6.65 2.18 6.29 6.00 4.17 2.02 6.92 7.20 6.69 2.72 6.12 0.84 1.17 1.97 3.95 3.84 3.11 3.96 8.76 1.42 5.77 4.33 4.46 6.63 5.05 2.76 6.65 4.29 1.95 7.54 3.80 1.55 3.11 2.43 5.23 6.30 4.21 3.60 4.37 2.29 
3.87 7.61 5.70 2.79 6.24 6.80 2.31 6.59 6.40 4.63 1.96 7.40 7.67 7.13 2.21 6.56 0.95 1.68 2.04 3.83 4.33 3.46 4.48 9.27 1.06 5.91 4.80 4.95 7.00 5.28 3.07 7.12 3.77 2.45 8.02 3.43 1.94 2.85 2.88 5.52 6.81 4.72 4.03 4.19 1.82 
3.79 4.08 2.69 5.49 3.15 6.75 3.46 5.02 4.03 2.31 4.02 4.37 4.68 4.29 5.79 3.79 3.26 2.01 3.58 5.81 1.17 2.89 0.86 5.78 4.36 6.10 2.14 1.97 4.81 4.93 3.02 4.01 7.41 1.58 5.03 6.55 2.44 5.60 1.55 4.31 3.35 1.28 1.91 6.41 5.32 
6.77 10.46 8.30 2.08 8.83 7.14 5.18 9.64 9.61 7.06 4.51 9.86 10.08 10.37 2.15 9.80 4.06 4.73 4.86 3.26 7.55 5.43 7.53 12.03 2.38 6.28 7.37 7.64 10.16 6.30 4.96 10.37 1.46 5.29 10.39 1.20 4.49 1.98 6.13 8.53 9.62 7.65 7.28 3.05 1.44 
5.64 2.34 0.89 6.52 1.23 6.19 5.42 6.28 4.96 1.52 5.95 2.43 2.75 4.77 7.51 4.43 5.10 3.62 5.52 6.45 2.45 3.13 1.24 3.97 5.80 5.77 1.10 0.66 5.74 4.51 3.50 4.22 8.99 2.88 3.09 7.69 3.63 6.65 3.49 5.81 1.52 0.68 3.53 7.10 6.77 
3.36 8.30 6.55 3.57 7.07 7.88 1.78 6.24 6.30 5.55 1.14 8.27 8.55 7.16 1.68 6.59 0.97 2.48 1.46 4.75 4.68 4.52 5.09 9.98 1.83 6.99 5.69 5.78 6.81 6.37 4.14 7.25 3.47 3.31 8.90 3.93 2.96 3.60 3.10 5.13 7.53 5.42 4.12 5.02 2.17 
7.26 11.43 9.30 3.09 9.83 8.08 5.72 10.16 10.26 8.07 4.99 10.87 11.09 11.09 2.42 10.51 4.76 5.62 5.40 4.21 8.38 6.45 8.44 13.01 3.29 7.23 8.36 8.62 10.77 7.31 5.98 11.13 0.87 6.23 11.41 2.08 5.46 2.98 6.90 9.06 10.59 8.59 8.01 3.91 2.32 
2.48 4.84 4.29 6.85 4.62 8.72 3.05 3.05 2.17 4.23 3.82 5.75 6.08 2.73 6.20 2.16 3.65 3.22 3.31 7.42 0.97 4.81 2.23 6.48 5.37 8.05 3.99 3.71 2.91 6.90 4.87 2.73 7.99 3.24 6.41 7.74 3.99 6.94 1.53 2.41 4.37 2.81 0.40 7.97 6.23 
6.42 10.70 8.62 2.74 9.15 7.85 4.88 9.32 9.42 7.41 4.15 10.23 10.46 10.24 1.61 9.67 3.91 4.84 4.56 3.99 7.56 5.85 7.66 12.31 2.56 6.98 7.68 7.92 9.93 6.91 5.38 10.29 0.74 5.49 10.78 1.99 4.75 2.65 6.06 8.22 9.87 7.85 7.17 3.82 1.60 
4.69 9.51 7.60 3.08 8.14 7.99 3.15 7.59 7.72 6.49 2.42 9.29 9.56 8.59 0.31 8.02 2.33 3.58 2.83 4.41 6.06 5.18 6.34 11.17 1.82 7.09 6.69 6.85 8.21 6.71 4.74 8.68 2.04 4.35 9.89 3.00 3.77 3.06 4.50 6.48 8.71 6.62 5.55 4.50 1.41 
8.20 7.61 5.31 2.97 5.68 2.17 6.87 10.38 9.59 4.16 6.72 6.27 6.37 9.87 6.07 9.37 5.56 4.54 6.68 1.78 6.76 2.72 5.91 8.77 4.12 1.28 4.58 5.01 10.35 1.63 2.59 9.52 6.43 4.23 6.59 3.91 3.63 3.05 6.23 9.46 6.80 5.62 7.24 2.25 4.51 
4.79 2.94 3.55 8.40 3.61 8.94 5.40 4.14 2.62 4.20 6.14 4.42 4.71 2.09 8.38 1.90 5.77 4.86 5.63 8.66 2.04 5.51 2.32 4.38 7.20 8.46 3.81 3.38 3.30 7.21 5.76 1.47 10.10 4.48 4.98 9.44 5.34 8.51 3.61 4.10 2.82 2.60 2.75 9.28 8.14 
6.17 8.46 6.23 0.50 6.75 5.26 4.61 8.83 8.47 4.97 4.20 7.73 7.94 9.07 3.00 8.51 3.25 3.16 4.34 1.65 6.03 3.29 5.74 9.97 1.30 4.36 5.30 5.61 9.13 4.19 2.82 8.93 3.47 3.48 8.24 1.54 2.62 0.59 4.85 7.77 7.61 5.76 6.02 1.89 1.42 
2.33 8.39 6.92 4.83 7.42 8.96 1.02 5.24 5.54 6.09 0.34 8.64 8.95 6.49 2.53 5.94 1.51 3.06 0.79 5.99 4.48 5.35 5.18 10.09 3.08 8.08 6.14 6.15 5.94 7.36 5.04 6.70 4.32 3.87 9.30 5.16 3.78 4.86 2.93 4.14 7.70 5.62 3.67 6.28 3.40 
4.27 5.04 5.70 9.55 5.81 10.91 5.46 2.36 0.98 6.17 6.24 6.62 6.91 0.15 8.77 0.56 6.30 5.92 5.76 10.07 3.18 7.20 4.09 6.27 8.09 10.34 5.82 5.42 1.27 9.12 7.35 0.87 10.58 5.82 7.17 10.46 6.63 9.65 4.25 2.85 5.01 4.54 3.08 10.64 8.93 
8.48 6.49 4.31 4.33 4.58 1.45 7.34 10.31 9.32 3.38 7.36 4.97 5.02 9.43 7.19 8.98 6.17 4.83 7.22 3.28 6.45 2.54 5.40 7.49 5.12 0.92 3.78 4.21 10.11 0.38 2.69 8.98 7.79 4.28 5.20 5.38 3.96 4.43 6.30 9.50 5.74 4.99 7.14 3.80 5.71 
4.47 3.90 2.15 5.19 2.65 6.02 3.97 5.77 4.74 1.57 4.43 3.87 4.18 4.91 5.92 4.43 3.52 2.03 4.03 5.35 1.86 2.25 1.00 5.56 4.28 5.40 1.46 1.38 5.52 4.21 2.45 4.56 7.44 1.34 4.53 6.31 2.16 5.31 2.17 5.07 3.10 1.02 2.66 5.98 5.25 
6.13 7.50 5.23 1.33 5.74 4.45 4.68 8.58 8.05 3.96 4.43 6.69 6.88 8.54 3.82 7.99 3.32 2.69 4.46 1.54 5.42 2.24 4.95 8.97 1.79 3.54 4.31 4.65 8.75 3.19 1.79 8.33 4.52 2.77 7.18 2.52 1.93 1.45 4.46 7.58 6.65 4.90 5.60 2.09 2.34 
4.61 6.12 4.03 2.93 4.56 5.35 3.36 6.85 6.24 2.86 3.40 5.68 5.93 6.72 3.95 6.17 2.21 0.94 3.23 3.34 3.60 1.66 3.26 7.71 2.05 4.51 3.09 3.32 6.96 3.66 1.33 6.52 5.26 1.00 6.26 4.01 0.15 3.04 2.69 5.89 5.28 3.32 3.80 3.91 3.01 
4.68 9.83 7.96 3.49 8.50 8.43 3.22 7.59 7.81 6.88 2.44 9.66 9.93 8.71 0.25 8.14 2.56 3.92 2.90 4.82 6.29 5.59 6.64 11.50 2.26 7.52 7.06 7.21 8.26 7.15 5.16 8.83 1.97 4.70 10.27 3.33 4.17 3.46 4.71 6.49 9.04 6.94 5.71 4.89 1.82 
4.67 2.87 1.92 6.49 2.24 6.92 4.60 5.26 3.99 2.17 5.20 3.40 3.72 3.92 7.02 3.52 4.48 3.19 4.74 6.63 1.42 3.42 0.37 4.57 5.51 6.39 1.82 1.44 4.78 5.15 3.69 3.46 8.61 2.61 4.06 7.60 3.45 6.61 2.63 4.78 2.18 0.54 2.52 7.26 6.48 
4.64 2.71 2.82 7.62 2.95 8.12 5.00 4.52 3.08 3.37 5.70 3.90 4.21 2.79 7.80 2.47 5.20 4.15 5.20 7.84 1.51 4.67 1.50 4.33 6.50 7.63 2.99 2.57 3.83 6.38 4.93 2.25 9.48 3.70 4.51 8.69 4.57 7.74 3.09 4.27 2.36 1.76 2.47 8.47 7.45 
3.72 3.82 3.87 7.77 4.07 8.93 4.37 3.36 1.96 4.21 5.13 5.06 5.37 1.93 7.45 1.47 4.86 4.15 4.62 8.18 1.28 5.23 2.11 5.37 6.44 8.36 3.87 3.49 2.74 7.13 5.40 1.64 9.21 3.93 5.68 8.76 4.76 7.88 2.69 3.13 3.52 2.59 1.71 8.77 7.35 
1.00 7.18 6.64 7.58 7.00 10.54 2.58 1.91 2.54 6.40 3.27 8.15 8.47 3.63 5.85 3.18 3.86 4.42 2.90 8.49 3.34 6.57 4.56 8.77 5.86 9.77 6.23 6.01 2.73 8.74 6.48 4.08 7.64 4.84 8.80 8.20 5.32 7.65 2.81 0.82 6.75 5.15 2.25 8.93 6.48 
6.31 10.42 8.32 2.43 8.85 7.55 4.74 9.20 9.25 7.11 4.04 9.92 10.16 10.05 1.57 9.48 3.72 4.58 4.42 3.70 7.32 5.54 7.40 12.02 2.27 6.67 7.38 7.62 9.77 6.60 5.07 10.08 1.06 5.21 10.47 1.75 4.45 2.35 5.85 8.09 9.58 7.57 6.97 3.56 1.30 
3.33 6.39 4.59 3.62 5.12 6.65 2.06 5.76 5.35 3.64 2.18 6.32 6.60 5.99 3.43 5.42 1.06 0.56 1.95 4.37 3.08 2.86 3.22 8.06 2.13 5.82 3.74 3.83 6.01 4.95 2.61 5.92 5.05 1.39 6.95 4.48 1.33 3.71 1.73 4.74 5.60 3.50 2.91 4.85 3.04 
3.39 7.59 7.77 9.91 8.01 12.40 4.98 0.64 2.04 7.89 5.66 8.99 9.30 2.86 8.23 2.79 6.22 6.54 5.29 10.73 4.60 8.45 5.82 8.94 8.22 11.70 7.62 7.30 1.45 10.57 8.46 3.57 10.01 6.79 9.59 10.58 7.42 9.98 4.79 1.64 7.42 6.38 3.81 11.21 8.86 
8.39 1.87 4.20 10.65 3.79 9.37 8.81 7.51 5.97 5.45 9.49 3.47 3.55 5.06 11.44 5.18 8.89 7.60 9.00 10.49 5.32 7.18 4.80 1.39 9.89 9.22 5.06 4.69 6.48 8.03 7.59 4.35 13.03 6.95 3.56 11.82 7.74 10.78 6.87 7.66 2.71 4.58 6.26 11.15 10.86 
2.88 8.52 6.92 4.30 7.44 8.59 1.41 5.78 6.01 6.01 0.63 8.65 8.95 6.93 1.98 6.37 1.31 2.93 1.11 5.49 4.72 5.12 5.30 10.22 2.58 7.70 6.10 6.15 6.45 7.04 4.77 7.10 3.78 3.76 9.30 4.59 3.54 4.32 3.14 4.68 7.80 5.70 4.01 5.75 2.83 
9.46 6.59 4.61 5.44 4.77 1.07 8.40 11.12 10.03 3.95 8.45 4.87 4.84 10.03 8.34 9.63 7.26 5.86 8.29 4.32 7.19 3.52 6.05 7.34 6.27 1.39 4.30 4.71 10.83 1.41 3.74 9.53 8.91 5.24 4.95 6.44 5.02 5.53 7.22 10.37 5.93 5.57 7.98 4.77 6.85 
4.38 2.99 3.05 7.60 3.21 8.28 4.79 4.24 2.81 3.53 5.51 4.18 4.49 2.58 7.66 2.23 5.05 4.07 5.01 7.87 1.33 4.75 1.55 4.60 6.43 7.76 3.16 2.75 3.58 6.52 4.98 2.09 9.37 3.68 4.79 8.65 4.55 7.72 2.92 3.99 2.64 1.90 2.22 8.49 7.37 
4.52 3.45 4.04 8.58 4.13 9.37 5.26 3.64 2.10 4.62 6.03 4.95 5.25 1.57 8.36 1.37 5.76 4.98 5.52 8.92 2.11 5.84 2.65 4.85 7.30 8.86 4.25 3.83 2.77 7.62 6.06 0.99 10.11 4.69 5.52 9.59 5.54 8.69 3.59 3.68 3.35 3.00 2.61 9.52 8.22 
5.81 8.22 6.02 0.86 6.54 5.39 4.26 8.46 8.11 4.77 3.87 7.56 7.77 8.72 2.84 8.16 2.90 2.81 4.00 1.93 5.69 3.13 5.44 9.76 0.98 4.49 5.08 5.38 8.77 4.22 2.65 8.59 3.50 3.18 8.08 1.83 2.32 0.94 4.49 7.41 7.38 5.48 5.67 2.24 1.31 
