5.54 4.83 8.43 6.33 7.18 6.69 7.21 5.00 7.58 9.65 
5.80 6.15 2.73 5.55 7.68 3.21 2.45 7.22 5.31 1.24 
7.81 2.24 8.43 2.29 10.42 4.90 6.18 1.08 3.00 8.58 
8.23 4.83 6.52 3.41 10.73 3.80 4.61 5.24 2.28 5.56 
6.24 2.25 7.93 3.59 8.62 5.03 6.03 1.92 4.79 8.63 
7.06 3.16 6.03 1.76 9.68 2.70 3.82 3.63 0.85 5.52 
6.31 5.89 3.49 5.10 8.35 3.09 2.68 6.87 4.71 2.09 
5.37 3.65 3.85 2.96 7.84 1.10 1.73 4.65 2.88 3.43 
3.22 3.79 5.97 5.16 5.31 4.63 4.91 4.55 6.35 7.24 
4.53 5.86 1.43 5.59 6.35 2.91 1.73 7.04 5.65 0.88 
4.45 3.10 3.53 2.85 7.00 0.11 1.22 4.24 3.20 3.61 
2.46 7.44 2.53 7.94 2.61 5.38 4.25 8.66 8.53 4.23 
7.87 3.37 7.00 1.87 10.51 3.59 4.77 3.49 0.63 6.48 
2.29 7.81 4.92 8.74 0.50 6.69 5.91 8.90 9.62 6.69 
7.14 2.81 6.36 1.34 9.78 2.89 4.10 3.16 0.33 5.96 
5.12 4.79 8.07 6.28 6.74 6.46 6.92 5.06 7.53 9.32 
9.55 4.07 9.37 3.14 12.22 5.79 7.07 3.32 2.77 9.05 
7.91 6.77 5.05 5.70 9.97 4.33 4.20 7.58 4.96 3.49 
8.93 3.73 8.45 2.49 11.61 4.92 6.17 3.31 1.79 8.03 
9.08 3.82 8.64 2.62 11.75 5.10 6.36 3.32 1.99 8.23 
0.49 5.95 3.22 6.73 2.45 4.56 3.80 7.11 7.54 4.94 
4.72 2.85 6.98 4.34 6.95 4.75 5.44 3.23 5.59 7.98 
2.96 5.85 0.62 6.01 4.66 3.28 2.02 7.09 6.40 2.24 
5.98 0.52 6.83 1.73 8.59 3.51 4.69 0.77 2.95 7.22 
8.96 3.41 9.01 2.66 11.62 5.40 6.71 2.56 2.62 8.84 
5.67 1.01 5.80 0.80 8.35 2.26 3.54 1.93 1.94 5.95 
3.03 2.93 5.17 4.18 5.50 3.48 3.85 3.90 5.32 6.28 
8.41 5.91 6.14 4.59 10.74 4.19 4.62 6.48 3.59 4.87 
3.40 3.93 6.22 5.33 5.40 4.88 5.17 4.63 6.53 7.50 
8.31 5.63 6.17 4.30 10.69 4.03 4.54 6.17 3.27 4.97 
6.79 1.21 7.22 1.16 9.44 3.68 4.96 0.79 2.18 7.36 
2.32 7.19 2.30 7.67 2.76 5.10 3.97 8.41 8.25 4.03 
7.06 3.40 5.88 2.03 9.65 2.65 3.71 3.92 1.15 5.30 
6.12 6.41 9.35 7.91 7.20 8.05 8.42 6.60 9.17 10.72 
3.95 2.08 5.72 3.45 6.45 3.40 4.08 2.96 4.66 6.63 
2.46 7.08 1.97 7.50 3.09 4.89 3.73 8.31 8.04 3.69 
8.15 5.58 5.98 4.27 10.52 3.90 4.38 6.16 3.29 4.78 
4.37 2.62 3.86 2.52 6.98 0.38 1.58 3.79 3.05 4.07 
5.21 6.43 8.57 7.91 6.10 7.66 7.87 6.83 9.15 10.04 
3.34 6.36 6.84 7.69 3.98 6.71 6.59 7.10 8.85 8.44 
1.57 6.68 4.93 7.72 1.82 5.93 5.37 7.71 8.68 6.66 
4.83 3.69 3.34 3.22 7.28 0.80 1.17 4.78 3.32 3.11 
8.30 4.05 7.13 2.56 10.91 3.92 4.99 4.21 1.30 6.44 
8.64 3.04 8.90 2.53 11.29 5.29 6.60 2.08 2.75 8.83 
7.80 6.03 5.27 4.88 10.02 3.85 4.00 6.77 4.07 3.90 
3.46 3.57 6.11 4.97 5.59 4.59 4.95 4.29 6.17 7.33 
7.46 2.47 7.07 1.06 10.14 3.49 4.78 2.46 0.64 6.81 
5.79 0.40 6.28 1.10 8.45 2.84 4.07 1.30 2.36 6.55 
3.94 3.24 6.43 4.69 6.12 4.61 5.10 3.86 5.92 7.56 
2.53 7.18 5.92 8.33 2.20 6.75 6.29 8.11 9.36 7.65 
8.68 8.16 5.47 7.14 10.47 5.56 5.19 9.01 6.41 3.72 
6.74 6.16 3.87 5.30 8.76 3.44 3.10 7.10 4.80 2.38 
4.76 5.56 1.90 5.20 6.72 2.58 1.55 6.71 5.19 1.15 
0.31 5.31 3.39 6.15 2.99 4.13 3.52 6.46 7.01 5.02 
8.73 4.47 7.48 2.97 11.33 4.33 5.38 4.56 1.72 6.72 
1.44 5.44 2.10 5.97 3.54 3.54 2.61 6.66 6.64 3.74 
4.58 6.77 1.07 6.58 6.00 3.86 2.61 7.97 6.67 0.79 
7.60 6.21 4.92 5.13 9.75 3.84 3.83 7.01 4.40 3.48 
5.25 6.49 1.91 6.09 6.91 3.51 2.44 7.63 6.01 0.30 
0.04 5.64 3.53 6.50 2.64 4.47 3.83 6.78 7.36 5.20 
5.76 0.56 6.74 1.95 8.36 3.50 4.64 0.98 3.19 7.20 
2.79 7.70 2.53 8.15 2.79 5.56 4.39 8.92 8.71 4.17 
3.58 3.35 2.98 3.46 6.13 0.88 0.88 4.57 3.99 3.47 
2.46 3.51 3.13 4.09 5.10 2.02 1.83 4.74 4.88 4.16 
5.01 2.01 6.84 3.51 7.41 4.24 5.08 2.39 4.77 7.67 
6.90 5.07 4.67 4.00 9.22 2.83 3.11 5.87 3.35 3.56 
1.06 6.26 2.79 6.93 2.46 4.60 3.69 7.45 7.66 4.54 
8.16 2.99 7.78 1.72 10.84 4.22 5.49 2.69 1.18 7.46 
4.39 7.02 0.91 6.91 5.63 4.17 2.88 8.23 7.06 1.26 
5.86 1.72 5.56 0.82 8.53 1.95 3.25 2.52 1.48 5.52 
3.45 2.17 4.84 3.25 6.08 2.58 3.16 3.29 4.35 5.71 
6.82 1.22 7.31 1.30 9.47 3.79 5.06 0.67 2.31 7.47 
2.45 3.17 3.93 4.04 5.12 2.54 2.64 4.34 5.00 5.02 
1.45 5.09 2.25 5.64 3.76 3.26 2.42 6.31 6.33 3.80 
3.05 5.84 6.50 7.17 4.05 6.21 6.14 6.61 8.33 8.06 
5.17 2.81 7.35 4.30 7.40 4.97 5.73 3.02 5.55 8.30 
5.76 3.32 4.45 2.45 8.30 1.34 2.27 4.23 2.27 4.02 
4.69 3.97 7.42 5.46 6.59 5.64 6.15 4.33 6.71 8.60 
5.07 0.63 5.70 1.61 7.73 2.41 3.55 1.86 2.80 6.11 
2.21 6.88 2.01 7.33 3.00 4.76 3.62 8.10 7.90 3.76 
6.02 5.30 8.96 6.79 7.53 7.23 7.76 5.39 8.05 10.19 
4.60 4.86 7.64 6.34 6.15 6.27 6.63 5.27 7.59 8.96 
2.12 5.58 5.58 6.80 3.42 5.54 5.34 6.48 7.90 7.17 
6.80 1.46 6.89 0.57 9.47 3.29 4.60 1.47 1.51 6.90 
3.67 5.91 7.08 7.30 4.64 6.57 6.59 6.57 8.49 8.61 
4.89 4.45 2.84 3.97 7.18 1.49 1.09 5.55 3.96 2.37 
7.42 3.59 6.22 2.16 10.02 3.02 4.07 4.00 1.09 5.59 
2.15 5.74 5.63 6.96 3.31 5.68 5.45 6.64 8.05 7.23 
3.03 6.91 1.12 7.16 4.01 4.45 3.19 8.15 7.57 2.78 
3.03 8.58 4.33 9.29 1.25 6.92 5.89 9.75 10.01 6.02 
2.56 7.04 1.81 7.43 3.27 4.80 3.62 8.27 7.95 3.52 
4.11 2.04 5.90 3.45 6.59 3.53 4.23 2.86 4.67 6.79 
2.18 6.08 1.38 6.45 3.72 3.83 2.69 7.31 6.98 3.13 
8.37 2.96 8.23 1.95 11.05 4.63 5.93 2.40 1.78 8.01 
0.90 4.74 3.77 5.66 3.51 3.87 3.48 5.85 6.60 5.29 
5.86 5.69 3.06 5.01 7.90 2.81 2.27 6.73 4.73 1.78 
6.72 7.29 3.38 6.60 8.37 4.37 3.59 8.33 6.24 1.61 
6.32 1.11 6.47 0.42 9.00 2.89 4.18 1.51 1.66 6.54 
1.26 5.88 2.30 6.46 3.05 4.05 3.11 7.09 7.15 4.03 
5.15 1.66 5.00 1.41 7.82 1.43 2.72 2.73 2.18 5.13 
4.33 3.29 3.31 3.07 6.85 0.32 1.00 4.45 3.41 3.41 
6.21 2.38 5.52 1.21 8.85 1.98 3.23 3.07 1.17 5.27 
3.77 3.20 3.16 3.25 6.34 0.67 0.98 4.41 3.77 3.57 
4.86 5.02 2.39 4.58 7.00 2.04 1.25 6.14 4.55 1.76 
5.75 3.43 4.37 2.57 8.27 1.35 2.21 4.35 2.38 3.91 
8.24 3.94 7.13 2.45 10.86 3.87 4.97 4.08 1.19 6.46 
1.85 7.10 2.86 7.71 2.14 5.27 4.25 8.30 8.38 4.62 
5.35 4.00 3.59 3.33 7.76 1.29 1.61 5.02 3.21 3.08 
1.68 6.36 5.17 7.46 2.32 5.84 5.39 7.35 8.48 6.86 
4.31 3.39 6.85 4.87 6.40 4.97 5.50 3.88 6.12 7.97 
3.36 5.50 0.84 5.53 5.26 2.78 1.47 6.73 5.85 1.88 
2.02 6.05 5.54 7.23 2.94 5.83 5.52 6.97 8.29 7.19 
3.39 4.96 6.60 6.35 4.91 5.73 5.86 5.64 7.55 8.03 
2.80 3.23 5.12 4.47 5.23 3.66 3.93 4.19 5.60 6.31 
1.98 3.78 4.40 4.85 4.51 3.52 3.51 4.84 5.88 5.71 
7.90 6.52 5.16 5.41 10.02 4.17 4.15 7.30 4.64 3.66 
3.46 5.20 6.74 6.59 4.85 5.95 6.06 5.86 7.79 8.19 
4.01 3.20 6.48 4.65 6.20 4.61 5.13 3.80 5.88 7.59 
4.09 1.79 5.66 3.14 6.64 3.17 3.92 2.72 4.34 6.49 
2.72 7.02 6.19 8.22 2.65 6.79 6.41 7.92 9.29 7.90 
5.47 4.68 3.25 4.01 7.74 1.85 1.68 5.71 3.82 2.47 
2.80 6.34 6.31 7.62 3.40 6.43 6.20 7.17 8.73 7.95 
8.12 7.24 5.11 6.20 10.07 4.72 4.48 8.07 5.47 3.45 
2.09 6.18 1.53 6.58 3.54 3.99 2.86 7.41 7.14 3.29 
2.60 5.64 6.05 6.92 3.78 5.84 5.71 6.46 8.05 7.61 
2.22 5.07 1.61 5.42 4.38 2.83 1.79 6.31 5.97 3.05 
3.66 3.29 6.17 4.70 5.86 4.46 4.90 3.98 5.92 7.33 
5.34 4.02 7.98 5.51 7.23 5.99 6.60 4.19 6.77 9.10 
7.15 5.39 4.79 4.30 9.43 3.15 3.35 6.18 3.61 3.58 
5.40 0.23 6.09 1.51 8.05 2.77 3.94 1.47 2.76 6.48 
7.73 2.21 8.48 2.46 10.32 4.99 6.25 0.99 3.24 8.69 
9.19 3.64 9.22 2.88 11.85 5.61 6.91 2.78 2.77 9.02 
4.96 2.99 3.95 2.50 7.52 0.52 1.66 4.06 2.72 3.84 
5.88 2.97 4.80 2.02 8.46 1.46 2.56 3.82 1.87 4.44 
4.45 3.30 6.93 4.78 6.56 4.97 5.54 3.75 6.03 8.03 
7.78 4.39 6.19 2.99 10.31 3.35 4.21 4.85 1.93 5.33 
5.83 0.30 6.40 1.21 8.49 2.98 4.20 1.16 2.47 6.70 
9.70 4.48 9.14 3.26 12.38 5.65 6.88 3.96 2.50 8.64 
8.37 3.02 8.14 1.92 11.04 4.55 5.84 2.54 1.61 7.88 
7.72 5.54 5.43 4.32 10.04 3.57 3.92 6.22 3.47 4.21 
9.08 4.49 8.02 3.02 11.71 4.75 5.86 4.40 1.83 7.31 
2.89 3.22 5.24 4.48 5.30 3.74 4.04 4.15 5.62 6.42 
2.45 8.02 4.83 8.91 0.23 6.78 5.94 9.12 9.75 6.59 
7.79 2.19 8.29 2.07 10.42 4.74 6.03 1.14 2.71 8.39 
3.65 9.25 5.25 10.04 1.19 7.74 6.77 10.39 10.81 6.93 
0.55 5.89 3.08 6.64 2.56 4.44 3.66 7.06 7.44 4.80 
7.31 2.75 6.64 1.25 9.96 3.13 4.37 2.97 0.02 6.27 
8.59 3.29 8.27 2.13 11.27 4.70 5.98 2.82 1.66 7.95 
1.62 5.93 1.94 6.43 3.30 3.94 2.91 7.16 7.06 3.67 
6.36 2.70 8.24 4.05 8.66 5.43 6.39 2.36 5.25 8.99 
