3.80 5.08 1.62 5.65 5.76 4.08 5.63 4.87 5.71 5.58 2.14 2.05 4.85 3.04 3.59 2.37 1.68 3.55 2.19 4.38 6.28 5.43 1.65 4.71 7.53 4.87 1.26 7.89 5.01 1.89 3.74 7.25 3.10 3.06 3.91 5.42 3.00 4.59 1.92 3.90 1.19 2.33 4.40 4.29 3.92 4.44 5.02 3.11 4.03 2.83 3.45 6.38 5.68 3.64 3.81 
9.03 3.28 4.04 4.66 0.75 2.26 1.61 3.47 7.79 1.97 4.49 5.49 7.49 8.19 1.89 6.02 4.52 2.57 7.14 2.21 5.27 4.69 4.59 7.73 2.94 3.16 6.56 3.09 2.86 5.95 8.98 9.52 8.40 7.76 4.91 2.47 8.28 9.04 4.19 1.56 4.50 5.29 3.29 8.99 8.46 7.65 9.30 2.25 8.62 7.67 8.59 1.09 4.74 8.78 8.63 
5.23 5.73 0.95 3.83 5.39 2.88 4.55 3.22 4.11 5.70 3.49 3.79 3.39 3.71 2.86 4.20 3.06 2.37 3.98 3.14 7.33 3.59 0.33 3.41 6.35 3.30 2.70 6.78 5.52 3.75 5.16 5.79 4.33 3.05 5.25 5.74 4.31 4.29 0.58 3.20 0.88 0.67 5.13 4.25 3.71 3.23 4.57 2.57 3.87 4.63 5.03 5.73 3.84 5.22 3.92 
9.11 3.81 3.96 4.14 1.25 1.90 1.05 2.98 7.40 2.53 4.75 5.73 7.15 8.14 1.78 6.27 4.72 2.29 7.28 1.79 5.81 4.19 4.46 7.41 2.53 2.66 6.59 2.74 3.40 6.16 9.06 9.11 8.43 7.63 5.33 3.02 8.33 8.86 4.05 1.45 4.44 5.09 3.78 8.84 8.29 7.36 9.08 2.22 8.46 7.83 8.70 1.14 4.22 8.89 8.50 
1.23 6.84 4.47 8.35 8.29 6.93 8.45 7.68 7.45 7.79 3.74 2.84 6.48 2.46 6.39 2.53 3.53 6.41 0.82 7.23 7.32 8.11 4.37 6.15 10.35 7.70 1.84 10.70 6.91 2.25 1.20 8.64 1.36 3.49 4.86 7.47 1.12 4.73 4.72 6.67 4.01 4.70 6.16 4.17 4.19 5.83 5.25 5.88 4.17 0.66 0.66 9.04 8.37 0.84 3.67 
7.66 2.66 6.27 9.66 5.60 6.99 7.41 8.44 11.27 4.21 3.75 4.00 10.53 8.38 6.01 4.05 4.21 6.79 5.81 7.18 1.18 9.56 6.84 10.48 8.81 8.22 6.53 8.85 3.07 4.50 7.64 12.94 7.71 8.81 1.95 3.62 7.47 10.35 6.75 5.98 6.31 7.81 2.67 9.95 9.68 10.24 10.81 5.69 9.76 5.85 7.02 6.62 9.72 7.12 9.44 
5.59 6.66 1.91 3.43 6.06 3.27 4.89 3.16 3.12 6.52 4.48 4.72 2.41 3.76 3.51 5.09 4.03 2.83 4.64 3.48 8.31 3.17 1.32 2.49 6.56 3.32 3.25 7.03 6.43 4.62 5.52 4.80 4.62 2.83 6.24 6.61 4.65 3.79 1.46 3.83 1.86 0.40 6.09 3.88 3.30 2.34 3.97 3.33 3.47 5.28 5.49 6.26 3.43 5.67 3.66 
5.19 3.41 4.55 8.47 5.85 6.07 7.02 7.38 9.35 4.80 1.89 1.65 8.52 5.92 5.14 1.58 2.27 5.70 3.32 6.32 3.36 8.32 4.99 8.39 8.74 7.23 4.13 8.92 3.66 2.06 5.16 10.93 5.21 6.45 1.11 4.30 4.97 7.97 5.03 5.25 4.43 5.89 2.88 7.54 7.32 8.13 8.46 4.68 7.38 3.37 4.55 6.81 8.52 4.66 7.02 
6.18 2.07 2.88 6.25 3.51 3.68 4.52 5.07 7.88 2.81 1.25 2.24 7.20 6.00 2.71 2.73 1.49 3.39 4.16 3.91 3.51 6.13 3.50 7.22 6.25 4.89 4.10 6.45 2.02 2.78 6.14 9.59 5.79 6.05 1.78 2.51 5.61 7.57 3.35 2.78 3.03 4.49 1.40 7.30 6.90 7.01 7.97 2.30 7.02 4.57 5.64 4.41 6.31 5.81 6.82 
2.27 9.90 6.31 9.19 10.80 8.71 10.37 8.95 6.82 10.60 6.73 5.99 5.91 2.14 8.49 5.79 6.40 8.18 4.01 8.98 10.60 8.92 5.88 5.43 12.20 9.09 3.82 12.62 9.90 5.42 2.27 7.36 2.14 3.02 8.11 10.38 2.36 3.03 6.30 8.82 5.82 5.61 9.20 2.47 2.96 5.15 3.42 8.06 2.81 4.00 2.89 11.36 9.18 2.85 2.35 
1.37 9.43 6.45 9.79 10.70 8.93 10.55 9.39 7.84 10.32 6.30 5.43 6.90 2.63 8.56 5.12 6.04 8.40 3.40 9.22 9.89 9.53 6.14 6.44 12.43 9.48 3.73 12.82 9.49 4.84 1.40 8.56 1.89 3.78 7.45 10.03 1.99 4.21 6.55 8.87 5.95 6.08 8.75 3.61 3.99 6.14 4.66 8.09 3.87 3.18 1.99 11.36 9.79 1.88 3.34 
9.41 3.42 4.42 4.83 0.60 2.56 1.65 3.67 8.07 2.00 4.84 5.84 7.80 8.57 2.26 6.37 4.88 2.90 7.51 2.47 5.38 4.88 4.96 8.05 2.73 3.35 6.94 2.82 3.01 6.31 9.36 9.79 8.78 8.14 5.18 2.55 8.66 9.41 4.56 1.92 4.88 5.65 3.51 9.36 8.83 7.98 9.65 2.63 8.99 8.03 8.97 0.72 4.91 9.15 9.01 
8.62 1.32 5.96 8.73 4.05 6.02 6.09 7.48 10.91 2.60 3.96 4.61 10.28 8.90 5.08 4.86 4.38 5.95 6.63 6.15 0.81 8.67 6.60 10.32 7.27 7.22 6.99 7.25 1.70 5.19 8.59 12.64 8.46 9.10 2.54 2.04 8.25 10.63 6.41 4.96 6.15 7.58 1.78 10.32 9.97 10.12 11.05 4.90 10.07 6.82 8.00 5.03 8.80 8.13 9.83 
3.08 5.37 2.42 6.43 6.37 4.86 6.39 5.67 6.22 6.05 2.24 1.78 5.31 2.71 4.33 1.93 1.86 4.34 1.39 5.16 6.33 6.20 2.42 5.10 8.29 5.67 0.79 8.64 5.35 1.41 3.03 7.67 2.49 3.04 3.87 5.82 2.35 4.58 2.71 4.62 1.98 2.98 4.68 4.19 3.92 4.82 5.05 3.83 3.99 2.03 2.68 7.05 6.45 2.87 3.68 
0.83 8.33 5.14 8.53 9.44 7.63 9.25 8.09 6.83 9.13 5.17 4.38 5.86 1.48 7.27 4.16 4.87 7.09 2.38 7.91 8.97 8.27 4.83 5.44 11.12 8.18 2.44 11.52 8.36 3.80 0.80 7.74 0.60 2.69 6.49 8.87 0.76 3.50 5.24 7.58 4.65 4.81 7.64 2.88 3.11 5.13 4.00 6.80 3.03 2.37 1.33 10.08 8.53 1.36 2.48 
3.72 4.49 2.42 6.55 5.74 4.64 6.04 5.65 6.83 5.28 1.34 0.94 5.97 3.62 3.95 1.26 1.01 4.15 1.74 4.93 5.41 6.35 2.66 5.82 7.93 5.59 1.71 8.24 4.50 0.82 3.67 8.37 3.29 3.94 2.95 5.01 3.11 5.48 2.83 4.21 2.12 3.44 3.80 5.11 4.82 5.55 5.94 3.44 4.90 2.27 3.22 6.49 6.58 3.39 4.60 
6.77 2.86 5.71 9.32 5.73 6.73 7.34 8.14 10.67 4.43 3.08 3.20 9.89 7.53 5.74 3.20 3.54 6.47 4.94 6.94 1.95 9.20 6.24 9.81 8.87 7.95 5.72 8.96 3.23 3.66 6.75 12.31 6.83 8.02 1.34 3.85 6.59 9.55 6.20 5.77 5.70 7.19 2.64 9.14 8.89 9.56 10.03 5.37 8.96 4.95 6.13 6.75 9.38 6.23 8.62 
8.15 6.94 3.34 0.84 5.21 2.29 3.28 1.05 3.54 6.20 5.87 6.47 3.55 6.37 3.18 6.96 5.53 2.31 6.97 2.27 8.88 0.60 3.18 3.95 4.48 1.36 5.68 4.99 6.59 6.57 8.08 5.18 7.20 5.39 7.36 6.51 7.22 6.07 2.92 3.33 3.66 2.90 6.56 6.30 5.70 4.02 6.11 3.40 5.88 7.62 8.00 4.98 0.85 8.18 6.16 
4.13 6.97 2.37 4.94 6.97 4.49 6.15 4.62 3.78 7.16 4.24 4.15 2.84 2.25 4.46 4.39 3.78 3.98 3.49 4.74 8.35 4.67 1.77 2.62 7.92 4.76 2.06 8.36 6.82 3.88 4.07 5.19 3.14 1.43 6.03 7.12 3.20 2.74 2.17 4.80 1.99 1.28 6.32 2.64 2.12 2.34 3.07 4.14 2.27 4.09 4.11 7.34 4.93 4.28 2.31 
6.10 2.00 3.78 7.33 4.25 4.76 5.53 6.15 8.79 3.25 1.38 2.04 8.05 6.30 3.79 2.38 1.83 4.47 4.08 4.98 2.77 7.20 4.35 8.02 7.19 5.97 4.39 7.35 2.16 2.63 6.07 10.46 5.88 6.55 0.70 2.78 5.67 8.09 4.27 3.84 3.83 5.33 1.37 7.75 7.42 7.79 8.53 3.38 7.52 4.35 5.51 5.23 7.38 5.65 7.26 
5.16 3.04 2.44 6.29 4.41 3.95 5.08 5.21 7.40 3.82 0.34 1.32 6.64 5.02 3.07 1.85 0.47 3.55 3.14 4.21 4.19 6.14 2.97 6.59 6.91 5.08 3.11 7.16 3.03 1.80 5.12 9.06 4.76 5.16 1.95 3.53 4.58 6.69 2.93 3.24 2.43 3.93 2.35 6.38 6.03 6.36 7.12 2.58 6.13 3.58 4.63 5.25 6.34 4.80 5.90 
9.12 3.84 3.96 4.12 1.28 1.89 1.02 2.96 7.38 2.56 4.77 5.75 7.13 8.14 1.78 6.29 4.74 2.28 7.29 1.77 5.84 4.17 4.46 7.40 2.51 2.64 6.59 2.73 3.42 6.17 9.07 9.09 8.43 7.63 5.35 3.05 8.33 8.85 4.04 1.45 4.45 5.08 3.80 8.84 8.29 7.34 9.08 2.23 8.45 7.84 8.71 1.15 4.20 8.90 8.50 
7.51 1.03 3.79 6.43 2.49 3.72 4.05 5.18 8.64 1.51 2.56 3.52 8.06 7.28 2.77 3.98 2.82 3.62 5.48 3.87 2.96 6.36 4.45 8.14 5.55 4.94 5.40 5.66 0.78 4.08 7.47 10.38 7.11 7.25 2.36 1.18 6.94 8.74 4.20 2.68 4.06 5.41 0.70 8.51 8.08 7.97 9.11 2.57 8.21 5.87 6.96 3.48 6.50 7.13 8.05 
6.90 2.91 2.16 4.64 2.58 2.00 2.91 3.43 6.78 2.66 2.51 3.46 6.24 6.15 1.02 4.01 2.44 1.78 5.01 2.22 4.80 4.55 2.79 6.37 4.74 3.22 4.44 5.01 2.62 3.87 6.84 8.53 6.28 5.86 3.47 2.73 6.15 7.26 2.47 1.10 2.55 3.68 2.48 7.12 6.63 6.22 7.57 0.69 6.78 5.55 6.45 3.23 4.70 6.64 6.71 
7.86 6.23 2.81 1.35 4.57 1.60 2.76 0.67 4.04 5.51 5.25 5.90 3.91 6.21 2.47 6.40 4.93 1.60 6.55 1.61 8.17 1.20 2.77 4.26 4.19 0.90 5.33 4.68 5.88 6.04 7.80 5.74 6.94 5.32 6.69 5.81 6.94 6.17 2.45 2.63 3.19 2.70 5.85 6.34 5.74 4.27 6.27 2.69 5.92 7.19 7.66 4.41 1.40 7.85 6.14 
10.25 3.79 5.28 5.37 0.93 3.33 2.10 4.29 8.79 2.24 5.60 6.61 8.56 9.44 3.12 7.13 5.67 3.71 8.34 3.19 5.62 5.45 5.82 8.83 2.51 3.97 7.80 2.43 3.40 7.10 10.20 10.49 9.63 9.00 5.77 2.83 9.52 10.26 5.42 2.78 5.75 6.49 4.01 10.22 9.68 8.78 10.49 3.49 9.84 8.84 9.80 0.37 5.45 9.98 9.87 
8.04 2.06 3.53 5.40 1.44 2.71 2.81 4.15 8.00 1.31 3.26 4.27 7.53 7.47 1.87 4.78 3.37 2.75 6.07 2.81 4.08 5.37 4.16 7.68 4.33 3.87 5.69 4.47 1.66 4.77 7.99 9.75 7.50 7.23 3.53 1.51 7.36 8.63 3.83 1.67 3.92 5.04 1.94 8.49 8.00 7.55 8.95 1.89 8.15 6.54 7.54 2.35 5.47 7.72 8.08 
6.20 5.88 1.44 2.85 5.04 2.21 3.84 2.27 3.78 5.59 4.12 4.58 3.25 4.59 2.51 5.03 3.72 1.78 4.95 2.43 7.65 2.62 1.17 3.42 5.56 2.38 3.68 6.01 5.62 4.61 6.14 5.52 5.29 3.79 5.78 5.73 5.28 4.84 0.97 2.81 1.67 1.11 5.36 4.90 4.32 3.32 5.03 2.39 4.49 5.60 6.01 5.21 2.87 6.20 4.64 
4.07 4.22 4.04 8.13 6.28 5.94 7.11 7.12 8.57 5.43 1.70 0.88 7.69 4.82 5.10 0.51 1.88 5.51 2.18 6.22 4.46 7.94 4.36 7.52 8.93 7.02 3.09 9.17 4.38 1.03 4.05 10.09 4.08 5.42 2.04 5.00 3.84 6.92 4.49 5.28 3.81 5.18 3.60 6.46 6.27 7.24 7.41 4.59 6.33 2.26 3.45 7.18 8.17 3.57 5.94 
6.07 8.45 3.69 3.95 7.72 4.79 6.28 4.22 1.57 8.28 6.14 6.24 0.66 3.92 5.21 6.53 5.69 4.43 5.70 4.94 10.07 3.68 3.06 0.73 7.75 4.47 4.26 8.24 8.22 6.03 6.01 3.08 5.06 2.72 7.93 8.39 5.18 2.87 3.25 5.51 3.57 2.08 7.87 3.23 2.66 0.70 2.82 5.08 2.83 6.28 6.16 7.81 3.90 6.32 3.25 
4.22 6.25 1.69 4.77 6.31 3.96 5.62 4.28 4.21 6.46 3.57 3.57 3.33 2.62 3.84 3.87 3.11 3.43 3.23 4.22 7.65 4.52 1.14 3.19 7.44 4.37 1.82 7.86 6.10 3.37 4.15 5.73 3.28 2.05 5.37 6.41 3.29 3.44 1.56 4.17 1.29 1.06 5.61 3.30 2.80 2.93 3.79 3.48 2.95 3.86 4.08 6.73 4.77 4.27 2.92 
1.11 7.03 4.80 8.70 8.57 7.26 8.78 8.02 7.76 8.03 3.98 3.04 6.78 2.68 6.70 2.68 3.79 6.74 1.09 7.56 7.43 8.46 4.72 6.44 10.67 8.04 2.18 11.01 7.13 2.46 1.10 8.92 1.50 3.75 5.00 7.69 1.27 4.94 5.06 6.98 4.35 5.04 6.37 4.36 4.42 6.12 5.46 6.20 4.39 0.72 0.48 9.33 8.71 0.60 3.87 
6.98 6.94 2.63 2.06 5.72 2.72 4.11 2.05 2.83 6.48 5.31 5.75 2.55 5.13 3.33 6.18 4.91 2.47 5.95 2.83 8.77 1.79 2.28 2.87 5.57 2.29 4.60 6.07 6.64 5.75 6.92 4.57 6.01 4.12 6.96 6.68 6.05 4.83 2.15 3.59 2.82 1.73 6.46 5.04 4.45 2.88 4.90 3.36 4.62 6.60 6.87 5.70 2.04 7.06 4.90 
3.01 6.72 2.67 5.98 7.22 5.10 6.75 5.50 4.92 7.17 3.71 3.37 3.96 1.51 4.85 3.49 3.27 4.57 2.35 5.38 7.85 5.72 2.27 3.68 8.59 5.59 0.95 9.01 6.63 2.98 2.95 6.24 2.06 1.47 5.42 7.03 2.08 3.01 2.69 5.18 2.19 2.25 6.04 2.67 2.34 3.38 3.47 4.44 2.43 2.92 2.93 7.73 5.98 3.11 2.18 
7.28 4.53 1.93 2.97 3.22 0.57 2.19 1.78 5.38 3.92 3.79 4.58 5.00 6.04 0.79 5.12 3.55 0.11 5.65 0.87 6.47 2.87 2.30 5.23 4.05 1.62 4.69 4.45 4.19 4.84 7.22 7.13 6.49 5.43 5.07 4.16 6.42 6.61 1.88 1.03 2.42 2.84 4.14 6.62 6.06 5.15 6.84 1.00 6.23 6.27 6.96 3.39 3.03 7.15 6.30 
8.84 0.77 5.44 7.77 2.87 5.09 4.97 6.52 10.24 1.43 3.94 4.77 9.69 8.82 4.20 5.13 4.28 5.09 6.80 5.18 2.00 7.74 6.09 9.78 6.08 6.24 6.92 6.05 0.87 5.36 8.80 11.99 8.54 8.86 2.98 0.90 8.35 10.36 5.84 4.03 5.71 7.05 1.46 10.11 9.70 9.61 10.74 4.12 9.82 7.10 8.25 3.84 7.84 8.40 9.65 
7.18 7.84 3.40 2.32 6.61 3.60 4.91 2.73 1.93 7.39 6.08 6.43 1.81 5.17 4.25 6.83 5.66 3.38 6.39 3.69 9.65 2.06 2.94 2.22 6.23 3.02 4.98 6.73 7.55 6.37 7.12 3.67 6.18 4.05 7.77 7.60 6.26 4.47 2.91 4.50 3.50 2.16 7.35 4.78 4.20 2.31 4.45 4.27 4.37 7.03 7.16 6.54 2.28 7.33 4.73 
8.06 2.55 6.46 9.72 5.47 7.04 7.36 8.49 11.47 4.05 4.01 4.34 10.74 8.72 6.06 4.42 4.47 6.87 6.19 7.21 0.81 9.63 7.04 10.71 8.69 8.26 6.86 8.70 2.96 4.85 8.04 13.15 8.08 9.12 2.23 3.46 7.85 10.66 6.93 6.01 6.53 8.02 2.66 10.28 9.99 10.48 11.12 5.77 10.08 6.24 7.42 6.47 9.78 7.52 9.76 
8.41 0.36 4.99 7.43 2.74 4.73 4.74 6.18 9.81 1.32 3.49 4.35 9.24 8.36 3.82 4.73 3.83 4.70 6.38 4.84 2.12 7.39 5.64 9.33 5.97 5.91 6.46 5.98 0.42 4.93 8.37 11.56 8.10 8.39 2.66 0.73 7.91 9.90 5.39 3.67 5.25 6.60 1.02 9.65 9.24 9.16 10.28 3.70 9.36 6.69 7.83 3.75 7.50 7.98 9.18 
6.97 3.39 1.94 4.14 2.68 1.52 2.61 2.93 6.34 3.00 2.84 3.75 5.85 6.06 0.57 4.30 2.71 1.28 5.15 1.76 5.30 4.05 2.54 6.00 4.49 2.73 4.45 4.80 3.08 4.11 6.91 8.10 6.29 5.68 3.94 3.13 6.18 7.02 2.17 0.77 2.39 3.36 2.97 6.93 6.42 5.87 7.32 0.21 6.57 5.71 6.56 3.19 4.20 6.75 6.54 
7.44 10.73 5.97 5.33 9.85 6.85 8.19 6.00 1.46 10.50 8.38 8.39 1.67 5.25 7.39 8.63 7.92 6.57 7.55 6.96 12.35 5.11 5.34 1.65 9.43 6.29 6.18 9.94 10.49 8.12 7.39 1.09 6.49 4.10 10.17 10.64 6.67 3.27 5.53 7.67 5.83 4.36 10.16 3.87 3.55 1.90 2.87 7.31 3.63 8.06 7.69 9.82 5.27 7.81 4.19 
4.33 3.85 3.73 7.79 5.86 5.55 6.70 6.76 8.38 5.03 1.28 0.63 7.53 4.89 4.69 0.58 1.51 5.13 2.36 5.83 4.23 7.61 4.10 7.38 8.51 6.65 3.08 8.75 4.00 1.01 4.30 9.93 4.24 5.40 1.76 4.61 4.01 6.92 4.20 4.87 3.54 4.95 3.21 6.49 6.26 7.11 7.40 4.19 6.33 2.53 3.71 6.76 7.83 3.84 5.97 
6.37 7.24 2.63 2.81 6.30 3.35 4.84 2.83 2.42 6.93 5.28 5.58 1.92 4.43 3.82 5.97 4.85 3.01 5.52 3.50 8.98 2.53 2.11 2.16 6.35 3.07 4.11 6.85 6.98 5.50 6.31 4.16 5.38 3.37 7.01 7.09 5.44 4.03 2.14 4.10 2.67 1.29 6.71 4.25 3.65 2.13 4.10 3.75 3.83 6.15 6.32 6.36 2.79 6.49 4.12 
7.99 1.20 5.50 8.49 4.12 5.79 6.02 7.25 10.49 2.71 3.38 3.99 9.83 8.30 4.82 4.23 3.81 5.66 6.00 5.94 0.91 8.42 6.13 9.85 7.34 7.00 6.39 7.36 1.61 4.56 7.96 12.21 7.84 8.53 1.91 2.12 7.63 10.07 5.96 4.74 5.66 7.12 1.41 9.75 9.40 9.64 10.50 4.58 9.50 6.19 7.37 5.13 8.55 7.50 9.25 
0.56 8.54 5.59 9.06 9.79 8.08 9.69 8.59 7.38 9.41 5.41 4.55 6.41 2.03 7.68 4.27 5.14 7.54 2.51 8.37 9.06 8.80 5.31 5.99 11.57 8.67 2.84 11.96 8.59 3.96 0.57 8.26 1.04 3.24 6.60 9.13 1.10 3.98 5.71 7.99 5.09 5.33 7.86 3.36 3.62 5.67 4.47 7.20 3.54 2.36 1.20 10.46 9.06 1.14 2.98 
2.96 8.03 3.82 6.51 8.43 6.10 7.76 6.26 4.59 8.45 5.01 4.59 3.62 0.77 5.99 4.63 4.58 5.58 3.18 6.36 9.14 6.24 3.30 3.21 9.55 6.40 2.06 9.99 7.94 4.13 2.90 5.61 1.97 0.45 6.69 8.33 2.13 1.79 3.72 6.32 3.36 2.92 7.35 1.37 1.16 2.90 2.29 5.61 1.20 3.60 3.16 8.88 6.49 3.29 0.87 
6.76 2.55 2.33 5.08 2.67 2.44 3.29 3.87 7.11 2.51 2.18 3.16 6.54 6.15 1.46 3.70 2.17 2.22 4.82 2.66 4.39 4.98 2.98 6.63 5.08 3.66 4.38 5.32 2.29 3.61 6.71 8.85 6.19 5.95 3.03 2.49 6.05 7.39 2.70 1.52 2.66 3.91 2.07 7.22 6.75 6.47 7.73 1.11 6.89 5.33 6.29 3.43 5.14 6.47 6.79 
8.55 5.55 3.23 1.92 3.49 0.95 1.54 0.72 5.26 4.60 5.22 6.03 5.14 7.10 1.93 6.56 4.99 1.37 7.02 0.74 7.55 1.94 3.43 5.48 3.04 0.41 5.96 3.51 5.17 6.27 8.49 6.93 7.69 6.32 6.41 4.98 7.66 7.29 3.03 1.93 3.69 3.65 5.28 7.41 6.82 5.48 7.43 2.35 7.00 7.65 8.27 3.22 2.00 8.46 7.17 
9.21 7.81 4.46 0.41 5.77 3.11 3.63 1.66 3.73 6.92 6.97 7.60 4.02 7.35 4.07 8.08 6.64 3.26 8.09 3.00 9.79 0.54 4.31 4.49 4.37 1.93 6.78 4.88 7.44 7.70 9.15 5.15 8.24 6.30 8.41 7.29 8.28 6.81 4.06 4.17 4.79 3.95 7.49 7.11 6.52 4.63 6.78 4.37 6.70 8.74 9.08 5.36 0.34 9.27 7.03 
8.16 3.70 2.98 3.76 1.89 1.15 1.44 2.52 6.66 2.77 3.98 4.93 6.33 7.15 0.79 5.47 3.89 1.40 6.36 1.18 5.72 3.75 3.48 6.56 3.28 2.23 5.62 3.58 3.32 5.31 8.11 8.40 7.46 6.65 4.82 3.12 7.36 7.90 3.07 0.47 3.46 4.14 3.49 7.87 7.33 6.48 8.14 1.26 7.49 6.93 7.77 2.11 3.84 7.96 7.53 
6.12 2.77 2.01 5.30 3.31 2.79 3.83 4.14 6.97 3.03 1.58 2.54 6.32 5.59 1.86 3.09 1.54 2.45 4.18 3.04 4.43 5.17 2.66 6.37 5.66 3.97 3.78 5.92 2.59 2.97 6.07 8.69 5.58 5.47 2.72 2.91 5.43 6.94 2.45 2.01 2.26 3.63 2.18 6.73 6.29 6.19 7.30 1.39 6.42 4.69 5.65 4.07 5.35 5.83 6.29 
5.95 3.22 1.56 4.95 3.49 2.54 3.74 3.82 6.51 3.37 1.75 2.62 5.87 5.28 1.69 3.16 1.57 2.15 4.07 2.81 4.88 4.81 2.21 5.92 5.61 3.68 3.52 5.91 3.02 2.98 5.90 8.24 5.35 5.09 3.09 3.30 5.22 6.54 1.99 1.90 1.83 3.18 2.63 6.36 5.90 5.74 6.90 1.18 6.03 4.61 5.51 4.18 5.00 5.69 5.92 
3.07 6.03 2.31 6.01 6.69 4.80 6.41 5.39 5.41 6.55 2.99 2.65 4.48 2.07 4.43 2.81 2.56 4.26 1.91 5.09 7.13 5.76 2.07 4.25 8.29 5.44 0.51 8.68 5.96 2.29 3.01 6.82 2.25 2.20 4.69 6.38 2.19 3.74 2.45 4.75 1.81 2.37 5.34 3.39 3.07 3.96 4.20 3.98 3.16 2.54 2.84 7.27 6.02 3.03 2.89 
8.40 2.80 3.54 4.78 1.09 2.17 2.05 3.54 7.63 1.75 3.80 4.80 7.25 7.63 1.52 5.34 3.84 2.34 6.48 2.20 4.82 4.77 4.12 7.45 3.59 3.25 5.95 3.76 2.39 5.27 8.34 9.38 7.78 7.27 4.26 2.12 7.66 8.61 3.74 1.22 3.98 4.90 2.71 8.52 8.00 7.35 8.89 1.75 8.16 7.00 7.94 1.76 4.85 8.12 8.14 
8.04 8.01 3.89 1.58 6.46 3.49 4.55 2.32 2.32 7.39 6.56 7.01 2.51 6.06 4.29 7.45 6.17 3.40 7.15 3.50 9.90 1.35 3.54 2.98 5.66 2.63 5.76 6.17 7.69 7.01 7.98 3.91 7.05 4.95 8.18 7.66 7.11 5.33 3.42 4.49 4.08 2.90 7.57 5.66 5.08 3.12 5.28 4.42 5.25 7.79 7.99 6.25 1.52 8.17 5.62 
1.01 9.08 6.22 9.67 10.40 8.71 10.32 9.22 7.87 9.99 5.96 5.08 6.91 2.57 8.31 4.76 5.71 8.18 3.05 9.00 9.51 9.40 5.94 6.47 12.20 9.30 3.47 12.59 9.14 4.49 1.05 8.66 1.67 3.76 7.08 9.69 1.73 4.33 6.34 8.62 5.73 5.95 8.40 3.72 4.05 6.16 4.80 7.83 3.94 2.80 1.61 11.08 9.66 1.50 3.40 
7.42 6.97 2.90 1.59 5.56 2.55 3.83 1.67 2.99 6.41 5.54 6.04 2.85 5.59 3.28 6.49 5.16 2.39 6.35 2.62 8.85 1.32 2.61 3.22 5.20 1.95 5.01 5.70 6.66 6.07 7.36 4.71 6.46 4.58 7.14 6.65 6.49 5.27 2.43 3.50 3.14 2.17 6.52 5.49 4.90 3.26 5.32 3.38 5.07 6.99 7.30 5.46 1.58 7.49 5.36 
5.96 8.77 4.00 4.35 8.11 5.20 6.70 4.64 1.58 8.65 6.37 6.41 0.61 3.78 5.59 6.68 5.92 4.83 5.73 5.36 10.36 4.08 3.36 0.36 8.17 4.90 4.32 8.67 8.55 6.17 5.91 2.90 4.96 2.57 8.17 8.74 5.10 2.52 3.58 5.90 3.83 2.38 8.18 2.93 2.39 0.29 2.44 5.45 2.55 6.29 6.10 8.22 4.30 6.25 3.01 
4.50 9.28 4.67 6.22 9.22 6.54 8.16 6.30 3.38 9.48 6.43 6.16 2.51 2.34 6.68 6.27 5.98 6.08 4.89 6.75 10.58 5.95 4.04 2.01 9.79 6.52 3.68 10.27 9.14 5.76 4.45 4.05 3.58 1.36 8.19 9.45 3.77 0.55 4.41 7.01 4.32 3.28 8.63 0.97 0.60 1.75 0.75 6.40 0.68 5.32 4.80 9.51 6.18 4.91 1.23 
2.70 5.45 4.01 8.12 7.19 6.29 7.66 7.27 7.93 6.52 2.50 1.50 7.00 3.59 5.58 1.08 2.41 5.79 0.87 6.58 5.83 7.90 4.14 6.75 9.54 7.23 2.13 9.84 5.57 0.98 2.67 9.31 2.73 4.37 3.39 6.15 2.49 5.80 4.38 5.82 3.64 4.75 4.80 5.29 5.18 6.45 6.31 5.06 5.21 0.89 2.07 8.01 8.15 2.21 4.77 
4.98 8.03 3.27 4.65 7.68 4.92 6.52 4.66 2.62 8.05 5.45 5.41 1.64 2.84 5.13 5.65 4.99 4.48 4.67 5.12 9.51 4.38 2.62 1.37 8.15 4.87 3.26 8.63 7.84 5.14 4.92 3.94 3.97 1.66 7.25 8.09 4.09 2.18 2.93 5.46 3.02 1.73 7.41 2.38 1.79 1.08 2.33 4.90 1.97 5.24 5.08 7.91 4.63 5.23 2.30 
8.08 6.77 3.21 0.93 5.05 2.12 3.14 0.92 3.66 6.03 5.73 6.34 3.64 6.33 3.00 6.83 5.39 2.14 6.87 2.10 8.71 0.72 3.08 4.03 4.39 1.22 5.60 4.90 6.42 6.44 8.02 5.32 7.14 5.37 7.20 6.34 7.16 6.10 2.81 3.16 3.54 2.84 6.39 6.31 5.72 4.08 6.15 3.23 5.90 7.52 7.92 4.83 0.96 8.11 6.16 
8.47 3.13 3.48 4.46 1.19 1.90 1.72 3.23 7.40 2.05 3.98 4.97 7.05 7.62 1.36 5.51 3.98 2.12 6.58 1.90 5.16 4.47 4.04 7.26 3.33 2.93 5.98 3.53 2.73 5.42 8.41 9.14 7.82 7.21 4.54 2.45 7.71 8.51 3.64 1.04 3.93 4.77 3.03 8.44 7.92 7.17 8.77 1.68 8.07 7.12 8.03 1.66 4.54 8.21 8.07 
5.33 4.86 0.08 4.10 4.69 2.52 4.14 3.25 4.93 4.89 2.75 3.20 4.24 4.13 2.24 3.67 2.34 1.98 3.81 2.81 6.47 3.89 0.57 4.28 6.01 3.25 2.74 6.41 4.66 3.27 5.27 6.63 4.53 3.67 4.45 4.89 4.47 5.03 0.42 2.57 0.47 1.54 4.27 4.92 4.41 4.09 5.34 1.86 4.56 4.45 5.04 5.12 4.13 5.23 4.54 
1.33 8.66 5.23 8.43 9.64 7.68 9.32 8.06 6.52 9.39 5.50 4.75 5.56 1.26 7.39 4.56 5.17 7.15 2.79 7.96 9.37 8.16 4.86 5.12 11.18 8.16 2.63 11.59 8.67 4.18 1.29 7.35 0.90 2.42 6.88 9.16 1.13 3.06 5.28 7.71 4.73 4.74 7.97 2.44 2.72 4.81 3.55 6.94 2.63 2.84 1.84 10.23 8.42 1.87 2.07 
2.86 7.99 3.81 6.57 8.42 6.11 7.78 6.30 4.69 8.42 4.95 4.52 3.71 0.68 5.99 4.55 4.53 5.60 3.09 6.37 9.08 6.29 3.31 3.31 9.57 6.43 1.99 10.01 7.91 4.06 2.81 5.71 1.87 0.55 6.62 8.30 2.03 1.87 3.73 6.32 3.35 2.95 7.30 1.43 1.25 2.99 2.38 5.60 1.28 3.51 3.06 8.88 6.55 3.19 0.93 
8.94 4.13 3.70 3.66 1.73 1.47 0.72 2.49 6.93 2.95 4.76 5.71 6.70 7.86 1.55 6.26 4.68 1.91 7.15 1.33 6.15 3.71 4.15 6.98 2.49 2.18 6.38 2.78 3.73 6.10 8.88 8.64 8.22 7.31 5.50 3.41 8.13 8.49 3.73 1.25 4.19 4.72 4.03 8.50 7.94 6.93 8.70 2.04 8.11 7.73 8.55 1.55 3.74 8.74 8.18 
7.03 8.34 3.76 2.91 7.22 4.22 5.55 3.38 1.33 7.96 6.39 6.66 1.17 4.93 4.82 7.02 5.96 3.97 6.42 4.32 10.10 2.66 3.22 1.61 6.87 3.67 4.98 7.38 8.06 6.54 6.97 3.09 6.02 3.76 8.13 8.14 6.11 3.99 3.27 5.08 3.78 2.33 7.82 4.35 3.78 1.75 3.91 4.80 3.95 7.04 7.06 7.18 2.86 7.22 4.36 
7.19 1.64 5.12 8.42 4.52 5.76 6.22 7.20 10.13 3.21 2.75 3.24 9.42 7.61 4.77 3.44 3.21 5.56 5.22 5.94 1.41 8.32 5.71 9.40 7.69 6.98 5.71 7.76 2.01 3.81 7.16 11.82 7.08 7.91 1.11 2.63 6.86 9.46 5.59 4.75 5.20 6.70 1.47 9.10 8.79 9.17 9.90 4.46 8.88 5.38 6.57 5.54 8.48 6.69 8.60 
6.47 8.35 3.64 3.47 7.45 4.48 5.91 3.81 1.40 8.08 6.19 6.37 0.77 4.34 4.97 6.70 5.75 4.16 5.97 4.61 10.03 3.20 3.05 1.09 7.33 4.07 4.53 7.83 8.10 6.20 6.41 3.07 5.46 3.16 7.96 8.22 5.56 3.36 3.18 5.26 3.58 2.08 7.79 3.72 3.15 1.16 3.31 4.89 3.32 6.57 6.53 7.48 3.42 6.69 3.73 
1.48 9.49 6.38 9.64 10.69 8.86 10.49 9.27 7.61 10.34 6.35 5.51 6.67 2.47 8.51 5.22 6.07 8.32 3.47 9.14 10.01 9.38 6.05 6.21 12.35 9.37 3.69 12.75 9.54 4.92 1.50 8.31 1.85 3.59 7.56 10.07 1.98 3.95 6.46 8.83 5.89 5.95 8.81 3.35 3.75 5.91 4.39 8.05 3.63 3.30 2.12 11.33 9.63 2.03 3.10 
5.25 5.66 0.89 3.82 5.32 2.83 4.49 3.19 4.16 5.63 3.45 3.76 3.45 3.75 2.80 4.18 3.01 2.31 3.99 3.09 7.27 3.58 0.28 3.48 6.30 3.27 2.72 6.73 5.45 3.73 5.19 5.84 4.36 3.11 5.20 5.67 4.34 4.36 0.51 3.13 0.84 0.74 5.07 4.31 3.77 3.29 4.64 2.51 3.93 4.64 5.05 5.66 3.83 5.24 3.98 
11.17 4.70 6.09 5.57 1.90 3.92 2.42 4.63 9.21 3.13 6.57 7.57 9.07 10.26 3.90 8.10 6.63 4.38 9.27 3.74 6.45 5.70 6.59 9.38 2.01 4.32 8.68 1.76 4.32 8.06 11.11 10.86 10.52 9.76 6.73 3.72 10.41 10.96 6.17 3.57 6.57 7.19 4.97 10.96 10.41 9.35 11.16 4.33 10.57 9.79 10.73 1.04 5.65 10.91 10.63 
7.70 3.40 2.60 4.00 2.07 1.30 1.95 2.75 6.63 2.68 3.47 4.41 6.23 6.76 0.49 4.96 3.38 1.34 5.87 1.43 5.40 3.95 3.15 6.42 3.79 2.50 5.18 4.08 3.04 4.80 7.64 8.38 7.02 6.33 4.36 2.94 6.91 7.62 2.76 0.24 3.07 3.89 3.12 7.56 7.03 6.32 7.89 0.82 7.19 6.44 7.29 2.48 4.07 7.48 7.20 
7.52 4.67 2.17 2.78 3.19 0.34 1.99 1.56 5.36 3.99 4.04 4.84 5.03 6.24 0.91 5.37 3.81 0.20 5.90 0.62 6.63 2.69 2.50 5.27 3.83 1.38 4.92 4.24 4.32 5.10 7.46 7.11 6.71 5.60 5.29 4.26 6.65 6.75 2.08 1.08 2.65 2.98 4.31 6.77 6.21 5.21 6.95 1.21 6.37 6.52 7.20 3.28 2.84 7.39 6.47 
2.86 6.83 2.84 6.14 7.37 5.27 6.92 5.67 5.00 7.31 3.80 3.42 4.03 1.35 5.02 3.52 3.37 4.74 2.29 5.55 7.94 5.88 2.44 3.74 8.76 5.76 0.94 9.18 6.76 3.01 2.79 6.28 1.90 1.41 5.49 7.16 1.93 2.94 2.86 5.35 2.35 2.41 6.15 2.57 2.28 3.43 3.41 4.60 2.36 2.84 2.80 7.89 6.14 2.97 2.08 
8.64 4.78 3.29 2.79 2.61 0.81 0.86 1.60 6.06 3.75 4.86 5.75 5.87 7.38 1.45 6.29 4.70 1.34 6.97 0.55 6.80 2.82 3.64 6.17 2.69 1.28 6.05 3.10 4.39 6.07 8.58 7.76 7.85 6.72 5.86 4.15 7.78 7.81 3.22 1.32 3.79 4.07 4.58 7.87 7.30 6.14 7.99 1.96 7.47 7.58 8.30 2.40 2.87 8.50 7.58 
6.08 2.05 3.11 6.58 3.77 4.02 4.85 5.40 8.13 2.96 1.13 2.06 7.42 6.02 3.05 2.52 1.47 3.72 4.05 4.25 3.30 6.46 3.72 7.42 6.57 5.22 4.11 6.76 2.06 2.63 6.04 9.82 5.73 6.14 1.45 2.60 5.55 7.66 3.59 3.12 3.22 4.70 1.35 7.37 7.00 7.21 8.08 2.64 7.11 4.42 5.52 4.69 6.63 5.68 6.89 
7.57 0.62 4.16 6.90 2.82 4.20 4.50 5.66 9.05 1.65 2.63 3.52 8.45 7.48 3.24 3.94 2.95 4.09 5.53 4.35 2.49 6.83 4.80 8.51 5.95 5.41 5.57 6.04 0.57 4.10 7.53 10.79 7.23 7.51 2.08 1.17 7.04 9.02 4.58 3.15 4.39 5.78 0.29 8.76 8.35 8.33 9.40 3.03 8.47 5.88 7.00 3.83 6.97 7.16 8.29 
2.85 9.63 5.63 8.16 10.22 7.92 9.58 8.01 5.62 10.17 6.51 5.91 4.73 1.57 7.81 5.82 6.12 7.40 4.10 8.17 10.55 7.88 5.12 4.24 11.36 8.17 3.49 11.80 9.59 5.38 2.82 6.17 2.27 2.03 8.06 10.02 2.51 1.82 5.54 8.14 5.16 4.70 8.94 1.27 1.79 3.96 2.24 7.42 1.63 4.28 3.36 10.69 8.13 3.39 1.23 
10.25 3.52 5.39 5.70 0.82 3.56 2.44 4.60 9.06 1.95 5.52 6.52 8.81 9.51 3.26 7.03 5.62 3.91 8.30 3.45 5.30 5.78 5.95 9.06 2.88 4.28 7.83 2.78 3.13 7.03 10.20 10.77 9.66 9.12 5.57 2.54 9.53 10.41 5.55 2.92 5.84 6.66 3.79 10.35 9.82 9.00 10.66 3.59 9.98 8.79 9.77 0.74 5.78 9.96 9.99 
4.14 4.75 1.38 5.49 5.38 3.78 5.30 4.64 5.80 5.21 1.89 1.98 4.97 3.41 3.25 2.37 1.43 3.26 2.44 4.08 6.01 5.27 1.55 4.86 7.20 4.62 1.63 7.56 4.66 1.92 4.09 7.39 3.47 3.38 3.68 5.06 3.36 4.90 1.75 3.55 1.02 2.35 4.07 4.62 4.23 4.61 5.31 2.76 4.35 3.07 3.77 6.01 5.51 3.96 4.15 
8.12 2.48 6.45 9.69 5.40 7.00 7.30 8.46 11.46 3.97 4.03 4.38 10.75 8.76 6.02 4.47 4.49 6.84 6.24 7.17 0.71 9.60 7.04 10.72 8.62 8.22 6.89 8.63 2.90 4.89 8.10 13.15 8.13 9.15 2.26 3.39 7.90 10.69 6.93 5.97 6.53 8.03 2.62 10.31 10.02 10.49 11.15 5.74 10.11 6.30 7.48 6.40 9.75 7.59 9.80 
7.88 3.11 2.90 4.31 1.73 1.63 2.00 3.06 7.00 2.31 3.49 4.46 6.60 7.03 0.86 5.00 3.45 1.71 6.02 1.73 5.12 4.28 3.47 6.79 3.76 2.80 5.39 4.01 2.73 4.88 7.83 8.75 7.23 6.63 4.22 2.59 7.12 7.95 3.08 0.60 3.35 4.24 2.88 7.87 7.35 6.68 8.23 1.10 7.51 6.56 7.45 2.25 4.39 7.64 7.50 
0.99 7.31 5.15 9.03 8.90 7.61 9.12 8.36 8.00 8.34 4.29 3.33 7.03 2.83 7.04 2.95 4.11 7.08 1.43 7.90 7.64 8.78 5.05 6.67 11.02 8.38 2.50 11.36 7.42 2.76 0.99 9.12 1.61 3.95 5.24 7.99 1.40 5.07 5.40 7.32 4.69 5.36 6.65 4.48 4.58 6.35 5.59 6.54 4.54 0.98 0.40 9.66 9.04 0.40 4.01 
7.38 8.91 4.33 3.15 7.73 4.72 5.99 3.78 0.81 8.50 6.96 7.20 1.05 5.24 5.36 7.55 6.52 4.50 6.89 4.80 10.67 2.92 3.79 1.56 7.21 4.08 5.45 7.72 8.63 7.06 7.32 2.55 6.37 4.04 8.70 8.70 6.48 4.05 3.85 5.62 4.34 2.87 8.39 4.48 3.94 1.78 3.91 5.36 4.10 7.49 7.45 7.65 3.09 7.61 4.55 
4.99 9.84 5.18 6.39 9.68 6.93 8.52 6.59 3.23 9.99 7.02 6.76 2.47 2.88 7.13 6.87 6.57 6.49 5.48 7.13 11.17 6.13 4.54 1.97 10.10 6.82 4.28 10.59 9.69 6.36 4.94 3.65 4.10 1.96 8.78 9.98 4.31 0.70 4.89 7.46 4.85 3.72 9.19 1.31 1.15 1.78 0.38 6.88 1.17 5.89 5.32 9.92 6.35 5.42 1.71 
8.38 11.32 6.62 5.38 10.23 7.22 8.44 6.21 1.70 10.99 9.12 9.19 2.32 6.18 7.85 9.46 8.67 6.99 8.45 7.29 13.02 5.20 6.02 2.45 9.51 6.52 7.05 10.02 11.06 8.95 8.33 0.15 7.42 5.03 10.91 11.16 7.60 4.21 6.16 8.11 6.53 5.03 10.78 4.81 4.49 2.74 3.79 7.82 4.58 8.97 8.62 10.12 5.31 8.75 5.13 
6.50 1.88 2.95 6.12 3.18 3.50 4.25 4.92 7.92 2.49 1.57 2.57 7.27 6.25 2.52 3.06 1.79 3.26 4.48 3.71 3.47 6.02 3.59 7.31 5.96 4.72 4.36 6.15 1.77 3.11 6.45 9.64 6.08 6.25 1.99 2.22 5.90 7.76 3.40 2.56 3.15 4.57 1.24 7.51 7.10 7.12 8.14 2.15 7.22 4.90 5.96 4.09 6.18 6.13 7.04 
8.21 2.69 3.39 4.82 1.25 2.17 2.19 3.57 7.59 1.74 3.61 4.61 7.18 7.47 1.44 5.14 3.64 2.29 6.29 2.23 4.71 4.80 3.99 7.36 3.77 3.29 5.78 3.95 2.29 5.08 8.16 9.33 7.61 7.13 4.09 2.07 7.48 8.48 3.62 1.17 3.83 4.79 2.57 8.38 7.87 7.26 8.77 1.63 8.02 6.80 7.75 1.96 4.89 7.93 7.99 
10.60 3.92 5.66 5.70 1.20 3.71 2.43 4.64 9.16 2.35 5.90 6.91 8.95 9.81 3.50 7.42 5.99 4.10 8.67 3.57 5.67 5.79 6.20 9.22 2.59 4.32 8.16 2.45 3.54 7.41 10.55 10.85 9.99 9.38 5.98 2.94 9.87 10.64 5.80 3.17 6.13 6.88 4.20 10.61 10.07 9.17 10.88 3.87 10.23 9.16 10.13 0.71 5.78 10.32 10.25 
6.13 4.79 0.79 3.44 4.16 1.74 3.38 2.50 4.87 4.56 3.20 3.81 4.31 4.85 1.62 4.31 2.85 1.20 4.59 2.02 6.56 3.26 1.12 4.43 5.24 2.47 3.53 5.64 4.53 3.96 6.07 6.61 5.31 4.28 4.76 4.67 5.26 5.54 0.70 1.95 1.26 1.81 4.27 5.49 4.95 4.30 5.80 1.37 5.11 5.22 5.83 4.48 3.48 6.03 5.15 
8.86 5.59 3.53 2.01 3.39 1.16 1.31 0.92 5.50 4.57 5.44 6.27 5.42 7.42 2.08 6.80 5.23 1.63 7.31 0.89 7.61 2.07 3.74 5.77 2.71 0.62 6.27 3.19 5.20 6.53 8.80 7.15 8.01 6.65 6.57 4.98 7.97 7.62 3.34 2.04 4.00 3.97 5.36 7.73 7.15 5.78 7.74 2.54 7.32 7.94 8.57 3.03 2.09 8.77 7.50 
7.70 10.85 6.11 5.28 9.90 6.90 8.20 5.99 1.42 10.59 8.55 8.58 1.78 5.50 7.46 8.83 8.09 6.63 7.78 6.99 12.50 5.07 5.49 1.83 9.39 6.29 6.40 9.90 10.61 8.32 7.64 0.83 6.74 4.35 10.34 10.74 6.92 3.54 5.66 7.74 5.99 4.50 10.28 4.14 3.81 2.10 3.14 7.40 3.90 8.30 7.94 9.85 5.21 8.07 4.45 
7.75 3.15 2.75 4.25 1.88 1.56 2.05 3.00 6.88 2.42 3.40 4.36 6.47 6.88 0.73 4.91 3.34 1.60 5.89 1.67 5.16 4.21 3.32 6.65 3.85 2.74 5.25 4.11 2.78 4.77 7.70 8.63 7.09 6.48 4.19 2.68 6.98 7.80 2.94 0.50 3.20 4.10 2.89 7.72 7.21 6.55 8.08 0.96 7.36 6.44 7.32 2.38 4.32 7.51 7.35 
8.53 5.61 3.22 1.84 3.57 0.99 1.61 0.64 5.18 4.67 5.25 6.04 5.07 7.06 1.97 6.57 5.01 1.38 7.02 0.79 7.62 1.86 3.40 5.41 3.09 0.33 5.94 3.57 5.23 6.28 8.47 6.85 7.67 6.28 6.45 5.05 7.64 7.24 3.01 1.99 3.68 3.60 5.34 7.36 6.77 5.41 7.37 2.38 6.95 7.65 8.26 3.30 1.92 8.45 7.12 
9.67 5.43 4.32 2.83 2.84 1.82 0.61 1.94 6.50 4.19 5.87 6.77 6.46 8.35 2.47 7.32 5.73 2.36 8.02 1.53 7.45 2.96 4.63 6.81 1.71 1.65 7.08 2.17 5.03 7.11 9.61 8.12 8.87 7.63 6.75 4.68 8.81 8.64 4.21 2.28 4.81 4.96 5.34 8.74 8.16 6.82 8.77 2.98 8.33 8.62 9.35 2.23 2.91 9.54 8.48 
3.77 7.67 3.16 5.56 7.77 5.28 6.94 5.35 3.82 7.93 4.81 4.58 2.84 1.67 5.27 4.74 4.36 4.78 3.56 5.53 8.95 5.29 2.57 2.50 8.70 5.50 2.20 9.15 7.54 4.22 3.71 5.02 2.76 0.64 6.57 7.87 2.88 1.97 2.97 5.61 2.76 2.03 7.01 1.83 1.33 2.18 2.36 4.94 1.47 4.09 3.87 8.15 5.55 4.02 1.50 
3.13 5.31 2.39 6.42 6.31 4.83 6.35 5.64 6.24 5.99 2.18 1.73 5.33 2.77 4.28 1.89 1.80 4.30 1.41 5.12 6.28 6.19 2.40 5.13 8.24 5.64 0.85 8.59 5.29 1.38 3.08 7.70 2.55 3.09 3.81 5.76 2.40 4.63 2.69 4.57 1.96 2.98 4.62 4.24 3.97 4.85 5.10 3.78 4.04 2.05 2.73 6.99 6.44 2.92 3.73 
0.35 8.39 5.69 9.29 9.77 8.19 9.77 8.77 7.75 9.32 5.29 4.39 6.78 2.40 7.74 4.06 5.05 7.65 2.36 8.48 8.81 9.03 5.46 6.37 11.66 8.83 2.93 12.03 8.46 3.80 0.40 8.68 1.27 3.61 6.38 9.01 1.24 4.42 5.85 8.04 5.20 5.56 7.71 3.80 4.04 6.05 4.92 7.25 3.96 2.10 0.92 10.47 9.29 0.80 3.41 
7.15 2.46 5.73 9.20 5.37 6.56 7.07 7.99 10.72 4.03 3.18 3.44 9.97 7.82 5.57 3.51 3.64 6.33 5.27 6.76 1.47 9.09 6.29 9.91 8.54 7.78 5.96 8.61 2.85 3.94 7.13 12.39 7.16 8.24 1.39 3.44 6.93 9.78 6.21 5.57 5.76 7.26 2.33 9.38 9.11 9.67 10.24 5.23 9.19 5.33 6.52 6.39 9.26 6.62 8.87 
10.23 6.48 4.91 2.32 3.86 2.50 1.66 1.91 6.19 5.23 6.74 7.60 6.30 8.73 3.34 8.15 6.56 3.00 8.69 2.21 8.50 2.53 5.10 6.70 1.81 1.76 7.64 2.32 6.08 7.89 10.16 7.70 9.37 7.89 7.74 5.73 9.33 8.75 4.71 3.21 5.38 5.24 6.37 8.92 8.33 6.76 8.83 3.83 8.51 9.32 9.95 3.15 2.40 10.14 8.72 
8.47 2.29 6.54 9.62 5.14 6.92 7.12 8.38 11.54 3.70 4.22 4.65 10.85 9.03 5.95 4.78 4.67 6.79 6.56 7.07 0.30 9.54 7.14 10.84 8.36 8.13 7.15 8.35 2.70 5.19 8.45 13.25 8.45 9.37 2.50 3.12 8.22 10.92 7.01 5.87 6.65 8.13 2.54 10.55 10.25 10.63 11.36 5.70 10.34 6.65 7.84 6.13 9.68 7.95 10.05 
5.97 2.50 2.39 5.84 3.55 3.32 4.30 4.68 7.39 3.04 1.17 2.17 6.71 5.64 2.38 2.70 1.26 3.00 3.97 3.57 4.00 5.71 3.01 6.73 6.10 4.51 3.76 6.33 2.39 2.66 5.92 9.10 5.50 5.63 2.18 2.82 5.34 7.13 2.86 2.50 2.55 4.00 1.85 6.88 6.47 6.53 7.52 1.93 6.59 4.43 5.45 4.39 5.89 5.63 6.42 
5.68 6.38 1.66 3.31 5.75 2.98 4.60 2.94 3.35 6.22 4.28 4.58 2.69 3.93 3.21 4.97 3.84 2.53 4.63 3.20 8.05 3.05 1.11 2.78 6.30 3.09 3.26 6.77 6.14 4.51 5.61 5.05 4.72 3.05 6.02 6.31 4.74 4.07 1.19 3.52 1.67 0.42 5.81 4.14 3.56 2.65 4.27 3.02 3.73 5.27 5.55 5.96 3.31 5.73 3.90 
3.53 4.54 3.20 7.33 6.15 5.34 6.67 6.40 7.56 5.53 1.48 0.54 6.67 3.90 4.59 0.52 1.38 4.86 1.50 5.63 5.16 7.13 3.44 6.50 8.54 6.34 2.09 8.82 4.62 0.05 3.49 9.06 3.32 4.42 2.66 5.18 3.10 5.94 3.62 4.82 2.91 4.20 3.86 5.50 5.28 6.21 6.42 4.07 5.34 1.84 2.95 6.98 7.36 3.11 4.98 
1.08 8.02 4.71 8.10 9.05 7.20 8.82 7.65 6.48 8.77 4.86 4.12 5.51 1.13 6.85 3.94 4.54 6.66 2.16 7.48 8.74 7.84 4.40 5.10 10.69 7.74 2.04 11.09 8.04 3.55 1.02 7.45 0.27 2.34 6.24 8.53 0.51 3.28 4.80 7.17 4.22 4.38 7.33 2.68 2.83 4.78 3.79 6.39 2.77 2.27 1.41 9.67 8.10 1.49 2.23 
9.46 3.40 4.48 4.90 0.54 2.63 1.71 3.74 8.15 1.97 4.87 5.87 7.87 8.63 2.33 6.40 4.91 2.97 7.56 2.54 5.35 4.95 5.03 8.12 2.75 3.43 6.99 2.82 2.99 6.35 9.41 9.87 8.83 8.20 5.19 2.52 8.72 9.48 4.62 1.99 4.94 5.72 3.50 9.43 8.90 8.05 9.73 2.69 9.05 8.07 9.01 0.69 4.98 9.20 9.07 
0.62 8.18 5.11 8.58 9.36 7.60 9.21 8.11 6.98 9.01 5.03 4.22 6.00 1.62 7.21 3.98 4.74 7.06 2.20 7.89 8.78 8.32 4.83 5.59 11.09 8.18 2.38 11.48 8.22 3.63 0.58 7.92 0.56 2.83 6.31 8.74 0.64 3.70 5.23 7.53 4.62 4.85 7.50 3.09 3.29 5.28 4.21 6.74 3.22 2.16 1.10 10.01 8.58 1.13 2.67 
3.64 8.72 4.29 6.44 8.90 6.39 8.04 6.35 4.04 9.04 5.76 5.40 3.10 1.46 6.40 5.47 5.32 5.90 4.03 6.63 9.91 6.17 3.70 2.64 9.77 6.53 2.89 10.23 8.61 4.97 3.59 4.89 2.70 0.60 7.48 8.96 2.89 0.96 4.10 6.74 3.88 3.11 8.05 0.70 0.31 2.34 1.44 6.07 0.37 4.44 3.92 9.28 6.42 4.03 0.50 
7.04 1.33 3.45 6.35 2.83 3.67 4.19 5.12 8.37 1.97 2.09 3.05 7.75 6.83 2.69 3.52 2.35 3.50 5.01 3.85 3.09 6.27 4.10 7.81 5.79 4.90 4.94 5.94 1.19 3.61 7.00 10.10 6.64 6.82 2.06 1.65 6.47 8.32 3.88 2.66 3.68 5.07 0.77 8.08 7.66 7.63 8.70 2.41 7.79 5.40 6.49 3.80 6.41 6.66 7.62 
8.32 1.64 4.02 5.92 1.43 3.25 3.20 4.67 8.55 0.79 3.44 4.43 8.08 7.86 2.42 4.92 3.61 3.30 6.32 3.33 3.65 5.90 4.66 8.22 4.56 4.39 6.05 4.64 1.22 4.97 8.27 10.30 7.83 7.68 3.41 0.97 7.68 9.11 4.34 2.21 4.39 5.56 1.69 8.95 8.47 8.08 9.44 2.43 8.61 6.75 7.80 2.43 5.99 7.97 8.52 
4.99 4.10 0.98 5.03 4.52 3.04 4.50 4.06 5.93 4.41 1.70 2.22 5.19 4.23 2.42 2.72 1.30 2.54 3.21 3.34 5.56 4.85 1.49 5.17 6.39 4.00 2.50 6.73 3.96 2.38 4.94 7.60 4.34 4.07 3.43 4.30 4.22 5.55 1.47 2.71 0.97 2.47 3.46 5.33 4.90 4.95 5.93 1.92 5.02 3.81 4.59 5.15 5.07 4.78 4.89 
3.17 9.89 5.80 8.18 10.41 8.05 9.71 8.09 5.51 10.40 6.79 6.21 4.65 1.84 7.97 6.12 6.39 7.54 4.42 8.30 10.84 7.91 5.28 4.15 11.47 8.26 3.76 11.92 9.84 5.68 3.14 5.98 2.59 2.13 8.35 10.26 2.84 1.67 5.70 8.31 5.35 4.80 9.20 1.18 1.75 3.88 2.03 7.60 1.58 4.60 3.68 10.86 8.16 3.72 1.28 
8.14 8.82 4.51 2.36 7.35 4.37 5.44 3.21 1.54 8.25 7.18 7.55 2.01 6.05 5.13 7.94 6.77 4.25 7.47 4.39 10.67 2.17 4.06 2.51 6.49 3.53 6.04 7.00 8.51 7.48 8.08 3.04 7.13 4.87 8.86 8.51 7.22 5.00 4.01 5.35 4.62 3.27 8.36 5.40 4.85 2.73 4.86 5.23 5.02 8.09 8.16 7.14 2.29 8.33 5.45 
1.16 9.23 6.31 9.71 10.52 8.80 10.41 9.28 7.84 10.13 6.11 5.23 6.89 2.58 8.41 4.91 5.85 8.26 3.19 9.09 9.68 9.44 6.01 6.44 12.29 9.36 3.57 12.68 9.29 4.64 1.20 8.60 1.75 3.75 7.24 9.83 1.83 4.26 6.42 8.72 5.81 5.99 8.55 3.65 4.00 6.13 4.72 7.93 3.89 2.96 1.78 11.19 9.70 1.66 3.35 
7.84 4.10 2.56 3.31 2.47 0.62 1.59 2.06 6.09 3.30 3.94 4.83 5.75 6.72 0.53 5.38 3.79 0.83 6.12 0.74 6.09 3.27 3.01 5.99 3.49 1.80 5.27 3.85 3.73 5.16 7.79 7.83 7.10 6.17 4.98 3.60 7.02 7.38 2.59 0.46 3.05 3.61 3.81 7.37 6.82 5.91 7.60 1.04 6.98 6.71 7.48 2.62 3.38 7.67 7.04 
3.78 7.33 2.83 5.40 7.45 5.00 6.66 5.12 3.91 7.59 4.49 4.29 2.94 1.78 4.95 4.47 4.04 4.49 3.38 5.25 8.63 5.13 2.25 2.65 8.43 5.26 1.98 8.88 7.20 3.96 3.72 5.20 2.77 0.93 6.26 7.53 2.86 2.31 2.66 5.29 2.42 1.78 6.67 2.16 1.67 2.34 2.69 4.61 1.81 3.94 3.82 7.84 5.39 3.98 1.80 
6.69 2.26 5.12 8.65 5.07 6.04 6.65 7.46 10.11 3.80 2.57 2.87 9.36 7.26 5.06 2.99 3.04 5.79 4.77 6.25 1.84 8.54 5.68 9.30 8.19 7.26 5.39 8.29 2.60 3.40 6.67 11.78 6.65 7.65 0.78 3.24 6.42 9.19 5.61 5.07 5.15 6.65 1.97 8.81 8.53 9.06 9.65 4.69 8.61 4.87 6.06 6.08 8.71 6.18 8.30 
7.29 10.15 5.41 4.70 9.21 6.21 7.54 5.35 0.84 9.88 7.88 7.94 1.09 5.08 6.76 8.21 7.42 5.93 7.23 6.31 11.80 4.48 4.79 1.21 8.78 5.64 5.83 9.30 9.90 7.70 7.23 1.37 6.31 3.89 9.67 10.03 6.47 3.31 4.96 7.04 5.30 3.81 9.58 3.86 3.46 1.51 2.99 6.69 3.57 7.77 7.49 9.17 4.64 7.63 4.11 
8.57 10.67 6.09 4.35 9.37 6.37 7.49 5.26 1.13 10.21 8.69 8.88 2.06 6.37 7.07 9.20 8.25 6.20 8.37 6.41 12.44 4.18 5.53 2.40 8.47 5.57 6.94 8.99 10.38 8.70 8.51 1.05 7.58 5.16 10.45 10.43 7.73 4.65 5.61 7.31 6.08 4.58 10.16 5.20 4.79 2.72 4.32 7.11 4.91 8.94 8.74 9.19 4.28 8.88 5.44 
3.81 4.80 1.80 5.91 5.65 4.18 5.68 5.07 6.10 5.38 1.78 1.66 5.24 3.27 3.61 2.00 1.33 3.67 2.04 4.48 5.93 5.69 1.95 5.10 7.58 5.04 1.40 7.92 4.74 1.53 3.75 7.65 3.20 3.39 3.53 5.18 3.06 4.93 2.17 3.90 1.44 2.70 4.11 4.61 4.26 4.84 5.37 3.11 4.36 2.66 3.40 6.32 5.94 3.59 4.12 
4.70 8.21 3.50 5.06 7.98 5.26 6.88 5.05 2.85 8.31 5.54 5.43 1.87 2.53 5.44 5.63 5.08 4.81 4.54 5.48 9.64 4.78 2.86 1.51 8.53 5.26 3.15 9.01 8.04 5.11 4.64 4.04 3.70 1.32 7.33 8.31 3.83 1.80 3.19 5.76 3.20 2.02 7.58 1.98 1.39 1.19 1.98 5.18 1.56 5.07 4.84 8.24 5.03 4.98 1.90 
10.74 5.74 5.41 3.76 2.85 2.92 1.32 3.05 7.56 4.30 6.69 7.64 7.57 9.49 3.40 8.19 6.61 3.46 9.03 2.65 7.69 3.93 5.75 7.94 0.58 2.79 8.16 1.01 5.32 8.02 10.68 9.13 9.96 8.79 7.35 4.86 9.90 9.80 5.33 3.15 5.90 6.12 5.77 9.90 9.32 7.96 9.93 3.92 9.49 9.61 10.39 1.94 3.84 10.58 9.64 
2.44 5.88 3.01 6.95 7.00 5.48 7.02 6.24 6.42 6.64 2.72 2.07 5.48 2.32 4.97 2.05 2.39 4.95 0.88 5.78 6.71 6.71 2.94 5.23 8.92 6.25 0.61 9.27 5.89 1.56 2.39 7.79 1.90 2.89 4.22 6.39 1.74 4.38 3.27 5.26 2.56 3.37 5.19 3.93 3.74 4.92 4.88 4.47 3.79 1.52 2.05 7.68 6.96 2.24 3.41 
9.76 3.45 4.81 5.16 0.51 2.96 1.93 4.03 8.47 1.94 5.11 6.12 8.20 8.96 2.66 6.64 5.18 3.31 7.84 2.86 5.35 5.23 5.36 8.45 2.72 3.71 7.30 2.74 3.04 6.61 9.71 10.18 9.14 8.54 5.34 2.52 9.02 9.81 4.96 2.33 5.27 6.06 3.61 9.77 9.23 8.39 10.06 3.02 9.39 8.35 9.30 0.51 5.24 9.48 9.41 
6.27 2.04 4.32 7.87 4.59 5.29 5.99 6.69 9.31 3.46 1.81 2.28 8.57 6.64 4.31 2.52 2.28 5.01 4.28 5.51 2.38 7.75 4.88 8.52 7.61 6.50 4.74 7.75 2.29 2.85 6.24 10.98 6.13 6.96 0.26 2.94 5.91 8.50 4.80 4.35 4.35 5.85 1.54 8.14 7.83 8.29 8.95 3.92 7.92 4.48 5.66 5.58 7.93 5.79 7.63 
6.25 2.19 2.65 5.95 3.33 3.37 4.23 4.76 7.64 2.74 1.38 2.38 6.98 5.95 2.40 2.90 1.54 3.09 4.24 3.60 3.75 5.83 3.29 7.01 5.99 4.58 4.07 6.20 2.08 2.90 6.20 9.36 5.80 5.94 2.09 2.50 5.64 7.44 3.11 2.48 2.84 4.27 1.55 7.20 6.78 6.81 7.83 1.99 6.90 4.68 5.72 4.20 6.00 5.90 6.73 
2.91 5.31 4.13 8.25 7.14 6.35 7.69 7.37 8.15 6.43 2.44 1.43 7.23 3.86 5.62 0.95 2.40 5.87 1.13 6.64 5.62 8.04 4.29 6.99 9.57 7.32 2.38 9.85 5.44 0.98 2.88 9.55 2.98 4.62 3.20 6.04 2.74 6.06 4.52 5.85 3.78 4.94 4.67 5.55 5.44 6.69 6.57 5.10 5.47 1.09 2.28 7.98 8.28 2.39 5.03 
5.55 3.26 4.84 8.70 5.82 6.24 7.11 7.58 9.69 4.71 2.16 2.03 8.87 6.31 5.29 1.97 2.57 5.90 3.71 6.48 3.02 8.55 5.31 8.75 8.79 7.42 4.52 8.95 3.53 2.45 5.53 11.29 5.60 6.84 0.99 4.18 5.36 8.37 5.33 5.38 4.75 6.22 2.79 7.93 7.71 8.49 8.85 4.85 7.77 3.74 4.92 6.81 8.75 5.02 7.41 
8.15 1.31 4.05 6.17 1.76 3.48 3.52 4.92 8.69 0.84 3.23 4.22 8.18 7.79 2.60 4.69 3.44 3.49 6.14 3.58 3.33 6.14 4.70 8.31 4.90 4.65 5.94 4.97 0.91 4.77 8.11 10.44 7.70 7.66 3.10 0.79 7.54 9.10 4.40 2.43 4.38 5.62 1.35 8.92 8.46 8.16 9.45 2.55 8.60 6.55 7.62 2.77 6.24 7.79 8.48 
6.61 9.93 5.15 5.02 9.19 6.23 7.66 5.52 1.37 9.77 7.50 7.49 1.00 4.41 6.69 7.73 7.04 5.91 6.66 6.37 11.51 4.78 4.51 0.79 9.02 5.80 5.28 9.53 9.70 7.21 6.56 1.93 5.64 3.24 9.30 9.88 5.81 2.59 4.73 6.99 4.98 3.53 9.34 3.15 2.76 1.01 2.28 6.57 2.87 7.18 6.84 9.24 4.97 6.97 3.41 
7.28 7.63 3.28 2.07 6.34 3.33 4.61 2.43 2.21 7.14 5.96 6.35 2.10 5.31 4.00 6.76 5.55 3.13 6.41 3.40 9.46 1.80 2.86 2.50 5.93 2.72 5.01 6.44 7.33 6.31 7.21 3.94 6.28 4.22 7.63 7.36 6.35 4.71 2.79 4.24 3.41 2.15 7.15 4.99 4.40 2.58 4.70 4.04 4.58 7.05 7.23 6.25 2.03 7.40 4.92 
10.59 5.78 5.25 3.51 2.94 2.75 1.21 2.81 7.31 4.38 6.62 7.56 7.33 9.30 3.29 8.11 6.52 3.29 8.90 2.47 7.76 3.68 5.57 7.70 0.75 2.55 8.00 1.23 5.37 7.92 10.53 8.88 9.80 8.58 7.34 4.93 9.74 9.58 5.16 3.05 5.74 5.91 5.79 9.69 9.11 7.73 9.71 3.81 9.28 9.49 10.25 2.07 3.59 10.44 9.44 
7.84 1.80 3.50 5.62 1.72 2.92 3.12 4.37 8.10 1.31 3.01 4.01 7.60 7.34 2.02 4.52 3.14 2.90 5.85 3.03 3.81 5.57 4.15 7.73 4.65 4.10 5.54 4.78 1.42 4.53 7.79 9.85 7.33 7.16 3.21 1.38 7.18 8.58 3.83 1.86 3.86 5.05 1.63 8.42 7.95 7.59 8.92 1.96 8.09 6.31 7.33 2.65 5.69 7.51 7.99 
6.99 4.08 1.71 3.48 3.07 1.00 2.44 2.30 5.70 3.60 3.29 4.11 5.25 5.88 0.52 4.65 3.07 0.62 5.28 1.28 5.99 3.38 2.19 5.43 4.34 2.14 4.41 4.70 3.76 4.40 6.93 7.45 6.24 5.37 4.55 3.79 6.16 6.63 1.78 0.86 2.19 2.89 3.66 6.59 6.05 5.32 6.89 0.50 6.21 5.89 6.63 3.40 3.54 6.82 6.24 
10.90 5.62 5.59 4.11 2.70 3.13 1.48 3.36 7.89 4.14 6.75 7.71 7.89 9.70 3.53 8.26 6.69 3.66 9.15 2.87 7.55 4.28 5.96 8.25 0.53 3.09 8.33 0.79 5.21 8.11 10.85 9.47 10.14 9.03 7.32 4.72 10.07 10.07 5.54 3.26 6.08 6.37 5.70 10.16 9.58 8.27 10.22 4.04 9.76 9.73 10.54 1.73 4.19 10.73 9.89 
0.89 8.96 6.11 9.58 10.29 8.61 10.21 9.12 7.82 9.87 5.85 4.96 6.85 2.50 8.20 4.64 5.60 8.07 2.93 8.90 9.40 9.32 5.84 6.42 12.09 9.20 3.36 12.48 9.03 4.37 0.93 8.63 1.57 3.70 6.97 9.57 1.62 4.30 6.24 8.51 5.62 5.85 8.28 3.69 4.01 6.11 4.78 7.72 3.91 2.69 1.50 10.97 9.58 1.39 3.36 
6.35 6.30 1.85 2.64 5.36 2.45 4.02 2.25 3.36 5.97 4.53 4.96 2.88 4.63 2.86 5.39 4.12 2.08 5.22 2.64 8.08 2.38 1.49 3.08 5.66 2.41 3.90 6.14 6.03 4.96 6.29 5.11 5.41 3.74 6.20 6.13 5.43 4.67 1.36 3.15 2.03 1.12 5.79 4.78 4.20 3.01 4.82 2.79 4.37 5.86 6.20 5.47 2.64 6.39 4.57 
7.35 10.04 5.32 4.51 9.06 6.05 7.37 5.17 0.65 9.75 7.81 7.90 1.01 5.14 6.62 8.18 7.36 5.79 7.24 6.15 11.71 4.29 4.71 1.22 8.60 5.47 5.83 9.11 9.79 7.67 7.29 1.41 6.36 3.95 9.60 9.91 6.52 3.43 4.86 6.90 5.22 3.73 9.48 3.97 3.55 1.53 3.13 6.57 3.67 7.79 7.54 9.01 4.45 7.67 4.20 
5.22 3.12 2.16 5.99 4.26 3.66 4.83 4.91 7.14 3.78 0.62 1.53 6.39 4.95 2.80 2.07 0.53 3.25 3.23 3.93 4.39 5.83 2.70 6.36 6.68 4.78 3.05 6.94 3.07 1.96 5.18 8.81 4.77 5.02 2.22 3.53 4.60 6.55 2.65 2.99 2.17 3.68 2.44 6.26 5.88 6.13 6.96 2.30 5.99 3.70 4.71 5.07 6.04 4.89 5.78 
4.41 4.15 4.49 8.55 6.41 6.29 7.39 7.52 9.08 5.47 2.01 1.36 8.21 5.29 5.42 1.03 2.27 5.88 2.61 6.56 4.16 8.37 4.85 8.04 9.18 7.40 3.60 9.39 4.36 1.55 4.39 10.60 4.50 5.92 1.87 5.00 4.26 7.42 4.96 5.57 4.29 5.68 3.57 6.95 6.78 7.76 7.91 4.92 6.82 2.59 3.77 7.35 8.59 3.88 6.43 
10.86 4.74 5.71 5.06 1.83 3.47 1.92 4.13 8.70 3.19 6.36 7.36 8.58 9.89 3.53 7.90 6.39 3.94 9.00 3.27 6.57 5.19 6.19 8.90 1.63 3.82 8.34 1.49 4.34 7.83 10.81 10.35 10.18 9.34 6.66 3.78 10.08 10.52 5.77 3.21 6.20 6.75 4.93 10.53 9.98 8.88 10.71 3.98 10.14 9.53 10.44 0.83 5.14 10.62 10.22 
4.50 3.89 1.90 5.98 4.93 3.90 5.25 5.00 6.69 4.54 0.93 1.27 5.89 4.17 3.17 1.78 0.47 3.43 2.55 4.19 5.06 5.79 2.31 5.81 7.13 4.92 2.27 7.44 3.85 1.49 4.45 8.31 4.00 4.28 2.73 4.31 3.84 5.82 2.37 3.41 1.74 3.22 3.21 5.51 5.15 5.56 6.25 2.65 5.25 3.09 4.02 5.68 6.02 4.20 5.02 
8.78 5.03 3.43 2.58 2.81 0.93 0.87 1.43 5.95 3.98 5.08 5.96 5.80 7.47 1.68 6.50 4.91 1.46 7.14 0.64 7.05 2.63 3.74 6.11 2.59 1.11 6.18 3.02 4.64 6.26 8.72 7.63 7.97 6.77 6.11 4.40 7.91 7.83 3.32 1.56 3.91 4.11 4.83 7.90 7.33 6.10 7.99 2.17 7.50 7.75 8.45 2.51 2.66 8.65 7.63 
3.71 5.20 1.68 5.68 5.87 4.16 5.72 4.92 5.66 5.70 2.24 2.12 4.79 2.92 3.69 2.42 1.79 3.63 2.14 4.45 6.39 5.45 1.67 4.64 7.61 4.92 1.16 7.98 5.12 1.93 3.65 7.19 3.00 2.95 4.01 5.54 2.90 4.48 1.96 4.00 1.23 2.31 4.52 4.18 3.81 4.37 4.91 3.21 3.92 2.78 3.37 6.48 5.70 3.56 3.70 
4.16 8.81 4.24 6.06 8.82 6.20 7.83 6.05 3.52 9.04 5.95 5.67 2.58 1.96 6.29 5.78 5.50 5.73 4.43 6.42 10.09 5.79 3.63 2.11 9.51 6.25 3.20 9.98 8.68 5.27 4.11 4.37 3.20 0.89 7.70 9.00 3.39 0.86 4.00 6.62 3.87 2.92 8.15 0.98 0.39 1.82 1.21 5.99 0.56 4.88 4.41 9.14 6.03 4.53 1.00 
4.65 3.45 2.73 6.73 5.01 4.49 5.67 5.69 7.55 4.37 0.32 0.70 6.75 4.70 3.64 1.24 0.45 4.06 2.61 4.76 4.35 6.56 3.17 6.65 7.51 5.58 2.79 7.77 3.49 1.22 4.60 9.17 4.32 4.98 1.92 4.04 4.13 6.52 3.21 3.83 2.61 4.08 2.76 6.16 5.85 6.40 6.97 3.14 5.94 3.01 4.09 5.86 6.77 4.25 5.66 
8.54 0.67 5.44 8.01 3.30 5.31 5.33 6.76 10.32 1.86 3.71 4.48 9.73 8.64 4.39 4.81 4.09 5.27 6.52 5.43 1.55 7.97 6.09 9.80 6.52 6.50 6.72 6.51 0.98 5.07 8.51 12.07 8.30 8.74 2.58 1.29 8.10 10.26 5.86 4.26 5.67 7.06 1.29 9.99 9.60 9.62 10.66 4.25 9.71 6.78 7.94 4.29 8.09 8.09 9.51 
5.00 3.09 3.40 7.31 5.05 4.94 5.99 6.22 8.27 4.22 0.72 0.95 7.47 5.30 4.04 1.29 1.14 4.56 2.98 5.20 3.72 7.15 3.87 7.38 7.77 6.09 3.40 7.99 3.21 1.53 4.97 9.89 4.80 5.65 1.24 3.81 4.59 7.19 3.89 4.18 3.31 4.80 2.43 6.82 6.53 7.12 7.65 3.56 6.61 3.25 4.41 5.97 7.36 4.55 6.31 
10.15 5.53 4.80 3.24 2.77 2.31 0.80 2.44 6.98 4.18 6.21 7.14 6.96 8.86 2.86 7.69 6.10 2.84 8.46 2.02 7.52 3.39 5.13 7.32 1.20 2.16 7.56 1.65 5.11 7.50 10.09 8.58 9.35 8.15 6.99 4.71 9.29 9.16 4.71 2.64 5.29 5.48 5.49 9.26 8.68 7.34 9.30 3.38 8.85 9.06 9.81 2.01 3.32 10.00 9.01 
2.56 9.93 6.17 8.90 10.72 8.53 10.19 8.71 6.41 10.58 6.78 6.09 5.52 2.00 8.36 5.92 6.42 8.01 4.15 8.80 10.72 8.63 5.71 5.03 12.00 8.85 3.81 12.44 9.92 5.52 2.55 6.92 2.26 2.73 8.22 10.38 2.49 2.60 6.13 8.69 5.69 5.37 9.24 2.06 2.58 4.76 2.98 7.95 2.42 4.21 3.15 11.24 8.88 3.14 1.99 
7.64 2.04 5.81 9.09 4.98 6.41 6.79 7.86 10.83 3.59 3.41 3.80 10.11 8.19 5.43 3.94 3.86 6.23 5.72 6.59 0.90 9.00 6.41 10.08 8.18 7.64 6.31 8.22 2.45 4.34 7.62 12.52 7.60 8.55 1.66 3.00 7.38 10.09 6.29 5.39 5.89 7.39 2.06 9.72 9.42 9.86 10.54 5.13 9.51 5.82 7.01 5.99 9.15 7.12 9.21 
3.95 5.32 1.40 5.31 5.78 3.90 5.49 4.58 5.28 5.71 2.49 2.48 4.42 2.94 3.50 2.80 2.03 3.36 2.50 4.19 6.61 5.08 1.29 4.30 7.37 4.60 1.36 7.76 5.22 2.32 3.89 6.84 3.18 2.80 4.28 5.59 3.10 4.31 1.61 3.82 0.92 1.91 4.66 4.05 3.65 4.04 4.72 3.05 3.76 3.14 3.66 6.34 5.33 3.85 3.60 
1.72 9.42 5.99 9.06 10.42 8.43 10.08 8.75 6.90 10.17 6.26 5.49 5.97 1.90 8.16 5.27 5.94 7.90 3.49 8.71 10.08 8.79 5.60 5.50 11.92 8.87 3.41 12.34 9.44 4.91 1.72 7.57 1.65 2.94 7.60 9.94 1.85 3.21 6.02 8.48 5.50 5.41 8.73 2.62 3.03 5.21 3.66 7.71 2.90 3.46 2.34 11.01 9.05 2.31 2.39 
7.41 0.67 4.19 7.07 3.08 4.37 4.73 5.83 9.12 1.89 2.49 3.35 8.50 7.39 3.40 3.75 2.84 4.24 5.38 4.53 2.34 6.99 4.83 8.55 6.20 5.59 5.48 6.29 0.76 3.94 7.37 10.86 7.10 7.46 1.83 1.39 6.91 8.98 4.62 3.33 4.40 5.81 0.03 8.71 8.31 8.36 9.37 3.16 8.43 5.70 6.84 4.09 7.13 6.99 8.23 
6.88 1.24 3.69 6.78 3.25 4.11 4.67 5.56 8.66 2.25 1.94 2.84 8.01 6.82 3.13 3.26 2.28 3.92 4.85 4.30 2.74 6.68 4.32 8.04 6.26 5.34 4.91 6.39 1.25 3.42 6.84 10.38 6.55 6.90 1.60 1.83 6.36 8.42 4.14 3.11 3.87 5.30 0.55 8.14 7.75 7.84 8.82 2.82 7.87 5.19 6.31 4.23 6.84 6.47 7.67 
6.39 1.77 3.22 6.53 3.48 3.92 4.66 5.33 8.22 2.65 1.44 2.38 7.55 6.29 2.94 2.84 1.75 3.66 4.36 4.13 3.17 6.42 3.85 7.56 6.34 5.14 4.38 6.52 1.76 2.94 6.35 9.94 6.03 6.37 1.57 2.29 5.85 7.89 3.69 2.98 3.38 4.83 1.09 7.61 7.23 7.36 8.30 2.56 7.34 4.73 5.83 4.43 6.59 5.99 7.13 
7.43 9.72 5.04 4.05 8.65 5.65 6.93 4.72 0.19 9.38 7.60 7.74 0.89 5.24 6.25 8.05 7.15 5.40 7.20 5.73 11.43 3.83 4.46 1.27 8.14 5.02 5.77 8.65 9.46 7.54 7.38 1.68 6.44 4.03 9.37 9.56 6.58 3.68 4.58 6.51 4.99 3.49 9.18 4.19 3.72 1.58 3.43 6.21 3.86 7.77 7.58 8.58 3.98 7.73 4.37 
10.47 4.66 5.28 4.62 1.72 3.00 1.45 3.66 8.23 3.16 6.06 7.06 8.11 9.45 3.11 7.59 6.06 3.48 8.64 2.80 6.56 4.74 5.74 8.42 1.51 3.35 7.94 1.53 4.25 7.50 10.42 9.88 9.78 8.89 6.47 3.74 9.68 10.05 5.32 2.79 5.77 6.28 4.79 10.07 9.51 8.40 10.24 3.57 9.68 9.18 10.06 0.73 4.70 10.25 9.76 
8.79 3.26 3.77 4.51 0.97 2.04 1.58 3.30 7.57 2.05 4.29 5.28 7.25 7.92 1.63 5.82 4.29 2.32 6.90 2.01 5.27 4.53 4.32 7.48 3.07 2.99 6.30 3.24 2.85 5.73 8.73 9.31 8.14 7.50 4.79 2.50 8.03 8.78 3.92 1.30 4.24 5.03 3.22 8.73 8.20 7.40 9.04 1.98 8.35 7.43 8.35 1.34 4.59 8.53 8.37 
7.61 2.79 6.32 9.75 5.73 7.09 7.53 8.53 11.32 4.34 3.78 3.99 10.56 8.36 6.10 4.03 4.24 6.88 5.78 7.28 1.31 9.64 6.88 10.51 8.93 8.32 6.52 8.98 3.20 4.48 7.59 12.98 7.67 8.81 1.98 3.75 7.43 10.35 6.80 6.08 6.35 7.85 2.78 9.94 9.68 10.27 10.82 5.78 9.76 5.79 6.97 6.75 9.81 7.06 9.43 
10.80 4.13 5.83 5.73 1.42 3.83 2.48 4.70 9.24 2.56 6.12 7.12 9.05 9.99 3.66 7.64 6.20 4.23 8.87 3.68 5.87 5.83 6.37 9.33 2.48 4.39 8.35 2.29 3.76 7.62 10.75 10.92 10.19 9.54 6.20 3.15 10.07 10.79 5.96 3.33 6.30 7.03 4.42 10.76 10.22 9.28 11.02 4.05 10.38 9.37 10.34 0.81 5.81 10.52 10.42 
8.16 11.26 6.53 5.46 10.22 7.21 8.47 6.25 1.69 10.95 9.00 9.05 2.21 5.97 7.82 9.31 8.54 6.97 8.26 7.30 12.92 5.26 5.92 2.30 9.58 6.55 6.88 10.10 11.00 8.79 8.11 0.40 7.21 4.82 10.79 11.12 7.39 3.97 6.08 8.09 6.43 4.93 10.70 4.57 4.27 2.58 3.55 7.78 4.35 8.78 8.42 10.14 5.39 8.54 4.90 
8.77 2.01 4.30 5.82 0.95 3.22 2.92 4.59 8.65 0.70 3.92 4.92 8.22 8.24 2.50 5.42 4.07 3.35 6.78 3.25 3.97 5.82 4.93 8.40 4.14 4.29 6.46 4.19 1.60 5.45 8.72 10.40 8.26 8.01 3.91 1.16 8.11 9.40 4.58 2.24 4.69 5.78 2.16 9.27 8.78 8.28 9.71 2.61 8.92 7.23 8.26 1.97 5.90 8.44 8.85 
8.64 3.00 3.71 4.70 0.93 2.16 1.84 3.47 7.67 1.83 4.08 5.07 7.32 7.84 1.62 5.61 4.10 2.39 6.74 2.16 5.01 4.71 4.28 7.53 3.32 3.17 6.18 3.48 2.58 5.54 8.59 9.41 8.02 7.45 4.53 2.26 7.90 8.76 3.90 1.31 4.17 5.03 2.95 8.69 8.17 7.44 9.03 1.92 8.32 7.26 8.19 1.50 4.78 8.38 8.32 
1.27 8.47 5.05 8.29 9.45 7.52 9.15 7.91 6.46 9.20 5.31 4.58 5.50 1.15 7.21 4.39 4.98 6.98 2.62 7.80 9.20 8.03 4.70 5.06 11.01 8.01 2.44 11.42 8.48 4.01 1.23 7.33 0.73 2.33 6.70 8.97 0.96 3.07 5.11 7.53 4.56 4.59 7.78 2.45 2.69 4.75 3.57 6.76 2.61 2.70 1.74 10.05 8.29 1.78 2.06 
0.85 8.72 5.62 8.99 9.90 8.10 9.72 8.56 7.19 9.55 5.57 4.75 6.23 1.88 7.74 4.49 5.29 7.57 2.71 8.39 9.29 8.73 5.31 5.80 11.60 8.65 2.90 11.99 8.76 4.16 0.84 8.03 1.06 3.07 6.82 9.28 1.18 3.72 5.71 8.05 5.12 5.27 8.04 3.11 3.40 5.49 4.21 7.27 3.31 2.61 1.47 10.54 8.99 1.43 2.75 
8.21 0.60 5.26 7.99 3.47 5.29 5.42 6.75 10.18 2.05 3.41 4.15 9.57 8.35 4.34 4.46 3.80 5.21 6.19 5.42 1.43 7.94 5.90 9.62 6.69 6.49 6.43 6.70 1.00 4.74 8.17 11.92 7.98 8.48 2.23 1.46 7.78 10.01 5.69 4.23 5.46 6.88 1.07 9.72 9.34 9.43 10.41 4.16 9.45 6.44 7.61 4.47 8.06 7.75 9.24 
8.56 2.25 3.95 5.43 0.92 2.82 2.60 4.19 8.24 1.09 3.79 4.79 7.83 7.95 2.09 5.31 3.90 2.95 6.59 2.86 4.25 5.42 4.57 8.01 3.95 3.90 6.20 4.05 1.84 5.30 8.51 9.99 8.01 7.68 3.96 1.49 7.87 9.06 4.22 1.83 4.36 5.41 2.28 8.93 8.44 7.89 9.36 2.23 8.58 7.07 8.07 1.87 5.50 8.25 8.53 
4.55 4.27 1.30 5.42 4.93 3.51 4.96 4.49 6.06 4.72 1.54 1.86 5.27 3.90 2.89 2.32 1.08 3.00 2.74 3.80 5.58 5.22 1.67 5.20 6.86 4.44 2.10 7.20 4.17 1.95 4.49 7.69 3.92 3.85 3.33 4.56 3.79 5.37 1.75 3.17 1.11 2.58 3.60 5.11 4.70 4.97 5.77 2.38 4.82 3.34 4.13 5.58 5.45 4.32 4.64 
2.85 5.24 3.71 7.83 6.90 5.98 7.36 6.96 7.72 6.27 2.23 1.25 6.79 3.55 5.27 0.90 2.12 5.48 0.89 6.27 5.71 7.61 3.85 6.56 9.24 6.92 1.97 9.54 5.34 0.70 2.82 9.13 2.78 4.25 3.24 5.91 2.55 5.71 4.09 5.52 3.35 4.49 4.57 5.23 5.08 6.27 6.22 4.76 5.12 1.11 2.25 7.72 7.85 2.40 4.71 
7.72 9.43 4.86 3.45 8.21 5.20 6.42 4.19 0.44 9.01 7.48 7.70 1.19 5.55 5.87 8.04 7.04 5.00 7.32 5.27 11.20 3.24 4.31 1.67 7.56 4.50 5.88 8.07 9.15 7.55 7.66 2.06 6.71 4.34 9.22 9.21 6.84 4.17 4.37 6.11 4.86 3.38 8.92 4.65 4.14 1.96 3.96 5.88 4.29 7.92 7.82 8.09 3.38 7.98 4.78 
5.06 3.02 3.32 7.22 4.95 4.84 5.88 6.12 8.21 4.13 0.64 1.00 7.42 5.31 3.93 1.37 1.07 4.46 3.04 5.10 3.71 7.06 3.80 7.33 7.66 5.99 3.41 7.88 3.13 1.59 5.03 9.84 4.84 5.64 1.25 3.72 4.63 7.19 3.81 4.07 3.25 4.74 2.35 6.82 6.52 7.08 7.64 3.45 6.60 3.32 4.47 5.86 7.26 4.62 6.31 
6.63 1.47 3.55 6.78 3.45 4.14 4.78 5.57 8.55 2.50 1.69 2.58 7.88 6.59 3.15 3.01 2.04 3.91 4.59 4.34 2.84 6.68 4.18 7.90 6.41 5.36 4.68 6.56 1.51 3.16 6.59 10.26 6.30 6.69 1.44 2.09 6.11 8.22 4.02 3.17 3.71 5.17 0.78 7.93 7.55 7.69 8.62 2.81 7.66 4.94 6.06 4.43 6.84 6.22 7.45 
8.78 7.89 4.23 0.74 6.03 3.22 3.97 1.83 3.17 7.10 6.82 7.38 3.45 6.87 4.13 7.85 6.47 3.28 7.75 3.15 9.85 0.61 4.00 3.92 4.86 2.14 6.41 5.38 7.54 7.45 8.72 4.64 7.80 5.80 8.33 7.44 7.85 6.26 3.79 4.27 4.51 3.54 7.53 6.57 5.99 4.06 6.22 4.37 6.16 8.39 8.68 5.70 0.66 8.87 6.51 
8.83 7.98 4.31 0.80 6.12 3.31 4.05 1.92 3.13 7.19 6.90 7.46 3.44 6.91 4.22 7.93 6.55 3.37 7.81 3.24 9.94 0.69 4.07 3.91 4.92 2.22 6.46 5.43 7.63 7.52 8.77 4.59 7.85 5.83 8.42 7.52 7.90 6.27 3.87 4.36 4.59 3.60 7.61 6.59 6.00 4.06 6.22 4.46 6.18 8.46 8.74 5.78 0.72 8.92 6.53 
3.21 9.98 5.90 8.27 10.51 8.15 9.81 8.18 5.57 10.50 6.88 6.29 4.71 1.93 8.07 6.20 6.48 7.64 4.49 8.40 10.93 8.00 5.38 4.21 11.57 8.35 3.85 12.02 9.93 5.76 3.19 6.01 2.65 2.23 8.44 10.35 2.90 1.73 5.79 8.41 5.45 4.90 9.30 1.26 1.84 3.95 2.07 7.70 1.66 4.67 3.73 10.96 8.24 3.76 1.37 
9.35 7.05 4.27 0.75 4.84 2.42 2.64 1.04 4.62 6.05 6.57 7.29 4.78 7.64 3.40 7.81 6.29 2.71 8.04 2.23 9.06 0.97 4.27 5.21 3.38 1.20 6.82 3.89 6.66 7.47 9.29 6.12 8.42 6.69 7.86 6.45 8.43 7.39 3.94 3.43 4.67 4.14 6.78 7.62 7.03 5.30 7.42 3.78 7.20 8.68 9.16 4.37 0.82 9.35 7.48 
0.90 8.71 5.55 8.91 9.85 8.04 9.66 8.49 7.10 9.52 5.55 4.74 6.14 1.79 7.68 4.49 5.26 7.50 2.71 8.32 9.29 8.64 5.24 5.70 11.53 8.58 2.85 11.93 8.74 4.15 0.89 7.94 1.01 2.98 6.82 9.26 1.15 3.63 5.65 8.00 5.06 5.19 8.02 3.01 3.31 5.39 4.12 7.22 3.21 2.63 1.51 10.49 8.90 1.48 2.66 
7.93 4.45 2.59 2.95 2.73 0.29 1.52 1.70 5.81 3.63 4.20 5.06 5.52 6.71 0.82 5.60 4.01 0.69 6.25 0.39 6.45 2.92 2.98 5.77 3.39 1.45 5.34 3.78 4.08 5.36 7.87 7.55 7.15 6.10 5.30 3.95 7.08 7.26 2.56 0.81 3.09 3.49 4.16 7.28 6.72 5.71 7.47 1.28 6.89 6.86 7.59 2.77 3.02 7.78 6.97 
10.08 6.43 4.77 2.21 3.84 2.38 1.62 1.77 6.06 5.20 6.63 7.48 6.16 8.58 3.23 8.02 6.44 2.87 8.56 2.09 8.45 2.40 4.96 6.56 1.92 1.61 7.50 2.44 6.02 7.77 10.02 7.58 9.22 7.75 7.65 5.69 9.19 8.60 4.56 3.11 5.24 5.09 6.30 8.77 8.18 6.62 8.68 3.72 8.36 9.18 9.81 3.17 2.28 10.00 8.58 
2.00 8.42 4.63 7.63 9.16 7.03 8.69 7.31 5.67 9.03 5.29 4.67 4.71 0.47 6.82 4.58 4.91 6.51 2.88 7.31 9.31 7.36 4.20 4.27 10.52 7.43 2.27 10.94 8.39 4.14 1.95 6.54 1.15 1.56 6.82 8.84 1.38 2.33 4.62 7.15 4.15 3.97 7.73 1.73 1.91 3.96 2.84 6.39 1.84 3.12 2.36 9.69 7.61 2.44 1.29 
9.23 6.84 4.11 0.85 4.65 2.22 2.47 0.86 4.68 5.85 6.38 7.12 4.81 7.56 3.20 7.63 6.11 2.52 7.89 2.03 8.85 1.03 4.13 5.22 3.30 1.00 6.69 3.81 6.46 7.30 9.17 6.22 8.31 6.62 7.67 6.25 8.31 7.36 3.79 3.23 4.52 4.05 6.58 7.58 6.98 5.30 7.40 3.58 7.16 8.53 9.03 4.20 0.93 9.22 7.42 
0.12 7.95 5.24 8.89 9.30 7.74 9.31 8.34 7.50 8.86 4.83 3.95 6.52 2.17 7.27 3.64 4.59 7.20 1.91 8.03 8.42 8.64 5.03 6.13 11.21 8.40 2.48 11.57 8.01 3.36 0.09 8.50 0.95 3.37 5.97 8.56 0.85 4.31 5.41 7.57 4.76 5.17 7.27 3.71 3.88 5.81 4.82 6.79 3.82 1.71 0.54 10.00 8.90 0.52 3.27 
6.40 1.66 3.65 7.03 3.81 4.42 5.12 5.84 8.67 2.82 1.53 2.34 7.97 6.47 3.44 2.73 1.93 4.17 4.37 4.63 2.76 6.92 4.26 7.96 6.76 5.64 4.55 6.91 1.77 2.93 6.37 10.36 6.12 6.64 1.10 2.38 5.93 8.17 4.13 3.47 3.77 5.25 0.99 7.86 7.50 7.75 8.59 3.07 7.61 4.68 5.82 4.78 7.09 5.98 7.38 
4.26 4.03 2.12 6.23 5.19 4.19 5.54 5.26 6.81 4.75 0.94 1.03 5.98 4.03 3.45 1.52 0.52 3.71 2.29 4.47 5.09 6.03 2.48 5.88 7.42 5.19 2.12 7.72 4.01 1.20 4.21 8.40 3.80 4.23 2.70 4.50 3.63 5.77 2.58 3.70 1.92 3.35 3.34 5.43 5.10 5.63 6.21 2.93 5.20 2.81 3.76 5.95 6.26 3.94 4.94 
4.91 9.84 5.20 6.47 9.71 6.97 8.57 6.65 3.32 10.01 7.01 6.73 2.56 2.82 7.17 6.83 6.56 6.53 5.43 7.18 11.15 6.20 4.56 2.05 10.16 6.88 4.25 10.65 9.69 6.32 4.87 3.74 4.03 1.92 8.76 9.99 4.24 0.62 4.91 7.49 4.86 3.75 9.19 1.23 1.09 1.86 0.30 6.91 1.10 5.84 5.25 9.96 6.43 5.35 1.63 
4.61 3.66 3.97 7.98 5.81 5.68 6.76 6.93 8.69 4.91 1.40 0.95 7.84 5.23 4.80 0.90 1.71 5.28 2.67 5.95 3.93 7.81 4.37 7.70 8.55 6.81 3.42 8.77 3.84 1.35 4.59 10.25 4.56 5.74 1.48 4.46 4.33 7.26 4.44 4.95 3.81 5.24 3.05 6.84 6.61 7.43 7.75 4.31 6.67 2.80 3.99 6.74 8.03 4.11 6.32 
7.06 1.75 3.07 5.81 2.53 3.13 3.69 4.58 7.91 1.95 2.19 3.19 7.33 6.68 2.14 3.70 2.35 2.97 5.05 3.31 3.61 5.73 3.72 7.41 5.35 4.35 4.83 5.52 1.51 3.72 7.01 9.65 6.59 6.58 2.52 1.79 6.43 8.05 3.47 2.11 3.36 4.68 1.28 7.84 7.40 7.24 8.41 1.89 7.53 5.50 6.54 3.45 5.88 6.71 7.40 
5.27 2.81 2.96 6.78 4.53 4.37 5.40 5.67 7.92 3.78 0.39 1.24 7.15 5.33 3.46 1.71 0.84 4.00 3.24 4.63 3.76 6.63 3.49 7.09 7.19 5.53 3.42 7.42 2.86 1.81 5.23 9.57 4.97 5.56 1.44 3.42 4.77 7.10 3.45 3.60 2.94 4.44 2.12 6.77 6.43 6.85 7.54 2.98 6.53 3.60 4.71 5.42 6.83 4.87 6.27 
1.41 9.29 6.05 9.27 10.41 8.52 10.16 8.91 7.24 10.10 6.14 5.33 6.30 2.09 8.20 5.07 5.84 7.98 3.30 8.80 9.88 9.00 5.70 5.84 12.02 9.01 3.39 12.42 9.33 4.74 1.41 7.95 1.57 3.20 7.41 9.84 1.72 3.60 6.12 8.52 5.56 5.58 8.60 3.00 3.38 5.54 4.06 7.74 3.26 3.20 2.04 11.03 9.26 1.98 2.73 
8.35 7.50 3.76 0.80 5.75 2.86 3.77 1.56 3.14 6.76 6.35 6.91 3.28 6.48 3.74 7.37 5.99 2.87 7.28 2.82 9.43 0.54 3.53 3.72 4.83 1.87 5.95 5.35 7.15 6.97 8.29 4.72 7.38 5.43 7.88 7.07 7.42 5.98 3.32 3.90 4.04 3.10 7.11 6.26 5.67 3.83 5.97 3.94 5.84 7.93 8.24 5.49 0.76 8.42 6.17 
6.39 2.39 2.39 5.53 3.08 2.94 3.83 4.34 7.32 2.68 1.66 2.66 6.70 5.94 1.97 3.19 1.72 2.66 4.41 3.17 4.08 5.41 3.04 6.75 5.61 4.15 4.10 5.84 2.20 3.14 6.34 9.05 5.88 5.84 2.52 2.54 5.73 7.32 2.82 2.06 2.64 4.01 1.81 7.10 6.67 6.57 7.69 1.57 6.79 4.89 5.89 3.90 5.58 6.07 6.66 
5.26 9.90 5.20 6.22 9.65 6.86 8.43 6.46 2.96 10.01 7.13 6.91 2.24 3.13 7.10 7.03 6.68 6.44 5.69 7.05 11.27 5.95 4.56 1.74 9.98 6.70 4.46 10.47 9.74 6.52 5.21 3.36 4.36 2.15 8.90 10.01 4.56 1.00 4.89 7.43 4.89 3.70 9.26 1.60 1.39 1.58 0.64 6.87 1.43 6.12 5.58 9.87 6.17 5.69 1.98 
11.30 6.28 5.95 3.96 3.37 3.46 1.90 3.40 7.81 4.82 7.29 8.24 7.89 10.00 3.99 8.79 7.21 4.00 9.60 3.17 8.22 4.16 6.27 8.28 0.22 3.17 8.71 0.70 5.87 8.62 11.24 9.33 10.51 9.26 7.94 5.39 10.45 10.23 5.86 3.74 6.44 6.59 6.35 10.35 9.76 8.32 10.34 4.51 9.94 10.20 10.96 2.41 4.03 11.15 10.11 
5.89 4.53 0.55 3.81 4.13 1.97 3.56 2.85 5.14 4.41 2.82 3.44 4.54 4.72 1.65 3.94 2.47 1.43 4.28 2.26 6.26 3.63 1.08 4.63 5.44 2.80 3.30 5.83 4.29 3.60 5.83 6.87 5.10 4.24 4.41 4.47 5.03 5.56 0.71 1.98 1.04 1.93 3.99 5.48 4.96 4.47 5.86 1.29 5.11 4.91 5.56 4.54 3.85 5.76 5.11 
9.96 5.78 4.61 2.75 3.13 2.12 0.95 2.01 6.52 4.51 6.22 7.12 6.53 8.59 2.82 7.67 6.08 2.65 8.34 1.83 7.80 2.91 4.89 6.90 1.53 1.76 7.37 2.02 5.37 7.45 9.90 8.11 9.14 7.84 7.12 5.01 9.09 8.80 4.48 2.64 5.10 5.17 5.70 8.93 8.34 6.93 8.92 3.33 8.52 8.95 9.65 2.45 2.83 9.84 8.69 
7.57 8.34 3.93 2.37 7.01 4.01 5.21 3.00 1.58 7.84 6.60 6.95 1.72 5.51 4.70 7.34 6.18 3.83 6.86 4.06 10.16 2.13 3.46 2.20 6.42 3.30 5.44 6.93 8.04 6.87 7.51 3.26 6.56 4.35 8.30 8.07 6.65 4.60 3.44 4.94 4.02 2.66 7.85 4.97 4.40 2.36 4.52 4.75 4.57 7.49 7.57 6.89 2.31 7.74 4.97 
11.79 6.13 6.49 4.85 3.20 4.04 2.38 4.21 8.69 4.59 7.53 8.51 8.73 10.61 4.40 9.05 7.50 4.57 10.01 3.78 7.97 5.04 6.87 9.10 0.73 3.96 9.22 0.22 5.73 8.93 11.73 10.23 11.04 9.94 7.98 5.18 10.96 10.97 6.45 4.11 6.98 7.27 6.29 11.06 10.48 9.13 11.11 4.90 10.66 10.58 11.41 2.18 4.93 11.60 10.80 
11.11 5.22 5.89 4.86 2.29 3.54 1.91 4.02 8.59 3.68 6.72 7.71 8.53 10.05 3.73 8.25 6.72 4.04 9.29 3.31 7.07 5.01 6.33 8.86 1.16 3.73 8.57 0.99 4.82 8.15 11.06 10.20 10.40 9.46 7.10 4.27 10.31 10.58 5.90 3.42 6.38 6.83 5.39 10.62 10.06 8.86 10.75 4.21 10.23 9.84 10.71 1.27 4.94 10.90 10.33 
2.26 5.80 3.75 7.80 7.31 6.14 7.60 7.01 7.38 6.76 2.71 1.80 6.44 2.96 5.51 1.53 2.52 5.62 0.25 6.43 6.34 7.57 3.78 6.17 9.49 7.00 1.56 9.81 5.88 1.21 2.23 8.73 2.15 3.74 3.86 6.43 1.91 5.16 4.07 5.78 3.34 4.30 5.13 4.65 4.55 5.87 5.67 5.00 4.57 0.70 1.69 8.08 7.82 1.86 4.13 
12.00 6.19 6.72 5.12 3.28 4.28 2.62 4.48 8.96 4.64 7.69 8.68 9.00 10.85 4.61 9.22 7.68 4.81 10.21 4.02 8.00 5.32 7.11 9.37 1.00 4.23 9.44 0.48 5.79 9.11 11.94 10.50 11.26 10.19 8.09 5.23 11.18 11.23 6.69 4.32 7.21 7.53 6.38 11.32 10.74 9.40 11.37 5.11 10.91 10.77 11.62 2.26 5.20 11.81 11.05 
7.33 5.06 2.00 2.49 3.67 0.72 2.35 1.37 4.89 4.44 4.16 4.89 4.56 5.94 1.32 5.42 3.89 0.43 5.80 0.93 6.99 2.37 2.22 4.81 4.12 1.28 4.73 4.56 4.73 5.10 7.26 6.63 6.48 5.24 5.53 4.69 6.44 6.34 1.82 1.54 2.47 2.59 4.67 6.39 5.81 4.75 6.53 1.50 5.98 6.43 7.04 3.73 2.54 7.24 6.10 
6.29 4.56 0.94 3.48 3.88 1.56 3.17 2.46 5.10 4.30 3.13 3.80 4.56 5.08 1.35 4.31 2.81 1.02 4.70 1.85 6.36 3.31 1.36 4.70 5.04 2.40 3.70 5.44 4.29 3.98 6.23 6.85 5.50 4.54 4.63 4.41 5.43 5.80 0.95 1.68 1.43 2.08 4.06 5.76 5.22 4.57 6.07 1.10 5.38 5.32 5.98 4.23 3.52 6.17 5.41 
2.96 7.83 3.62 6.39 8.23 5.92 7.58 6.11 4.59 8.25 4.82 4.41 3.61 0.82 5.80 4.47 4.39 5.40 3.06 6.18 8.96 6.12 3.12 3.22 9.38 6.24 1.90 9.82 7.75 3.97 2.90 5.66 1.96 0.49 6.51 8.14 2.11 1.95 3.54 6.13 3.17 2.76 7.16 1.55 1.30 2.90 2.44 5.42 1.36 3.51 3.12 8.69 6.37 3.26 1.06 
8.82 5.47 3.49 2.12 3.27 1.08 1.22 1.01 5.58 4.44 5.35 6.19 5.48 7.41 1.98 6.73 5.15 1.56 7.26 0.80 7.49 2.18 3.72 5.82 2.69 0.70 6.23 3.17 5.08 6.46 8.76 7.24 7.98 6.65 6.46 4.85 7.94 7.64 3.31 1.93 3.96 3.98 5.25 7.75 7.16 5.83 7.77 2.44 7.34 7.88 8.53 2.93 2.20 8.72 7.50 
3.22 6.70 2.54 5.78 7.12 4.94 6.59 5.31 4.74 7.11 3.74 3.45 3.78 1.64 4.73 3.60 3.29 4.41 2.53 5.22 7.89 5.52 2.11 3.51 8.43 5.41 1.11 8.85 6.61 3.09 3.15 6.08 2.26 1.43 5.47 6.99 2.28 2.97 2.53 5.06 2.07 2.05 6.03 2.67 2.30 3.21 3.42 4.32 2.40 3.11 3.14 7.61 5.78 3.32 2.20 
0.60 7.52 5.06 8.85 8.98 7.55 9.09 8.23 7.67 8.48 4.43 3.52 6.70 2.44 7.03 3.18 4.22 7.01 1.52 7.84 7.94 8.60 4.91 6.33 10.99 8.27 2.34 11.34 7.60 2.93 0.59 8.75 1.20 3.59 5.50 8.16 1.01 4.66 5.28 7.32 4.59 5.15 6.85 4.06 4.18 6.01 5.17 6.53 4.14 1.23 0.04 9.71 8.85 0.18 3.60 
5.33 6.74 1.96 3.71 6.25 3.51 5.14 3.44 3.15 6.66 4.44 4.63 2.38 3.48 3.70 4.98 3.99 3.06 4.44 3.73 8.34 3.44 1.33 2.40 6.83 3.60 3.03 7.30 6.52 4.49 5.26 4.79 4.35 2.55 6.22 6.73 4.39 3.54 1.55 4.02 1.84 0.34 6.15 3.61 3.03 2.22 3.74 3.49 3.20 5.07 5.25 6.48 3.70 5.43 3.38 
6.12 6.00 1.49 2.91 5.19 2.37 3.99 2.38 3.66 5.73 4.17 4.60 3.11 4.47 2.66 5.04 3.77 1.94 4.91 2.58 7.75 2.66 1.15 3.28 5.70 2.51 3.62 6.16 5.74 4.61 6.05 5.40 5.19 3.65 5.85 5.86 5.19 4.68 1.00 2.96 1.68 0.98 5.47 4.75 4.17 3.17 4.87 2.53 4.35 5.56 5.94 5.36 2.92 6.13 4.50 
1.66 6.91 3.71 7.36 7.95 6.21 7.81 6.79 6.26 7.65 3.75 3.06 5.28 1.43 5.80 2.95 3.42 5.67 1.30 6.50 7.70 7.10 3.48 4.95 9.69 6.85 0.96 10.07 6.92 2.51 1.60 7.45 0.90 2.32 5.21 7.41 0.79 3.66 3.86 6.11 3.22 3.64 6.22 3.13 3.07 4.63 4.17 5.32 3.08 1.68 1.50 8.59 7.36 1.68 2.62 
8.28 1.57 4.03 5.97 1.49 3.30 3.26 4.72 8.58 0.79 3.40 4.39 8.10 7.85 2.45 4.88 3.58 3.34 6.28 3.38 3.59 5.94 4.67 8.24 4.62 4.44 6.03 4.70 1.16 4.93 8.24 10.33 7.80 7.68 3.35 0.93 7.65 9.11 4.35 2.25 4.38 5.57 1.62 8.94 8.47 8.10 9.44 2.45 8.61 6.71 7.76 2.50 6.04 7.94 8.51 
1.92 9.12 5.45 8.41 9.95 7.86 9.51 8.13 6.23 9.78 5.96 5.27 5.30 1.29 7.63 5.11 5.61 7.33 3.34 8.13 9.90 8.13 5.03 4.83 11.35 8.25 3.00 11.77 9.10 4.70 1.89 6.95 1.46 2.26 7.40 9.58 1.70 2.60 5.45 7.96 4.97 4.78 8.42 1.99 2.37 4.53 3.07 7.20 2.25 3.44 2.45 10.50 8.39 2.47 1.72 
3.59 5.67 1.77 5.55 6.19 4.27 5.88 4.89 5.24 6.10 2.74 2.59 4.35 2.53 3.90 2.84 2.29 3.73 2.27 4.56 6.89 5.31 1.57 4.18 7.76 4.92 1.01 8.14 5.58 2.34 3.53 6.74 2.79 2.46 4.51 5.97 2.72 3.99 1.93 4.23 1.28 2.00 4.99 3.70 3.32 3.90 4.41 3.45 3.43 2.92 3.33 6.75 5.57 3.53 3.23 
4.56 3.53 2.75 6.78 5.10 4.55 5.75 5.74 7.55 4.46 0.41 0.61 6.74 4.64 3.72 1.16 0.50 4.12 2.52 4.83 4.40 6.60 3.18 6.64 7.59 5.64 2.72 7.86 3.58 1.12 4.52 9.16 4.24 4.93 1.96 4.13 4.05 6.47 3.23 3.91 2.62 4.08 2.85 6.11 5.80 6.38 6.92 3.21 5.89 2.91 4.00 5.95 6.82 4.16 5.61 
9.71 3.77 4.64 4.73 0.87 2.63 1.48 3.62 8.10 2.31 5.18 6.18 7.87 8.81 2.46 6.71 5.21 3.02 7.82 2.50 5.71 4.81 5.16 8.13 2.38 3.30 7.21 2.46 3.36 6.64 9.65 9.80 9.05 8.33 5.54 2.87 8.94 9.58 4.75 2.12 5.11 5.81 3.87 9.55 9.01 8.08 9.81 2.87 9.17 8.35 9.27 0.43 4.82 9.46 9.21 
6.83 1.24 3.93 7.12 3.55 4.46 5.02 5.90 8.92 2.47 1.95 2.76 8.25 6.88 3.48 3.14 2.33 4.26 4.79 4.66 2.47 7.02 4.55 8.27 6.60 5.69 4.97 6.72 1.37 3.35 6.79 10.64 6.54 7.02 1.29 1.99 6.35 8.55 4.39 3.47 4.08 5.54 0.58 8.26 7.88 8.06 8.96 3.15 7.99 5.10 6.25 4.55 7.18 6.40 7.77 
9.46 2.28 4.99 6.21 0.87 3.72 3.11 5.00 9.21 0.71 4.58 5.57 8.83 8.95 3.09 6.05 4.75 3.92 7.46 3.70 4.08 6.23 5.61 9.02 4.01 4.69 7.16 3.98 1.91 6.11 9.41 10.96 8.96 8.70 4.40 1.30 8.81 10.09 5.25 2.81 5.39 6.44 2.60 9.96 9.47 8.91 10.39 3.26 9.61 7.90 8.94 1.77 6.29 9.12 9.55 
6.03 2.22 2.79 6.24 3.63 3.70 4.59 5.08 7.80 2.96 1.10 2.10 7.11 5.85 2.74 2.59 1.34 3.39 4.01 3.93 3.60 6.12 3.41 7.12 6.34 4.90 3.95 6.55 2.17 2.63 5.99 9.51 5.63 5.91 1.78 2.66 5.46 7.43 3.27 2.83 2.93 4.39 1.54 7.16 6.77 6.91 7.84 2.31 6.88 4.42 5.49 4.53 6.30 5.66 6.68 
8.26 1.22 4.20 6.30 1.77 3.62 3.61 5.05 8.84 0.73 3.33 4.30 8.34 7.92 2.75 4.77 3.55 3.64 6.24 3.71 3.23 6.27 4.85 8.46 4.95 4.78 6.07 5.01 0.81 4.86 8.21 10.59 7.82 7.80 3.11 0.64 7.65 9.25 4.55 2.57 4.53 5.77 1.34 9.06 8.61 8.31 9.60 2.71 8.74 6.65 7.72 2.79 6.38 7.89 8.62 
1.83 6.35 4.48 8.50 8.00 6.88 8.33 7.74 7.89 7.39 3.34 2.38 6.93 3.09 6.25 1.98 3.20 6.37 0.70 7.17 6.71 8.27 4.49 6.63 10.23 7.73 2.10 10.55 6.46 1.81 1.81 9.16 2.05 4.05 4.28 7.04 1.80 5.36 4.79 6.51 4.06 4.95 5.69 4.81 4.79 6.32 5.88 5.73 4.79 0.05 1.19 8.79 8.52 1.31 4.30 
11.54 5.52 6.31 5.15 2.62 3.95 2.30 4.37 8.92 3.96 7.12 8.11 8.89 10.47 4.16 8.65 7.13 4.46 9.70 3.72 7.32 5.32 6.74 9.23 1.21 4.08 8.99 0.86 5.12 8.56 11.48 10.51 10.83 9.87 7.45 4.55 10.74 10.98 6.32 3.84 6.80 7.23 5.72 11.03 10.46 9.24 11.14 4.63 10.63 10.25 11.13 1.62 5.23 11.32 10.74 
6.72 4.55 1.37 3.21 3.60 1.13 2.76 2.12 5.17 4.14 3.41 4.14 4.71 5.48 1.06 4.66 3.13 0.60 5.11 1.43 6.41 3.07 1.75 4.88 4.62 2.03 4.12 5.02 4.25 4.36 6.66 6.93 5.92 4.90 4.82 4.30 5.86 6.13 1.33 1.38 1.86 2.37 4.09 6.10 5.56 4.77 6.37 0.97 5.72 5.73 6.40 3.87 3.26 6.59 5.77 
10.64 4.85 5.42 4.62 1.91 3.11 1.51 3.70 8.27 3.33 6.25 7.24 8.17 9.59 3.26 7.78 6.24 3.60 8.81 2.89 6.74 4.75 5.87 8.49 1.34 3.39 8.10 1.34 4.44 7.68 10.58 9.91 9.93 9.01 6.66 3.92 9.84 10.16 5.45 2.95 5.91 6.40 4.98 10.19 9.63 8.48 10.34 3.73 9.79 9.36 10.23 0.90 4.70 10.42 9.88 
6.65 3.78 1.49 3.91 3.14 1.46 2.82 2.75 5.90 3.47 2.82 3.65 5.38 5.65 0.75 4.20 2.61 1.07 4.89 1.74 5.64 3.79 2.07 5.52 4.71 2.60 4.09 5.05 3.49 3.95 6.59 7.65 5.93 5.23 4.11 3.59 5.84 6.55 1.69 1.06 1.96 2.88 3.32 6.47 5.95 5.39 6.84 0.30 6.10 5.48 6.27 3.59 3.97 6.46 6.09 
3.52 8.33 3.92 6.22 8.54 6.06 7.71 6.08 4.05 8.66 5.39 5.04 3.09 1.32 6.04 5.13 4.94 5.56 3.74 6.30 9.54 5.95 3.34 2.66 9.46 6.25 2.55 9.92 8.22 4.62 3.47 5.02 2.55 0.22 7.11 8.58 2.72 1.32 3.75 6.38 3.50 2.79 7.66 1.07 0.66 2.35 1.79 5.70 0.76 4.19 3.74 8.92 6.20 3.87 0.74 
6.50 7.58 2.96 2.86 6.60 3.63 5.08 3.02 2.08 7.26 5.60 5.88 1.61 4.49 4.14 6.25 5.16 3.32 5.74 3.77 9.31 2.58 2.43 1.90 6.55 3.27 4.31 7.05 7.31 5.78 6.43 3.82 5.50 3.39 7.33 7.42 5.57 3.92 2.48 4.42 2.99 1.55 7.05 4.18 3.59 1.90 3.95 4.08 3.77 6.36 6.47 6.64 2.82 6.65 4.10 
7.05 9.50 4.79 4.12 8.54 5.54 6.89 4.71 0.52 9.22 7.30 7.42 0.53 4.86 6.09 7.71 6.85 5.27 6.83 5.65 11.18 3.89 4.18 0.89 8.17 5.00 5.41 8.68 9.25 7.21 7.00 1.93 6.05 3.65 9.08 9.37 6.20 3.33 4.33 6.37 4.71 3.20 8.95 3.83 3.36 1.20 3.10 6.03 3.49 7.40 7.20 8.52 4.06 7.35 4.00 
0.48 8.02 5.04 8.59 9.24 7.54 9.14 8.08 7.08 8.87 4.88 4.04 6.10 1.73 7.13 3.79 4.60 7.01 2.01 7.83 8.60 8.33 4.79 5.70 11.03 8.15 2.30 11.41 8.06 3.46 0.42 8.05 0.56 2.93 6.12 8.59 0.55 3.86 5.18 7.44 4.56 4.85 7.34 3.25 3.43 5.38 4.37 6.65 3.37 1.95 0.90 9.91 8.58 0.94 2.82 
7.80 9.79 5.18 3.83 8.60 5.60 6.81 4.59 0.25 9.39 7.78 7.96 1.23 5.61 6.25 8.29 7.33 5.38 7.50 5.66 11.54 3.62 4.61 1.65 7.94 4.90 6.07 8.46 9.52 7.79 7.74 1.67 6.80 4.40 9.54 9.59 6.93 4.09 4.70 6.50 5.16 3.67 9.27 4.60 4.12 1.96 3.83 6.25 4.26 8.08 7.93 8.49 3.76 8.08 4.77 
2.97 6.26 2.46 6.06 6.90 4.95 6.57 5.48 5.30 6.77 3.22 2.86 4.36 1.84 4.61 3.00 2.79 4.41 1.98 5.23 7.36 5.81 2.17 4.11 8.44 5.54 0.53 8.84 6.20 2.48 2.90 6.68 2.10 1.97 4.92 6.62 2.06 3.51 2.57 4.93 1.97 2.37 5.58 3.15 2.84 3.81 3.97 4.17 2.93 2.58 2.78 7.46 6.06 2.97 2.66 
6.15 4.79 0.81 3.42 4.14 1.72 3.36 2.48 4.87 4.56 3.21 3.82 4.31 4.87 1.60 4.32 2.87 1.18 4.61 2.00 6.56 3.24 1.14 4.44 5.22 2.45 3.55 5.62 4.53 3.97 6.09 6.61 5.33 4.30 4.77 4.66 5.28 5.55 0.72 1.94 1.28 1.82 4.27 5.51 4.97 4.31 5.81 1.36 5.13 5.24 5.85 4.47 3.46 6.04 5.17 
7.77 7.88 3.68 1.74 6.41 3.42 4.57 2.34 2.24 7.30 6.35 6.78 2.34 5.79 4.18 7.21 5.95 3.30 6.89 3.46 9.74 1.48 3.30 2.79 5.75 2.65 5.50 6.27 7.56 6.77 7.71 3.89 6.78 4.69 7.99 7.56 6.84 5.10 3.19 4.40 3.85 2.64 7.42 5.42 4.84 2.91 5.06 4.28 5.01 7.53 7.72 6.25 1.68 7.90 5.37 
4.16 3.91 2.91 7.00 5.51 4.86 6.11 6.00 7.56 4.87 0.82 0.25 6.71 4.35 4.06 0.79 0.80 4.41 2.13 5.14 4.67 6.81 3.26 6.58 7.97 5.91 2.46 8.24 3.97 0.71 4.12 9.13 3.88 4.73 2.18 4.53 3.68 6.27 3.37 4.27 2.71 4.12 3.23 5.88 5.60 6.32 6.73 3.54 5.68 2.50 3.60 6.35 7.03 3.76 5.36 
7.42 10.92 6.15 5.61 10.08 7.09 8.45 6.26 1.73 10.72 8.52 8.50 1.88 5.24 7.61 8.73 8.06 6.80 7.60 7.21 12.52 5.39 5.52 1.80 9.70 6.55 6.25 10.21 10.69 8.21 7.36 1.18 6.48 4.12 10.32 10.85 6.66 3.19 5.72 7.90 6.00 4.53 10.34 3.80 3.52 2.03 2.77 7.52 3.59 8.10 7.69 10.07 5.54 7.81 4.15 
10.78 5.68 5.45 3.88 2.78 2.98 1.35 3.15 7.67 4.23 6.69 7.65 7.67 9.55 3.43 8.20 6.62 3.51 9.05 2.71 7.63 4.05 5.81 8.03 0.55 2.88 8.20 0.93 5.27 8.04 10.72 9.24 10.01 8.86 7.33 4.79 9.94 9.88 5.39 3.17 5.95 6.19 5.73 9.98 9.40 8.06 10.02 3.94 9.57 9.64 10.42 1.85 3.95 10.62 9.72 
6.27 3.68 1.28 4.24 3.37 1.87 3.22 3.12 5.98 3.55 2.43 3.24 5.41 5.36 1.14 3.78 2.20 1.45 4.49 2.15 5.46 4.10 1.91 5.51 5.12 2.98 3.74 5.45 3.42 3.54 6.22 7.73 5.58 5.00 3.79 3.59 5.48 6.38 1.59 1.42 1.69 2.80 3.15 6.26 5.76 5.35 6.69 0.63 5.91 5.07 5.88 3.91 4.29 6.07 5.86 
3.97 6.93 2.38 5.09 7.00 4.57 6.23 4.74 3.94 7.16 4.15 4.03 3.00 2.11 4.51 4.26 3.69 4.06 3.33 4.82 8.27 4.82 1.81 2.77 8.01 4.87 1.89 8.45 6.79 3.74 3.90 5.34 2.98 1.37 5.94 7.11 3.04 2.74 2.22 4.85 1.99 1.40 6.27 2.60 2.10 2.48 3.10 4.17 2.25 3.92 3.94 7.39 5.08 4.11 2.24 
2.18 8.49 4.62 7.53 9.17 6.99 8.65 7.24 5.50 9.06 5.36 4.77 4.55 0.45 6.80 4.70 4.98 6.47 3.02 7.26 9.41 7.26 4.17 4.11 10.47 7.37 2.34 10.90 8.45 4.25 2.13 6.37 1.33 1.42 6.92 8.89 1.56 2.15 4.59 7.13 4.14 3.90 7.80 1.55 1.73 3.80 2.66 6.39 1.66 3.28 2.54 9.68 7.51 2.62 1.11 
3.48 7.06 2.70 5.59 7.32 4.99 6.65 5.22 4.30 7.39 4.16 3.91 3.34 1.63 4.87 4.08 3.70 4.47 2.98 5.25 8.30 5.32 2.18 3.05 8.45 5.34 1.58 8.89 6.94 3.56 3.41 5.61 2.48 1.08 5.91 7.30 2.55 2.58 2.60 5.20 2.25 1.89 6.39 2.34 1.91 2.75 3.00 4.49 2.03 3.54 3.47 7.75 5.58 3.64 1.92 
8.38 0.59 5.34 7.98 3.35 5.28 5.35 6.73 10.24 1.92 3.56 4.32 9.64 8.50 4.35 4.65 3.94 5.22 6.36 5.40 1.50 7.93 5.98 9.70 6.58 6.47 6.58 6.58 0.95 4.91 8.35 11.98 8.14 8.61 2.42 1.34 7.94 10.13 5.77 4.22 5.56 6.96 1.17 9.85 9.47 9.51 10.53 4.19 9.58 6.62 7.78 4.35 8.05 7.93 9.37 
7.14 8.07 3.57 2.56 6.88 3.87 5.19 3.01 1.66 7.65 6.23 6.54 1.54 5.09 4.50 6.93 5.80 3.64 6.42 3.96 9.86 2.30 3.07 1.96 6.50 3.30 5.00 7.00 7.78 6.46 7.07 3.40 6.13 3.94 7.94 7.84 6.21 4.28 3.08 4.76 3.63 2.24 7.56 4.61 4.03 2.08 4.23 4.51 4.20 7.05 7.13 6.82 2.51 7.31 4.59 
6.37 3.07 5.52 9.24 5.87 6.68 7.38 8.07 10.45 4.62 2.86 2.88 9.65 7.18 5.71 2.84 3.31 6.39 4.56 6.91 2.33 9.11 6.03 9.55 8.97 7.89 5.39 9.08 3.42 3.32 6.36 12.07 6.45 7.70 1.22 4.05 6.22 9.23 6.02 5.75 5.48 6.97 2.76 8.80 8.57 9.30 9.71 5.31 8.64 4.56 5.74 6.88 9.29 5.83 8.28 
4.33 9.94 5.45 7.13 10.04 7.41 9.04 7.21 4.12 10.23 6.99 6.60 3.32 2.39 7.51 6.64 6.55 6.95 5.10 7.63 11.13 6.85 4.84 2.81 10.70 7.42 4.07 11.18 9.83 6.14 4.29 4.50 3.53 1.82 8.69 10.17 3.76 0.37 5.22 7.85 5.06 4.14 9.27 0.68 0.98 2.59 0.56 7.21 0.85 5.44 4.74 10.36 7.09 4.81 1.20 
3.72 4.49 2.41 6.55 5.73 4.64 6.03 5.64 6.83 5.27 1.33 0.94 5.96 3.63 3.95 1.27 1.00 4.14 1.75 4.93 5.41 6.34 2.65 5.82 7.92 5.59 1.71 8.23 4.49 0.83 3.68 8.37 3.29 3.94 2.95 5.00 3.12 5.48 2.83 4.20 2.11 3.43 3.80 5.11 4.82 5.54 5.94 3.43 4.90 2.28 3.22 6.49 6.58 3.40 4.60 
10.97 6.32 5.62 3.46 3.47 3.12 1.69 2.94 7.32 4.91 7.11 8.03 7.41 9.61 3.74 8.58 6.99 3.66 9.32 2.83 8.29 3.66 5.91 7.80 0.69 2.73 8.38 1.19 5.91 8.39 10.91 8.83 10.16 8.84 7.87 5.46 10.11 9.78 5.49 3.53 6.11 6.17 6.33 9.92 9.33 7.85 9.88 4.26 9.50 9.92 10.65 2.57 3.53 10.84 9.69 
1.77 7.66 4.04 7.34 8.49 6.50 8.14 6.91 5.79 8.30 4.52 3.89 4.81 0.59 6.21 3.81 4.15 5.97 2.15 6.78 8.53 7.07 3.68 4.42 10.00 7.00 1.52 10.41 7.64 3.36 1.71 6.84 0.76 1.67 6.04 8.10 0.91 2.85 4.10 6.53 3.55 3.61 6.97 2.30 2.31 4.10 3.37 5.77 2.29 2.47 1.93 9.06 7.33 2.06 1.79 
5.89 5.92 1.32 3.14 5.23 2.48 4.12 2.59 3.75 5.71 3.99 4.40 3.16 4.27 2.68 4.83 3.58 2.02 4.68 2.70 7.64 2.90 0.93 3.28 5.85 2.70 3.39 6.31 5.67 4.40 5.83 5.48 4.97 3.48 5.69 5.82 4.97 4.57 0.83 3.00 1.46 0.82 5.38 4.61 4.04 3.16 4.78 2.51 4.21 5.33 5.71 5.44 3.15 5.90 4.34 
9.11 1.85 4.80 6.33 1.17 3.75 3.34 5.10 9.19 0.28 4.20 5.19 8.76 8.68 3.04 5.66 4.40 3.90 7.10 3.78 3.69 6.34 5.43 8.93 4.38 4.80 6.87 4.37 1.47 5.74 9.07 10.94 8.64 8.48 3.96 0.88 8.48 9.90 5.10 2.78 5.18 6.30 2.17 9.75 9.27 8.81 10.22 3.14 9.41 7.53 8.59 2.15 6.41 8.76 9.33 
9.31 4.50 4.02 3.54 1.91 1.67 0.34 2.44 6.97 3.24 5.18 6.13 6.80 8.17 1.92 6.68 5.10 2.16 7.54 1.46 6.51 3.62 4.44 7.10 2.07 2.13 6.74 2.39 4.08 6.51 9.25 8.66 8.56 7.57 5.91 3.73 8.48 8.71 4.02 1.65 4.52 4.95 4.43 8.75 8.18 7.07 8.90 2.43 8.35 8.12 8.93 1.49 3.62 9.12 8.44 
9.13 7.14 4.13 0.42 5.03 2.47 2.88 1.02 4.28 6.20 6.51 7.20 4.45 7.39 3.45 7.71 6.22 2.69 7.87 2.32 9.14 0.63 4.08 4.88 3.71 1.25 6.63 4.22 6.77 7.36 9.07 5.80 8.19 6.41 7.86 6.59 8.20 7.08 3.78 3.51 4.51 3.90 6.85 7.32 6.73 4.98 7.10 3.79 6.90 8.51 8.95 4.61 0.50 9.14 7.19 
9.03 4.51 3.73 3.32 2.08 1.35 0.42 2.18 6.68 3.33 4.99 5.93 6.49 7.87 1.67 6.48 4.89 1.85 7.29 1.14 6.53 3.38 4.14 6.79 2.31 1.86 6.46 2.66 4.10 6.29 8.97 8.37 8.28 7.26 5.81 3.79 8.20 8.40 3.72 1.42 4.22 4.63 4.39 8.43 7.86 6.76 8.58 2.18 8.03 7.88 8.67 1.77 3.40 8.86 8.13 
7.45 3.87 2.22 3.56 2.57 0.87 2.00 2.32 6.09 3.22 3.52 4.40 5.68 6.39 0.12 4.95 3.36 0.80 5.70 1.08 5.83 3.49 2.71 5.89 3.90 2.10 4.89 4.24 3.52 4.74 7.40 7.84 6.72 5.89 4.60 3.46 6.64 7.15 2.31 0.35 2.70 3.40 3.52 7.11 6.57 5.79 7.40 0.61 6.73 6.29 7.08 2.87 3.62 7.27 6.76 
4.19 8.56 3.97 5.81 8.54 5.91 7.55 5.78 3.40 8.77 5.73 5.48 2.45 1.98 6.01 5.61 5.27 5.44 4.33 6.14 9.87 5.53 3.35 2.00 9.23 5.97 3.05 9.70 8.42 5.10 4.13 4.36 3.21 0.81 7.49 8.73 3.38 1.15 3.72 6.34 3.60 2.63 7.91 1.23 0.64 1.70 1.46 5.71 0.82 4.80 4.41 8.85 5.78 4.53 1.17 
6.18 10.13 5.36 5.66 9.59 6.68 8.17 6.08 2.09 10.08 7.55 7.44 1.59 4.00 7.06 7.63 7.09 6.31 6.42 6.84 11.62 5.41 4.71 1.19 9.60 6.35 5.10 10.10 9.93 7.11 6.12 2.38 5.24 2.90 9.34 10.15 5.43 1.99 4.97 7.37 5.13 3.76 9.52 2.58 2.28 1.23 1.61 6.89 2.35 6.90 6.45 9.70 5.61 6.57 2.91 
8.72 4.29 3.43 3.36 2.04 1.13 0.75 2.17 6.58 3.19 4.67 5.60 6.35 7.58 1.34 6.15 4.56 1.59 6.97 0.97 6.31 3.39 3.86 6.62 2.64 1.86 6.14 2.98 3.89 5.97 8.66 8.29 7.97 7.00 5.52 3.62 7.89 8.16 3.43 1.09 3.92 4.39 4.14 8.18 7.62 6.58 8.36 1.86 7.79 7.55 8.34 1.90 3.44 8.54 7.87 
8.63 1.29 5.94 8.69 4.00 5.98 6.04 7.44 10.88 2.55 3.96 4.62 10.26 8.90 5.05 4.88 4.38 5.91 6.64 6.11 0.86 8.64 6.58 10.30 7.22 7.18 6.99 7.20 1.66 5.20 8.60 12.62 8.47 9.09 2.55 1.99 8.26 10.63 6.38 4.93 6.13 7.56 1.76 10.32 9.96 10.11 11.04 4.87 10.06 6.83 8.02 4.98 8.76 8.15 9.83 
2.97 7.14 3.01 6.09 7.59 5.38 7.04 5.69 4.74 7.57 4.14 3.77 3.76 1.19 5.19 3.87 3.70 4.85 2.61 5.65 8.28 5.82 2.55 3.44 8.87 5.80 1.29 9.29 7.06 3.36 2.91 5.97 1.98 1.05 5.84 7.45 2.05 2.59 2.97 5.52 2.54 2.37 6.46 2.24 1.92 3.13 3.06 4.79 2.01 3.13 2.98 8.08 6.08 3.15 1.76 
1.50 6.81 4.92 8.89 8.49 7.34 8.81 8.17 8.11 7.88 3.83 2.85 7.14 3.11 6.72 2.44 3.69 6.82 1.12 7.63 7.10 8.66 4.89 6.81 10.70 8.17 2.42 11.03 6.93 2.30 1.50 9.31 1.95 4.16 4.71 7.51 1.72 5.38 5.21 6.99 4.48 5.29 6.16 4.80 4.84 6.50 5.90 6.21 4.83 0.52 0.87 9.28 8.91 0.94 4.31 
3.99 6.70 2.17 5.02 6.79 4.39 6.05 4.62 4.06 6.93 3.94 3.84 3.13 2.23 4.31 4.08 3.48 3.88 3.23 4.65 8.05 4.76 1.61 2.93 7.85 4.74 1.79 8.29 6.56 3.57 3.93 5.50 3.02 1.57 5.73 6.88 3.06 2.97 2.02 4.64 1.76 1.30 6.05 2.82 2.33 2.65 3.33 3.96 2.47 3.84 3.92 7.19 5.02 4.10 2.44 
5.21 6.22 1.44 3.78 5.82 3.19 4.84 3.33 3.66 6.17 3.93 4.16 2.91 3.53 3.27 4.54 3.49 2.70 4.15 3.43 7.81 3.52 0.80 2.92 6.60 3.45 2.78 7.05 6.01 4.07 5.15 5.32 4.27 2.74 5.70 6.22 4.28 3.89 1.05 3.60 1.32 0.19 5.62 3.89 3.33 2.74 4.14 3.02 3.50 4.79 5.07 6.11 3.78 5.26 3.60 
4.93 3.47 4.22 8.19 5.76 5.83 6.83 7.11 9.00 4.79 1.59 1.29 8.16 5.59 4.91 1.25 1.95 5.44 3.02 6.08 3.60 8.03 4.65 8.04 8.59 6.97 3.78 8.79 3.68 1.71 4.90 10.58 4.91 6.10 1.22 4.32 4.68 7.62 4.71 5.05 4.09 5.55 2.90 7.20 6.97 7.77 8.11 4.44 7.03 3.11 4.30 6.71 8.23 4.42 6.68 
5.49 3.08 1.90 5.61 3.94 3.25 4.42 4.51 6.91 3.57 1.03 1.93 6.20 5.07 2.39 2.48 0.90 2.85 3.53 3.52 4.52 5.46 2.49 6.20 6.27 4.38 3.21 6.55 2.98 2.33 5.44 8.60 4.98 5.04 2.50 3.38 4.83 6.55 2.38 2.58 2.00 3.48 2.43 6.30 5.89 5.99 6.94 1.88 6.01 4.04 5.01 4.72 5.66 5.19 5.83 
7.21 4.46 1.87 3.06 3.20 0.65 2.24 1.87 5.42 3.88 3.70 4.49 5.03 5.99 0.74 5.03 3.46 0.19 5.57 0.94 6.39 2.95 2.26 5.24 4.11 1.71 4.62 4.51 4.13 4.75 7.15 7.17 6.43 5.40 4.98 4.11 6.36 6.60 1.83 1.00 2.36 2.83 4.07 6.59 6.04 5.15 6.82 0.91 6.20 6.19 6.89 3.40 3.12 7.08 6.27 
6.58 9.50 4.74 4.54 8.71 5.74 7.16 5.02 1.07 9.31 7.15 7.19 0.50 4.38 6.22 7.46 6.69 5.42 6.47 5.87 11.11 4.30 4.11 0.45 8.52 5.30 5.07 9.03 9.27 6.94 6.53 2.13 5.59 3.18 8.94 9.43 5.75 2.78 4.30 6.51 4.60 3.12 8.92 3.29 2.82 0.76 2.54 6.11 2.96 7.02 6.76 8.74 4.49 6.90 3.47 
7.28 1.60 3.27 5.88 2.36 3.18 3.64 4.64 8.07 1.72 2.40 3.39 7.50 6.91 2.21 3.89 2.57 3.06 5.27 3.34 3.51 5.81 3.92 7.60 5.25 4.40 5.06 5.40 1.32 3.93 7.24 9.82 6.82 6.81 2.60 1.57 6.66 8.27 3.66 2.15 3.57 4.87 1.21 8.07 7.62 7.43 8.63 2.00 7.75 5.71 6.76 3.29 5.95 6.93 7.62 
7.79 4.98 2.44 2.43 3.32 0.32 1.85 1.20 5.22 4.22 4.41 5.20 4.95 6.43 1.24 5.73 4.17 0.54 6.22 0.44 6.96 2.37 2.71 5.23 3.62 1.01 5.19 4.06 4.62 5.45 7.73 6.95 6.96 5.74 5.66 4.52 6.91 6.82 2.30 1.35 2.92 3.08 4.65 6.88 6.31 5.18 7.00 1.58 6.48 6.84 7.49 3.30 2.50 7.68 6.60 
8.29 5.00 2.94 2.44 3.04 0.47 1.35 1.20 5.56 4.08 4.74 5.58 5.36 6.95 1.39 6.12 4.54 0.98 6.68 0.19 7.00 2.43 3.23 5.66 3.10 0.91 5.69 3.54 4.62 5.86 8.23 7.27 7.47 6.25 5.88 4.45 7.42 7.32 2.81 1.38 3.42 3.59 4.73 7.39 6.82 5.63 7.49 1.84 6.99 7.30 7.98 2.90 2.52 8.17 7.12 
4.98 6.10 1.33 4.02 5.83 3.29 4.95 3.52 3.87 6.12 3.72 3.92 3.09 3.34 3.30 4.29 3.27 2.79 3.88 3.54 7.65 3.77 0.68 3.07 6.74 3.63 2.52 7.18 5.91 3.81 4.91 5.50 4.04 2.63 5.50 6.14 4.05 3.86 1.01 3.63 1.13 0.41 5.49 3.82 3.27 2.86 4.13 3.01 3.43 4.53 4.82 6.16 4.02 5.01 3.50 
10.90 4.81 5.74 5.04 1.90 3.48 1.92 4.11 8.69 3.26 6.42 7.42 8.58 9.91 3.56 7.95 6.44 3.96 9.05 3.28 6.65 5.17 6.21 8.90 1.56 3.81 8.38 1.42 4.41 7.88 10.85 10.33 10.22 9.37 6.73 3.86 10.12 10.53 5.79 3.24 6.23 6.76 5.00 10.55 9.99 8.88 10.72 4.02 10.16 9.58 10.48 0.89 5.12 10.67 10.24 
3.05 6.26 2.40 5.97 6.86 4.88 6.51 5.40 5.22 6.75 3.24 2.91 4.28 1.87 4.56 3.05 2.81 4.34 2.06 5.16 7.38 5.72 2.10 4.03 8.38 5.46 0.62 8.77 6.19 2.54 2.98 6.60 2.17 1.94 4.95 6.60 2.14 3.48 2.50 4.88 1.91 2.28 5.58 3.14 2.81 3.74 3.94 4.12 2.90 2.67 2.87 7.41 5.98 3.05 2.65 
9.08 6.01 3.79 1.67 3.76 1.53 1.60 0.80 5.32 4.97 5.81 6.62 5.31 7.57 2.48 7.15 5.58 1.95 7.59 1.29 8.03 1.78 3.95 5.69 2.73 0.60 6.50 3.23 5.62 6.86 9.02 6.93 8.21 6.74 6.97 5.39 8.18 7.64 3.56 2.45 4.25 4.08 5.79 7.79 7.20 5.72 7.74 2.92 7.37 8.22 8.82 3.33 1.75 9.01 7.58 
11.90 5.74 6.69 5.49 2.88 4.34 2.69 4.74 9.28 4.17 7.45 8.45 9.26 10.86 4.53 8.98 7.47 4.84 10.06 4.10 7.49 5.66 7.13 9.61 1.45 4.46 9.37 1.01 5.35 8.91 11.85 10.86 11.20 10.26 7.72 4.76 11.11 11.37 6.71 4.22 7.18 7.62 5.98 11.42 10.85 9.62 11.53 5.00 11.02 10.60 11.49 1.91 5.57 11.68 11.13 
6.03 7.93 3.19 3.56 7.16 4.24 5.75 3.72 1.90 7.73 5.70 5.86 1.14 3.95 4.65 6.19 5.25 3.88 5.48 4.40 9.58 3.29 2.58 1.28 7.25 3.97 4.04 7.75 7.69 5.69 5.97 3.53 5.03 2.79 7.48 7.84 5.12 3.21 2.74 4.95 3.10 1.60 7.36 3.50 2.91 1.22 3.24 4.53 3.08 6.08 6.07 7.26 3.52 6.23 3.44 
11.23 5.54 5.96 4.66 2.61 3.55 1.89 3.89 8.44 4.02 6.93 7.91 8.41 10.10 3.84 8.45 6.91 4.07 9.43 3.30 7.41 4.82 6.37 8.77 0.79 3.61 8.67 0.64 5.14 8.34 11.17 10.02 10.50 9.47 7.37 4.60 10.42 10.55 5.95 3.54 6.45 6.82 5.69 10.62 10.04 8.78 10.70 4.33 10.21 10.00 10.84 1.59 4.74 11.03 10.33 
10.19 5.87 4.84 2.92 3.15 2.34 1.06 2.23 6.72 4.55 6.41 7.31 6.74 8.83 3.01 7.86 6.27 2.88 8.55 2.05 7.87 3.09 5.12 7.12 1.30 1.99 7.60 1.80 5.46 7.65 10.13 8.29 9.37 8.07 7.26 5.07 9.32 9.03 4.71 2.82 5.32 5.40 5.81 9.16 8.57 7.15 9.15 3.53 8.75 9.16 9.87 2.41 3.00 10.06 8.92 
7.47 0.60 4.28 7.15 3.11 4.45 4.79 5.91 9.22 1.89 2.56 3.41 8.59 7.46 3.48 3.80 2.91 4.32 5.44 4.61 2.25 7.08 4.92 8.64 6.25 5.67 5.55 6.33 0.73 3.99 7.43 10.95 7.17 7.55 1.84 1.37 6.98 9.06 4.72 3.41 4.49 5.90 0.10 8.79 8.40 8.45 9.46 3.25 8.51 5.75 6.89 4.12 7.22 7.04 8.31 
4.27 8.77 4.17 5.92 8.73 6.09 7.72 5.92 3.38 8.97 5.93 5.68 2.44 2.07 6.20 5.80 5.48 5.62 4.49 6.31 10.08 5.64 3.55 1.98 9.39 6.12 3.23 9.86 8.63 5.29 4.22 4.26 3.31 0.95 7.69 8.94 3.49 0.96 3.92 6.53 3.81 2.81 8.11 1.12 0.54 1.68 1.26 5.91 0.71 4.95 4.51 9.04 5.89 4.63 1.15 
8.81 3.08 3.86 4.71 0.81 2.23 1.77 3.50 7.75 1.84 4.24 5.24 7.41 7.99 1.75 5.77 4.27 2.48 6.90 2.20 5.09 4.73 4.43 7.64 3.18 3.19 6.34 3.33 2.67 5.70 8.75 9.49 8.18 7.59 4.67 2.31 8.06 8.90 4.03 1.42 4.32 5.16 3.07 8.83 8.31 7.55 9.16 2.07 8.46 7.43 8.36 1.33 4.79 8.54 8.46 
9.32 7.20 4.30 0.57 5.02 2.54 2.84 1.12 4.45 6.22 6.64 7.35 4.63 7.59 3.53 7.86 6.36 2.80 8.05 2.37 9.20 0.81 4.26 5.07 3.57 1.32 6.81 4.08 6.82 7.51 9.26 5.94 8.39 6.62 7.97 6.62 8.40 7.28 3.95 3.57 4.68 4.10 6.92 7.52 6.93 5.17 7.29 3.89 7.11 8.69 9.14 4.56 0.64 9.33 7.39 
6.39 10.43 5.66 5.86 9.87 6.95 8.43 6.32 2.19 10.38 7.85 7.74 1.80 4.23 7.35 7.92 7.39 6.60 6.69 7.11 11.93 5.62 5.01 1.45 9.83 6.59 5.38 10.34 10.24 7.40 6.33 2.23 5.46 3.16 9.64 10.45 5.66 2.13 5.28 7.65 5.43 4.06 9.82 2.74 2.49 1.52 1.71 7.19 2.55 7.16 6.68 9.97 5.81 6.79 3.10 
6.17 2.06 4.14 7.72 4.52 5.14 5.88 6.54 9.14 3.43 1.65 2.16 8.40 6.50 4.17 2.42 2.11 4.86 4.17 5.37 2.52 7.59 4.71 8.35 7.52 6.36 4.59 7.67 2.29 2.73 6.14 10.81 6.01 6.80 0.33 2.93 5.79 8.34 4.63 4.22 4.18 5.68 1.51 7.99 7.68 8.12 8.79 3.77 7.77 4.38 5.56 5.51 7.77 5.70 7.48 
4.62 5.50 0.91 4.51 5.53 3.31 4.95 3.84 4.62 5.66 2.98 3.17 3.82 3.29 3.09 3.55 2.53 2.77 3.30 3.59 6.97 4.27 0.51 3.76 6.80 3.88 2.05 7.21 5.34 3.09 4.56 6.24 3.76 2.83 4.77 5.63 3.72 4.23 0.91 3.42 0.50 1.16 4.87 4.09 3.60 3.54 4.57 2.71 3.74 3.95 4.39 5.98 4.52 4.58 3.69 
7.78 2.52 3.07 4.90 1.65 2.20 2.51 3.65 7.46 1.84 3.16 4.16 7.00 7.09 1.32 4.70 3.20 2.21 5.85 2.31 4.53 4.85 3.69 7.16 4.17 3.38 5.37 4.37 2.14 4.63 7.73 9.21 7.19 6.79 3.71 2.05 7.06 8.17 3.34 1.14 3.48 4.53 2.29 8.05 7.55 7.04 8.47 1.37 7.70 6.36 7.32 2.40 4.97 7.50 7.65 
6.64 3.99 1.40 3.73 3.26 1.36 2.80 2.59 5.70 3.65 2.95 3.76 5.20 5.57 0.79 4.29 2.72 0.92 4.92 1.65 5.84 3.61 1.94 5.34 4.70 2.45 4.07 5.05 3.69 4.03 6.58 7.46 5.90 5.11 4.28 3.78 5.81 6.42 1.55 1.12 1.88 2.72 3.52 6.35 5.82 5.21 6.70 0.46 5.98 5.52 6.27 3.67 3.79 6.46 5.98 
10.54 6.30 5.20 2.91 3.54 2.72 1.50 2.40 6.77 4.96 6.83 7.73 6.85 9.13 3.43 8.28 6.69 3.24 8.94 2.42 8.30 3.11 5.44 7.25 1.22 2.20 7.95 1.73 5.88 8.06 10.48 8.29 9.71 8.33 7.70 5.49 9.66 9.24 5.04 3.25 5.67 5.67 6.24 9.39 8.80 7.30 9.34 3.94 8.98 9.55 10.24 2.74 2.98 10.43 9.18 
3.84 6.68 2.21 5.16 6.83 4.48 6.14 4.75 4.19 6.94 3.87 3.75 3.26 2.12 4.37 3.97 3.41 3.96 3.09 4.74 8.00 4.90 1.67 3.04 7.95 4.86 1.65 8.38 6.54 3.46 3.78 5.61 2.87 1.53 5.66 6.88 2.91 2.97 2.09 4.70 1.78 1.43 6.02 2.79 2.32 2.76 3.35 4.00 2.45 3.69 3.77 7.25 5.16 3.95 2.39 
3.96 7.93 3.37 5.54 7.96 5.41 7.06 5.39 3.59 8.16 5.10 4.88 2.61 1.81 5.45 5.04 4.64 4.92 3.84 5.65 9.24 5.27 2.76 2.25 8.79 5.56 2.50 9.25 7.79 4.52 3.90 4.75 2.96 0.64 6.87 8.11 3.09 1.74 3.15 5.78 2.99 2.13 7.27 1.67 1.12 1.93 2.09 5.13 1.28 4.36 4.09 8.31 5.52 4.24 1.42 
5.11 8.47 3.72 4.88 8.10 5.31 6.89 4.98 2.44 8.49 5.87 5.80 1.46 2.92 5.55 6.02 5.41 4.88 4.96 5.50 9.94 4.61 3.06 1.08 8.49 5.20 3.57 8.97 8.28 5.51 5.05 3.62 4.11 1.71 7.67 8.53 4.25 1.89 3.37 5.88 3.46 2.16 7.85 2.19 1.62 0.77 1.96 5.33 1.78 5.50 5.26 8.31 4.84 5.40 2.20 
8.41 9.34 4.99 2.77 7.85 4.88 5.91 3.69 1.33 8.77 7.66 8.00 2.04 6.28 5.65 8.38 7.25 4.77 7.84 4.90 11.19 2.60 4.52 2.54 6.89 4.01 6.40 7.41 9.03 7.91 8.35 2.61 7.40 5.08 9.36 9.03 7.50 5.05 4.50 5.86 5.08 3.69 8.87 5.50 4.97 2.80 4.86 5.74 5.13 8.45 8.46 7.63 2.69 8.62 5.59 
10.93 5.25 5.67 4.56 2.32 3.29 1.64 3.72 8.29 3.74 6.61 7.59 8.23 9.83 3.54 8.14 6.59 3.80 9.13 3.05 7.14 4.71 6.09 8.57 0.97 3.43 8.38 0.94 4.85 8.02 10.87 9.90 10.21 9.21 7.06 4.32 10.12 10.31 5.67 3.24 6.17 6.57 5.39 10.37 9.80 8.58 10.48 4.03 9.97 9.69 10.54 1.31 4.63 10.73 10.08 
7.13 5.22 1.85 2.46 3.93 0.99 2.62 1.43 4.65 4.66 4.15 4.84 4.29 5.70 1.52 5.35 3.84 0.65 5.65 1.20 7.12 2.31 2.01 4.53 4.37 1.40 4.55 4.81 4.90 5.01 7.07 6.40 6.27 4.98 5.58 4.89 6.24 6.06 1.61 1.77 2.29 2.32 4.80 6.12 5.54 4.47 6.25 1.63 5.71 6.29 6.86 4.01 2.51 7.06 5.84 
8.93 11.45 6.82 5.15 10.19 7.19 8.30 6.08 1.81 11.02 9.39 9.53 2.63 6.73 7.88 9.82 8.94 7.01 8.89 7.23 13.20 4.99 6.24 2.86 9.26 6.39 7.48 9.77 11.17 9.31 8.88 0.53 7.96 5.55 11.16 11.23 8.13 4.82 6.35 8.12 6.78 5.28 10.93 5.41 5.06 3.17 4.42 7.90 5.16 9.44 9.15 10.01 5.07 9.28 5.71 
2.40 10.07 6.49 9.35 10.99 8.89 10.55 9.12 6.93 10.79 6.91 6.16 6.04 2.32 8.67 5.95 6.58 8.36 4.17 9.16 10.77 9.08 6.06 5.55 12.37 9.26 4.01 12.80 10.08 5.59 2.40 7.44 2.31 3.18 8.28 10.57 2.53 3.12 6.48 9.00 6.01 5.78 9.38 2.58 3.09 5.27 3.50 8.24 2.93 4.15 3.02 11.54 9.33 2.98 2.48 
9.39 6.75 4.22 1.11 4.48 2.19 2.27 0.96 4.95 5.71 6.42 7.18 5.07 7.75 3.17 7.70 6.16 2.54 8.01 1.98 8.77 1.29 4.28 5.48 3.03 1.01 6.84 3.54 6.36 7.38 9.33 6.48 8.49 6.84 7.65 6.13 8.48 7.60 3.92 3.17 4.64 4.24 6.51 7.81 7.21 5.56 7.65 3.58 7.39 8.65 9.17 3.99 1.18 9.37 7.64 
6.03 2.92 5.04 8.79 5.61 6.26 7.03 7.64 9.96 4.43 2.38 2.41 9.16 6.75 5.29 2.41 2.82 5.96 4.17 6.49 2.54 8.66 5.55 9.06 8.66 7.46 4.93 8.79 3.23 2.87 6.01 11.58 6.06 7.24 0.82 3.88 5.83 8.77 5.53 5.36 4.99 6.48 2.52 8.35 8.11 8.81 9.24 4.88 8.18 4.21 5.40 6.62 8.85 5.50 7.83 
4.25 8.01 3.38 5.33 7.94 5.32 6.96 5.23 3.31 8.18 5.24 5.07 2.33 2.09 5.41 5.25 4.78 4.85 4.10 5.55 9.37 5.06 2.75 1.97 8.66 5.42 2.73 9.13 7.86 4.73 4.19 4.48 3.24 0.90 7.02 8.16 3.38 1.75 3.12 5.74 3.03 2.04 7.36 1.78 1.20 1.65 2.04 5.12 1.37 4.63 4.38 8.25 5.31 4.53 1.60 
4.79 9.10 4.42 5.77 8.91 6.18 7.78 5.88 2.94 9.23 6.34 6.14 2.05 2.59 6.37 6.28 5.88 5.73 5.01 6.38 10.47 5.50 3.78 1.56 9.39 6.10 3.72 9.87 8.94 5.77 4.74 3.74 3.83 1.48 8.11 9.23 4.02 1.01 4.12 6.70 4.10 2.96 8.46 1.42 0.94 1.29 1.07 6.11 1.07 5.48 5.04 9.16 5.73 5.16 1.59 
8.61 3.29 3.57 4.37 1.16 1.86 1.55 3.15 7.39 2.16 4.16 5.15 7.06 7.73 1.42 5.69 4.15 2.13 6.74 1.84 5.31 4.38 4.12 7.28 3.14 2.85 6.12 3.34 2.88 5.58 8.56 9.12 7.96 7.29 4.73 2.58 7.85 8.58 3.72 1.09 4.04 4.83 3.21 8.52 7.99 7.20 8.83 1.79 8.15 7.28 8.18 1.52 4.45 8.37 8.16 
