2.23 6.85 6.73 8.62 7.01 11.15 3.76 0.70 1.55 6.73 4.48 8.07 8.39 2.64 7.08 2.31 4.96 5.24 4.08 9.43 3.45 7.19 4.70 8.33 6.94 10.44 6.49 6.19 1.52 9.33 7.18 3.21 8.88 5.51 8.70 9.31 6.12 8.70 3.50 0.43 6.56 5.28 2.56 9.91 7.62 
6.64 1.73 0.60 7.15 0.33 6.05 6.43 7.10 5.70 1.87 6.94 1.42 1.74 5.36 8.40 5.09 6.06 4.53 6.52 6.90 3.40 3.61 2.23 3.17 6.61 5.76 1.51 1.24 6.46 4.52 4.04 4.74 9.82 3.74 2.09 8.33 4.41 7.27 4.50 6.72 0.91 1.69 4.50 7.55 7.56 
1.22 6.35 5.80 7.23 6.15 9.86 2.50 2.10 2.14 5.60 3.27 7.29 7.62 3.15 5.85 2.63 3.59 3.85 2.82 8.03 2.49 5.88 3.72 7.96 5.56 9.12 5.42 5.17 2.56 8.04 5.84 3.48 7.67 4.17 7.95 7.94 4.74 7.30 2.14 1.10 5.90 4.31 1.42 8.51 6.27 
7.19 10.57 8.37 1.94 8.89 6.86 5.59 10.04 9.96 7.11 4.94 9.88 10.09 10.69 2.64 10.12 4.42 4.96 5.28 2.99 7.81 5.43 7.71 12.11 2.62 6.01 7.43 7.73 10.53 6.13 4.97 10.66 1.86 5.46 10.39 0.85 4.63 1.82 6.44 8.94 9.72 7.80 7.59 2.69 1.74 
7.36 9.59 7.31 0.82 7.81 5.33 5.77 10.08 9.76 6.04 5.28 8.71 8.89 10.37 3.54 9.80 4.45 4.45 5.49 1.47 7.32 4.30 6.98 11.04 2.44 4.49 6.40 6.74 10.41 4.68 3.86 10.23 3.31 4.74 9.17 0.67 3.88 0.71 6.14 9.01 8.74 6.97 7.32 1.20 2.06 
5.99 7.45 5.19 1.37 5.70 4.56 4.54 8.45 7.92 3.92 4.30 6.67 6.87 8.42 3.73 7.87 3.18 2.56 4.32 1.67 5.31 2.22 4.86 8.93 1.68 3.65 4.27 4.60 8.63 3.26 1.76 8.22 4.48 2.66 7.17 2.56 1.82 1.49 4.33 7.44 6.60 4.82 5.47 2.21 2.27 
10.13 8.57 6.42 4.68 6.68 1.13 8.82 12.20 11.31 5.48 8.68 6.95 6.96 11.48 7.90 11.02 7.52 6.45 8.64 3.35 8.44 4.40 7.46 9.45 6.03 1.22 5.89 6.33 12.09 2.47 4.39 11.06 8.03 6.06 7.09 5.38 5.54 4.73 8.08 11.32 7.84 7.08 9.04 3.53 6.32 
3.64 6.47 4.60 3.31 5.13 6.39 2.32 6.07 5.65 3.58 2.36 6.31 6.59 6.27 3.34 5.70 1.19 0.55 2.18 4.05 3.32 2.67 3.35 8.13 1.88 5.55 3.72 3.84 6.32 4.71 2.37 6.18 4.89 1.34 6.94 4.21 1.10 3.40 2.03 5.06 5.68 3.59 3.20 4.54 2.82 
9.57 7.69 5.56 4.62 5.80 0.52 8.34 11.52 10.57 4.66 8.26 6.07 6.08 10.70 7.75 10.25 7.09 5.89 8.18 3.36 7.70 3.71 6.67 8.57 5.77 0.48 5.05 5.49 11.36 1.65 3.77 10.26 8.07 5.42 6.22 5.49 4.99 4.70 7.45 10.68 6.97 6.27 8.35 3.70 6.19 
10.85 8.77 6.73 5.53 6.93 1.17 9.58 12.82 11.87 5.90 9.47 7.05 7.02 11.98 8.76 11.53 8.30 7.16 9.41 4.20 8.99 5.01 7.95 9.51 6.86 1.76 6.29 6.72 12.65 2.93 5.06 11.52 8.88 6.71 7.11 6.23 6.26 5.59 8.75 11.98 8.09 7.53 9.65 4.38 7.17 
5.48 10.39 8.44 3.31 8.97 8.40 4.00 8.38 8.59 7.30 3.23 10.11 10.37 9.47 0.65 8.91 3.24 4.46 3.68 4.64 6.97 5.89 7.24 12.04 2.47 7.50 7.52 7.70 9.05 7.26 5.44 9.58 1.18 5.20 10.70 2.88 4.58 3.26 5.42 7.28 9.59 7.50 6.45 4.60 1.74 
3.58 6.96 5.10 3.15 5.63 6.66 2.12 6.17 5.87 4.07 2.01 6.81 7.09 6.55 2.85 5.98 0.82 1.04 1.93 4.03 3.69 3.06 3.82 8.63 1.55 5.79 4.22 4.34 6.50 5.04 2.73 6.51 4.43 1.84 7.44 3.94 1.49 3.23 2.29 5.12 6.17 4.08 3.46 4.46 2.43 
1.21 7.94 6.75 5.77 7.21 9.50 0.79 4.10 4.49 6.10 1.16 8.43 8.75 5.50 3.68 4.97 2.11 3.32 0.98 6.84 3.91 5.68 4.82 9.63 4.01 8.65 6.08 6.00 4.84 7.80 5.45 5.78 5.46 4.03 9.10 6.22 4.18 5.82 2.52 3.00 7.32 5.33 2.93 7.19 4.46 
4.65 2.99 1.85 6.28 2.22 6.73 4.51 5.37 4.13 2.00 5.10 3.41 3.73 4.10 6.85 3.68 4.34 3.01 4.64 6.41 1.47 3.21 0.25 4.69 5.32 6.20 1.66 1.31 4.92 4.96 3.48 3.65 8.44 2.41 4.07 7.39 3.25 6.40 2.56 4.84 2.27 0.39 2.54 7.05 6.29 
2.42 5.10 4.78 7.39 5.08 9.33 3.30 2.46 1.58 4.80 4.09 6.16 6.48 2.27 6.57 1.70 4.07 3.79 3.59 8.01 1.51 5.42 2.75 6.69 5.88 8.66 4.54 4.24 2.30 7.51 5.48 2.40 8.37 3.85 6.81 8.26 4.58 7.49 2.05 1.93 4.71 3.33 0.88 8.55 6.70 
6.58 2.86 0.56 6.13 0.95 5.00 6.10 7.50 6.22 0.88 6.51 1.94 2.20 6.06 7.67 5.71 5.50 3.90 6.14 5.81 3.58 2.56 2.32 4.18 5.76 4.66 0.71 0.84 7.01 3.41 3.02 5.50 8.98 3.07 2.53 7.33 3.60 6.26 4.31 6.96 2.04 1.74 4.60 6.46 6.69 
4.19 8.33 6.40 2.64 6.93 7.12 2.59 7.01 6.94 5.30 2.04 8.09 8.35 7.72 1.51 7.15 1.40 2.40 2.28 3.85 5.01 4.03 5.19 9.98 0.94 6.22 5.49 5.65 7.50 5.71 3.61 7.74 3.07 3.15 8.69 3.05 2.58 2.67 3.51 5.92 7.52 5.44 4.63 4.10 1.31 
6.81 8.97 6.70 0.17 7.20 5.14 5.24 9.48 9.13 5.43 4.79 8.13 8.32 9.72 3.32 9.16 3.89 3.81 4.96 1.30 6.66 3.70 6.33 10.44 1.90 4.26 5.78 6.11 9.79 4.28 3.25 9.58 3.45 4.09 8.61 1.08 3.22 0.10 5.51 8.42 8.11 6.32 6.68 1.35 1.75 
8.48 4.27 2.56 6.37 2.57 3.42 7.77 9.61 8.35 2.46 8.04 2.51 2.49 8.16 8.66 7.83 6.91 5.31 7.75 5.61 5.67 3.19 4.42 4.99 6.58 3.42 2.64 2.94 9.13 2.44 3.62 7.58 9.65 4.51 2.63 7.54 4.70 6.49 6.17 9.03 3.67 3.85 6.64 6.21 7.39 
5.94 3.00 0.77 5.83 1.30 5.28 5.47 6.93 5.70 0.61 5.90 2.46 2.74 5.62 7.15 5.23 4.92 3.33 5.52 5.64 2.99 2.32 1.74 4.49 5.31 4.84 0.20 0.29 6.50 3.58 2.73 5.10 8.52 2.51 3.09 7.01 3.12 5.95 3.67 6.36 2.15 1.19 3.99 6.29 6.26 
6.11 6.60 4.30 2.29 4.79 3.95 4.80 8.33 7.64 3.03 4.72 5.72 5.91 8.02 4.58 7.50 3.53 2.45 4.63 2.11 4.88 1.29 4.24 8.03 2.48 3.08 3.40 3.76 8.38 2.44 0.87 7.75 5.45 2.24 6.21 3.49 1.55 2.41 4.17 7.39 5.75 4.10 5.23 2.75 3.20 
9.11 2.06 4.28 10.83 3.80 9.08 9.41 8.39 6.85 5.55 10.06 3.18 3.17 5.97 11.87 6.06 9.37 7.99 9.58 10.56 5.94 7.29 5.25 0.69 10.21 9.02 5.20 4.88 7.38 7.88 7.73 5.26 13.40 7.28 3.10 12.02 8.03 10.96 7.45 8.49 2.89 4.95 6.94 11.20 11.18 
6.32 6.47 4.16 2.50 4.64 3.68 5.05 8.49 7.74 2.89 4.99 5.52 5.71 8.09 4.88 7.57 3.80 2.65 4.89 2.17 4.95 1.16 4.24 7.87 2.78 2.82 3.28 3.66 8.49 2.14 0.80 7.79 5.72 2.35 5.99 3.70 1.74 2.62 4.33 7.56 5.62 4.06 5.36 2.82 3.49 
3.23 6.80 5.02 3.53 5.55 6.90 1.82 5.80 5.50 4.05 1.82 6.74 7.03 6.20 3.03 5.63 0.66 0.97 1.66 4.39 3.39 3.20 3.61 8.47 1.92 6.05 4.17 4.25 6.12 5.24 2.91 6.17 4.69 1.80 7.38 4.31 1.63 3.61 1.94 4.75 6.02 3.91 3.10 4.84 2.77 
3.60 4.53 3.00 5.07 3.49 6.64 3.11 5.12 4.25 2.43 3.61 4.71 5.02 4.60 5.32 4.08 2.80 1.54 3.19 5.45 1.46 2.70 1.33 6.22 3.89 5.95 2.34 2.25 5.01 4.82 2.76 4.37 6.94 1.20 5.37 6.11 2.04 5.18 1.29 4.32 3.78 1.68 1.95 6.04 4.85 
7.44 3.18 1.29 6.36 1.34 4.44 6.89 8.39 7.10 1.50 7.25 1.71 1.85 6.88 8.22 6.56 6.19 4.58 6.91 5.85 4.48 2.85 3.22 4.20 6.23 4.24 1.53 1.74 7.88 3.05 3.32 6.30 9.41 3.74 2.13 7.56 4.14 6.48 5.15 7.85 2.49 2.64 5.49 6.49 7.12 
3.16 5.89 4.19 4.09 4.71 6.74 2.12 5.39 4.88 3.33 2.42 5.92 6.21 5.48 3.95 4.91 1.46 0.54 2.09 4.74 2.53 2.82 2.69 7.57 2.67 5.93 3.38 3.42 5.56 4.98 2.65 5.38 5.59 1.15 6.56 5.00 1.45 4.18 1.26 4.41 5.12 3.01 2.43 5.26 3.59 
9.98 8.99 6.77 4.17 7.08 1.83 8.60 12.18 11.38 5.74 8.40 7.45 7.48 11.62 7.43 11.14 7.27 6.34 8.40 2.83 8.53 4.47 7.62 9.96 5.65 1.60 6.16 6.60 12.15 2.80 4.38 11.24 7.43 6.03 7.64 4.77 5.43 4.21 8.03 11.27 8.23 7.29 9.04 2.92 5.84 
3.67 6.49 6.88 9.78 7.06 11.79 5.13 1.00 1.06 7.15 5.88 7.98 8.28 1.68 8.48 1.69 6.22 6.24 5.45 10.47 3.90 7.92 5.04 7.79 8.17 11.14 6.84 6.48 0.28 9.97 7.98 2.39 10.29 6.35 8.56 10.56 7.07 9.86 4.47 1.91 6.39 5.57 3.35 11.00 8.91 
6.01 8.93 6.75 0.88 7.27 5.94 4.42 8.76 8.53 5.50 3.91 8.30 8.51 9.20 2.38 8.63 3.11 3.36 4.13 2.22 6.24 3.87 6.08 10.48 1.12 5.04 5.81 6.09 9.15 4.88 3.39 9.12 2.79 3.82 8.82 1.28 2.99 0.87 4.94 7.69 8.09 6.16 6.11 2.32 0.79 
6.64 3.19 0.90 5.86 1.27 4.67 6.08 7.69 6.45 0.72 6.46 2.16 2.39 6.32 7.51 5.96 5.42 3.80 6.11 5.50 3.74 2.29 2.50 4.48 5.56 4.32 0.73 1.02 7.23 3.07 2.76 5.78 8.77 2.97 2.71 7.06 3.43 5.99 4.35 7.11 2.38 1.94 4.73 6.15 6.48 
2.06 6.83 6.65 8.46 6.95 11.02 3.59 0.87 1.62 6.62 4.32 8.02 8.34 2.72 6.91 2.37 4.79 5.09 3.91 9.27 3.36 7.06 4.62 8.33 6.78 10.30 6.39 6.10 1.65 9.20 7.04 3.27 8.71 5.37 8.65 9.15 5.97 8.53 3.35 0.28 6.52 5.20 2.45 9.75 7.45 
2.68 7.69 6.06 4.04 6.58 7.96 1.08 5.52 5.53 5.16 0.71 7.79 8.09 6.38 2.45 5.82 0.50 2.09 0.78 5.11 3.96 4.34 4.47 9.39 2.28 7.08 5.25 5.29 6.05 6.34 4.03 6.48 4.25 2.92 8.44 4.55 2.77 4.09 2.38 4.42 6.95 4.85 3.36 5.46 2.82 
6.40 1.02 2.46 8.57 2.25 7.99 6.67 6.05 4.53 3.56 7.33 2.69 2.95 3.89 9.24 3.79 6.69 5.41 6.85 8.54 3.19 5.22 2.60 2.57 7.72 7.68 3.14 2.72 5.19 6.43 5.59 3.19 10.84 4.78 3.17 9.72 5.60 8.70 4.71 5.96 1.14 2.43 4.21 9.19 8.69 
8.12 1.69 4.01 10.43 3.61 9.24 8.54 7.27 5.73 5.25 9.23 3.37 3.48 4.83 11.19 4.95 8.63 7.35 8.74 10.29 5.05 6.97 4.54 1.47 9.64 9.08 4.85 4.48 6.25 7.87 7.38 4.12 12.78 6.71 3.51 11.59 7.50 10.55 6.61 7.41 2.51 4.34 6.00 10.94 10.62 
1.93 5.89 5.59 7.70 5.90 9.99 3.16 1.77 1.44 5.55 3.94 6.99 7.31 2.43 6.51 1.92 4.16 4.20 3.47 8.42 2.29 6.04 3.54 7.45 6.08 9.29 5.32 5.03 1.95 8.17 6.05 2.78 8.32 4.39 7.63 8.47 5.05 7.78 2.43 1.11 5.52 4.13 1.40 8.93 6.84 
0.92 7.24 6.10 5.74 6.56 9.13 0.70 3.76 3.96 5.52 1.43 7.78 8.10 4.92 4.03 4.38 2.00 2.91 1.01 6.72 3.21 5.24 4.15 8.93 4.00 8.31 5.47 5.37 4.39 7.39 5.05 5.16 5.84 3.54 8.45 6.32 3.80 5.80 1.87 2.66 6.63 4.67 2.24 7.12 4.59 
3.39 6.76 7.04 9.65 7.24 11.83 4.90 0.61 1.23 7.24 5.64 8.19 8.50 2.02 8.23 1.95 6.04 6.16 5.22 10.38 3.96 7.92 5.14 8.09 8.01 11.16 6.95 6.60 0.60 10.00 7.97 2.72 10.04 6.32 8.79 10.39 7.00 9.73 4.39 1.61 6.62 5.68 3.31 10.89 8.72 
3.25 5.44 3.79 4.39 4.30 6.67 2.40 5.26 4.64 2.99 2.79 5.52 5.82 5.17 4.40 4.61 1.89 0.75 2.42 4.94 2.15 2.71 2.25 7.13 3.06 5.90 3.01 3.02 5.35 4.89 2.61 5.03 6.03 0.97 6.17 5.35 1.53 4.49 1.10 4.34 4.68 2.57 2.19 5.49 3.99 
8.47 1.57 3.88 10.39 3.43 8.92 8.80 7.77 6.22 5.14 9.46 3.00 3.07 5.36 11.32 5.44 8.80 7.45 8.98 10.18 5.32 6.88 4.68 0.89 9.70 8.80 4.77 4.43 6.77 7.63 7.31 4.64 12.87 6.77 3.06 11.57 7.54 10.52 6.84 7.85 2.43 4.41 6.31 10.83 10.67 
8.74 1.48 3.05 9.56 2.52 7.51 8.78 8.55 7.02 4.29 9.35 1.65 1.61 6.32 10.92 6.27 8.53 7.04 8.91 9.18 5.46 5.99 4.51 0.89 9.12 7.48 3.99 3.76 7.67 6.37 6.45 5.60 12.33 6.26 1.52 10.76 6.93 9.69 6.81 8.44 2.00 4.08 6.55 9.82 10.07 
4.82 7.27 5.16 2.00 5.70 5.64 3.33 7.37 6.96 3.97 3.10 6.79 7.03 7.56 2.95 7.00 1.98 1.66 3.11 2.80 4.54 2.53 4.35 8.86 0.92 4.75 4.23 4.46 7.63 4.17 2.09 7.44 4.13 2.10 7.36 2.96 1.30 2.10 3.34 6.33 6.43 4.45 4.51 3.24 1.86 
7.75 8.05 5.72 2.02 6.15 3.12 6.32 10.10 9.45 4.49 6.08 6.88 7.01 9.83 5.19 9.31 4.97 4.19 6.10 0.82 6.69 2.84 5.99 9.33 3.33 2.24 4.90 5.31 10.18 2.46 2.56 9.54 5.47 4.05 7.25 2.94 3.32 2.09 5.94 9.13 7.22 5.80 7.03 1.36 3.61 
4.50 3.03 2.06 6.41 2.40 6.96 4.43 5.14 3.89 2.23 5.04 3.56 3.89 3.87 6.87 3.45 4.33 3.06 4.58 6.58 1.27 3.41 0.25 4.73 5.40 6.42 1.90 1.54 4.69 5.19 3.66 3.43 8.48 2.51 4.23 7.51 3.36 6.53 2.47 4.64 2.35 0.62 2.36 7.21 6.36 
3.68 5.55 5.98 9.31 6.14 11.00 4.97 1.67 0.37 6.32 5.75 7.04 7.34 0.85 8.32 0.74 5.91 5.71 5.28 9.91 3.14 7.20 4.21 6.87 7.78 10.39 5.99 5.62 0.66 9.19 7.30 1.51 10.13 5.71 7.62 10.17 6.48 9.41 3.97 2.16 5.45 4.71 2.80 10.46 8.58 
4.17 9.53 7.74 3.76 8.27 8.56 2.72 7.07 7.32 6.70 1.94 9.46 9.73 8.23 0.74 7.67 2.21 3.67 2.42 5.07 5.89 5.52 6.32 11.21 2.33 7.65 6.86 6.98 7.76 7.20 5.11 8.38 2.49 4.49 10.08 3.73 4.03 3.75 4.31 5.97 8.76 6.65 5.27 5.19 2.10 
6.63 9.42 7.19 0.77 7.71 5.87 5.04 9.40 9.16 5.93 4.50 8.69 8.89 9.83 2.72 9.26 3.74 3.97 4.74 2.02 6.85 4.24 6.64 10.94 1.76 5.00 6.26 6.57 9.79 4.99 3.78 9.73 2.72 4.38 9.19 0.65 3.53 0.67 5.57 8.32 8.57 6.69 6.74 1.94 1.24 
3.68 3.89 3.95 7.80 4.15 8.99 4.35 3.28 1.89 4.27 5.12 5.13 5.44 1.87 7.45 1.41 4.86 4.18 4.61 8.22 1.31 5.28 2.18 5.43 6.46 8.42 3.94 3.56 2.67 7.20 5.45 1.61 9.22 3.97 5.75 8.78 4.80 7.91 2.70 3.07 3.59 2.66 1.70 8.81 7.36 
6.91 1.32 3.30 9.46 3.03 8.79 7.33 6.20 4.65 4.44 8.03 3.21 3.42 3.84 10.04 3.87 7.46 6.24 7.53 9.43 3.84 6.11 3.42 2.29 8.57 8.51 4.02 3.61 5.23 7.27 6.48 3.12 11.66 5.64 3.58 10.60 6.47 9.58 5.41 6.26 1.87 3.30 4.78 10.08 9.54 
5.19 3.58 1.55 5.28 2.08 5.48 4.65 6.41 5.30 0.86 5.07 3.27 3.56 5.36 6.37 4.92 4.09 2.52 4.69 5.25 2.46 1.97 1.33 5.16 4.59 4.92 0.75 0.79 6.09 3.69 2.29 4.93 7.80 1.72 3.91 6.44 2.40 5.40 2.89 5.75 2.74 0.99 3.35 5.90 5.55 
9.58 7.49 5.39 4.80 5.62 0.34 8.38 11.47 10.50 4.53 8.33 5.85 5.85 10.60 7.89 10.16 7.14 5.90 8.23 3.56 7.62 3.68 6.57 8.35 5.89 0.56 4.92 5.35 11.28 1.55 3.77 10.14 8.26 5.40 5.98 5.69 5.01 4.88 7.43 10.65 6.78 6.15 8.30 3.92 6.34 
4.12 5.94 3.96 3.33 4.50 5.80 2.94 6.34 5.74 2.89 3.06 5.66 5.93 6.25 3.95 5.70 1.90 0.44 2.84 3.84 3.16 1.97 2.94 7.57 2.22 4.98 3.06 3.22 6.46 4.08 1.73 6.08 5.39 0.73 6.27 4.36 0.47 3.44 2.18 5.38 5.12 3.08 3.30 4.39 3.19 
4.77 4.09 4.95 9.40 5.00 10.31 5.75 3.27 1.77 5.56 6.53 5.73 6.02 0.83 8.96 1.00 6.40 5.78 6.03 9.80 2.91 6.77 3.58 5.30 8.06 9.80 5.18 4.76 2.23 8.56 6.97 0.10 10.75 5.55 6.26 10.38 6.39 9.51 4.26 3.59 4.13 3.94 3.16 10.39 8.95 
4.86 3.76 1.84 5.17 2.36 5.69 4.32 6.14 5.07 1.18 4.75 3.57 3.87 5.19 6.12 4.72 3.79 2.24 4.37 5.24 2.20 2.02 1.18 5.38 4.39 5.10 1.08 1.07 5.85 3.88 2.29 4.79 7.58 1.47 4.22 6.32 2.22 5.30 2.56 5.45 2.93 0.99 3.04 5.87 5.36 
1.42 7.09 6.69 7.95 7.03 10.78 2.99 1.49 2.20 6.53 3.69 8.14 8.47 3.30 6.27 2.89 4.24 4.71 3.31 8.83 3.37 6.80 4.62 8.65 6.25 10.03 6.34 6.09 2.32 8.97 6.74 3.79 8.07 5.08 8.79 8.59 5.61 8.03 3.05 0.40 6.71 5.21 2.33 9.28 6.88 
5.10 2.47 1.55 6.68 1.83 6.77 5.03 5.61 4.29 2.03 5.62 2.97 3.29 4.13 7.36 3.77 4.86 3.50 5.16 6.73 1.85 3.46 0.76 4.17 5.79 6.29 1.64 1.21 5.07 5.04 3.78 3.60 8.93 2.86 3.63 7.81 3.68 6.80 3.06 5.17 1.75 0.52 2.95 7.37 6.76 
8.37 8.16 5.85 2.68 6.24 2.50 6.97 10.66 9.94 4.67 6.76 6.85 6.95 10.26 5.89 9.75 5.64 4.76 6.77 1.39 7.13 3.15 6.34 9.34 4.04 1.67 5.09 5.52 10.68 2.21 2.95 9.93 6.10 4.54 7.17 3.51 3.87 2.75 6.49 9.71 7.34 6.09 7.55 1.75 4.31 
4.39 8.25 6.28 2.39 6.82 6.86 2.79 7.18 7.06 5.15 2.28 7.96 8.22 7.81 1.66 7.24 1.53 2.33 2.49 3.58 5.03 3.83 5.15 9.89 0.67 5.96 5.36 5.54 7.64 5.46 3.40 7.81 3.09 3.05 8.55 2.85 2.43 2.42 3.57 6.09 7.44 5.37 4.71 3.84 1.16 
7.27 10.55 8.33 1.86 8.85 6.74 5.67 10.11 10.01 7.07 5.03 9.83 10.03 10.73 2.76 10.16 4.48 4.97 5.35 2.87 7.83 5.39 7.71 12.07 2.64 5.90 7.40 7.70 10.59 6.04 4.92 10.69 2.00 5.45 10.33 0.74 4.62 1.74 6.47 9.01 9.70 7.79 7.64 2.56 1.80 
2.20 6.44 4.98 4.65 5.47 7.73 1.15 4.68 4.43 4.25 1.63 6.70 7.00 5.18 3.73 4.61 1.15 1.50 1.20 5.48 2.64 3.83 3.22 8.14 3.01 6.91 4.25 4.22 5.03 5.98 3.65 5.23 5.50 2.15 7.36 5.40 2.40 4.73 1.05 3.63 5.73 3.66 2.10 5.94 3.79 
4.36 8.01 6.02 2.33 6.56 6.66 2.78 7.12 6.94 4.89 2.33 7.70 7.96 7.67 1.92 7.10 1.46 2.10 2.49 3.46 4.84 3.57 4.92 9.65 0.57 5.76 5.10 5.29 7.54 5.23 3.14 7.65 3.33 2.80 8.29 2.90 2.17 2.38 3.41 6.04 7.19 5.13 4.57 3.76 1.29 
7.36 5.98 3.68 3.70 4.05 2.54 6.23 9.23 8.30 2.56 6.27 4.69 4.81 8.47 6.29 8.00 5.08 3.72 6.12 2.93 5.42 1.43 4.45 7.17 4.19 1.83 2.98 3.42 9.08 0.78 1.57 8.06 7.07 3.16 5.05 4.85 2.85 3.81 5.19 8.40 5.17 4.10 6.07 3.55 4.88 
1.74 6.51 6.22 7.98 6.53 10.52 3.19 1.35 1.64 6.15 3.94 7.62 7.95 2.73 6.53 2.29 4.34 4.59 3.51 8.78 2.91 6.55 4.17 8.06 6.31 9.79 5.93 5.65 1.90 8.70 6.53 3.19 8.35 4.86 8.27 8.69 5.47 8.06 2.85 0.47 6.16 4.75 1.95 9.26 7.01 
5.82 10.12 8.07 2.53 8.61 7.65 4.26 8.71 8.78 6.88 3.55 9.71 9.95 9.60 1.09 9.03 3.27 4.23 3.94 3.85 6.92 5.38 7.05 11.74 2.00 6.76 7.14 7.36 9.30 6.59 4.91 9.65 1.22 4.90 10.27 2.07 4.19 2.47 5.42 7.61 9.30 7.25 6.53 3.79 1.10 
5.71 7.23 5.00 1.60 5.51 4.71 4.27 8.15 7.62 3.74 4.06 6.51 6.72 8.12 3.66 7.57 2.93 2.26 4.06 1.97 5.01 2.07 4.59 8.74 1.57 3.81 4.06 4.38 8.32 3.32 1.60 7.92 4.54 2.37 7.03 2.76 1.52 1.72 4.03 7.15 6.38 4.56 5.17 2.51 2.28 
6.15 6.89 4.60 1.99 5.09 4.04 4.79 8.45 7.80 3.32 4.66 6.02 6.21 8.21 4.37 7.68 3.49 2.54 4.61 1.87 5.07 1.59 4.48 8.33 2.28 3.15 3.69 4.05 8.53 2.61 1.15 7.96 5.18 2.42 6.50 3.19 1.66 2.12 4.29 7.49 6.04 4.37 5.38 2.50 2.96 
4.36 6.07 4.03 3.09 4.57 5.58 3.13 6.61 6.01 2.91 3.19 5.71 5.97 6.51 3.90 5.96 2.01 0.69 3.01 3.57 3.41 1.83 3.13 7.68 2.07 4.75 3.11 3.30 6.73 3.88 1.54 6.33 5.27 0.88 6.31 4.14 0.26 3.20 2.45 5.64 5.24 3.24 3.57 4.12 3.05 
6.81 5.54 3.21 3.73 3.63 3.13 5.74 8.63 7.69 2.03 5.83 4.38 4.54 7.87 6.06 7.40 4.64 3.20 5.64 3.17 4.82 0.86 3.85 6.81 3.96 2.44 2.45 2.88 8.47 1.32 1.11 7.46 6.98 2.60 4.81 4.92 2.38 3.86 4.61 7.82 4.71 3.52 5.47 3.81 4.73 
8.35 4.54 2.68 5.99 2.76 3.09 7.57 9.60 8.38 2.37 7.81 2.84 2.85 8.24 8.34 7.89 6.66 5.08 7.53 5.21 5.64 2.88 4.41 5.34 6.25 3.04 2.60 2.95 9.17 2.03 3.30 7.68 9.29 4.30 3.01 7.14 4.43 6.10 6.04 8.98 3.90 3.86 6.57 5.80 7.04 
6.20 7.04 4.75 1.84 5.24 4.07 4.82 8.53 7.90 3.48 4.66 6.17 6.36 8.33 4.29 7.80 3.50 2.61 4.63 1.74 5.19 1.74 4.62 8.48 2.21 3.17 3.84 4.20 8.63 2.70 1.31 8.08 5.06 2.53 6.65 3.04 1.76 1.97 4.37 7.56 6.19 4.51 5.47 2.36 2.85 
3.34 5.99 4.23 3.85 4.75 6.56 2.22 5.62 5.12 3.31 2.45 5.95 6.24 5.71 3.82 5.14 1.41 0.34 2.16 4.51 2.74 2.68 2.83 7.67 2.46 5.75 3.39 3.46 5.80 4.82 2.48 5.60 5.43 1.08 6.59 4.78 1.25 3.95 1.50 4.63 5.21 3.11 2.66 5.03 3.39 
7.53 0.93 3.21 9.62 2.84 8.54 7.85 6.93 5.38 4.44 8.52 2.76 2.91 4.58 10.42 4.60 7.88 6.57 8.04 9.49 4.37 6.16 3.77 1.55 8.85 8.33 4.05 3.67 5.97 7.12 6.57 3.86 12.00 5.91 3.02 10.78 6.70 9.74 5.90 6.96 1.72 3.55 5.37 10.14 9.82 
5.69 3.48 1.26 5.34 1.79 5.10 5.11 6.89 5.73 0.37 5.50 2.92 3.19 5.74 6.68 5.32 4.49 2.89 5.15 5.19 2.92 1.87 1.74 4.98 4.82 4.59 0.32 0.64 6.53 3.34 2.26 5.27 8.03 2.06 3.54 6.53 2.63 5.47 3.39 6.24 2.63 1.28 3.84 5.84 5.77 
1.99 5.32 4.55 6.43 4.93 8.64 2.45 3.13 2.53 4.32 3.22 6.10 6.43 3.23 5.63 2.66 3.10 2.86 2.72 7.09 1.30 4.68 2.48 6.99 4.90 7.93 4.14 3.91 3.21 6.82 4.68 3.30 7.42 3.02 6.77 7.28 3.69 6.52 1.10 2.31 4.79 3.06 0.22 7.62 5.73 
6.60 11.17 9.11 3.26 9.64 8.37 5.10 9.51 9.68 7.91 4.35 10.73 10.97 10.54 1.75 9.97 4.24 5.27 4.78 4.50 7.93 6.37 8.09 12.79 3.04 7.50 8.17 8.40 10.16 7.45 5.90 10.61 0.21 5.95 11.29 2.46 5.23 3.17 6.41 8.40 10.34 8.30 7.48 4.30 2.10 
5.33 9.99 8.01 2.91 8.55 7.98 3.80 8.23 8.37 6.87 3.06 9.68 9.94 9.22 0.53 8.65 2.93 4.06 3.48 4.25 6.64 5.45 6.86 11.64 2.02 7.08 7.09 7.28 8.86 6.81 4.99 9.30 1.42 4.79 10.27 2.60 4.14 2.87 5.10 7.13 9.18 7.11 6.17 4.25 1.30 
9.27 2.32 4.56 11.11 4.09 9.37 9.61 8.47 6.94 5.84 10.27 3.47 3.47 6.03 12.12 6.15 9.60 8.24 9.79 10.85 6.13 7.58 5.49 0.97 10.47 9.32 5.48 5.16 7.44 8.18 8.01 5.32 13.65 7.54 3.38 12.30 8.30 11.24 7.66 8.61 3.16 5.20 7.12 11.50 11.44 
8.45 3.74 2.25 6.80 2.15 4.00 7.84 9.40 8.09 2.45 8.16 1.94 1.90 7.83 8.95 7.53 7.07 5.45 7.84 6.11 5.50 3.48 4.24 4.40 6.90 4.01 2.53 2.76 8.86 3.00 3.93 7.22 10.02 4.63 2.04 7.98 4.92 6.93 6.15 8.88 3.20 3.66 6.51 6.72 7.74 
6.86 9.28 7.03 0.48 7.53 5.47 5.27 9.58 9.28 5.76 4.77 8.48 8.67 9.90 3.12 9.34 3.94 4.00 4.98 1.61 6.87 4.04 6.59 10.77 1.94 4.60 6.10 6.43 9.92 4.65 3.59 9.78 3.11 4.34 8.97 0.72 3.48 0.35 5.66 8.51 8.43 6.60 6.84 1.53 1.59 
7.07 11.35 9.24 3.13 9.77 8.16 5.54 9.97 10.10 8.02 4.80 10.83 11.06 10.93 2.22 10.36 4.60 5.52 5.22 4.29 8.25 6.43 8.34 12.95 3.21 7.31 8.31 8.56 10.60 7.35 5.95 10.98 0.65 6.15 11.37 2.17 5.39 3.03 6.75 8.87 10.52 8.51 7.86 4.02 2.24 
5.75 2.49 3.77 9.20 3.68 9.30 6.38 4.81 3.26 4.65 7.12 4.24 4.50 2.45 9.33 2.48 6.72 5.73 6.62 9.37 2.99 6.13 3.04 3.68 8.09 8.90 4.24 3.79 3.83 7.64 6.43 1.73 11.04 5.28 4.72 10.28 6.14 9.32 4.57 4.93 2.66 3.17 3.74 10.00 9.04 
8.33 5.01 3.02 5.53 3.17 2.60 7.45 9.73 8.57 2.48 7.63 3.37 3.39 8.50 8.00 8.12 6.47 4.93 7.39 4.70 5.77 2.63 4.58 5.88 5.91 2.49 2.78 3.17 9.36 1.49 3.01 7.97 8.88 4.19 3.56 6.67 4.21 5.65 6.03 9.06 4.33 4.06 6.65 5.28 6.66 
8.88 8.47 6.18 3.08 6.54 2.27 7.48 11.15 10.41 5.04 7.26 7.08 7.16 10.72 6.32 10.22 6.14 5.26 7.27 1.75 7.59 3.58 6.78 9.59 4.51 1.56 5.46 5.89 11.17 2.38 3.41 10.38 6.43 5.03 7.36 3.80 4.37 3.13 6.99 10.21 7.67 6.50 8.04 1.97 4.73 
0.64 7.21 6.55 7.25 6.93 10.30 2.23 2.26 2.80 6.25 2.91 8.09 8.42 3.87 5.50 3.40 3.52 4.14 2.55 8.17 3.28 6.33 4.48 8.82 5.53 9.52 6.10 5.89 3.04 8.51 6.23 4.28 7.29 4.60 8.76 7.86 5.05 7.32 2.60 1.16 6.74 5.06 2.18 8.61 6.13 
3.72 7.54 5.66 2.94 6.19 6.89 2.16 6.44 6.25 4.60 1.83 7.37 7.64 6.99 2.27 6.42 0.80 1.62 1.90 3.97 4.21 3.49 4.39 9.20 1.21 6.01 4.77 4.91 6.85 5.35 3.11 6.98 3.87 2.40 7.98 3.59 1.95 3.00 2.74 5.36 6.75 4.65 3.89 4.34 1.97 
4.37 8.58 6.64 2.59 7.17 7.21 2.77 7.21 7.17 5.52 2.17 8.32 8.58 7.96 1.28 7.39 1.63 2.65 2.46 3.83 5.26 4.22 5.45 10.23 0.98 6.30 5.72 5.89 7.72 5.83 3.79 7.99 2.81 3.39 8.92 2.89 2.80 2.61 3.76 6.11 7.77 5.69 4.87 4.05 1.14 
7.48 7.54 5.21 2.22 5.64 2.97 6.10 9.75 9.05 3.99 5.92 6.37 6.51 9.40 5.26 8.88 4.78 3.86 5.90 1.23 6.26 2.35 5.52 8.82 3.29 2.07 4.40 4.81 9.79 2.05 2.09 9.09 5.70 3.65 6.76 3.26 2.97 2.32 5.59 8.81 6.71 5.31 6.65 1.84 3.71 
10.05 7.98 5.89 5.03 6.11 0.39 8.82 11.97 11.01 5.05 8.74 6.30 6.29 11.12 8.19 10.67 7.56 6.37 8.66 3.74 8.14 4.17 7.09 8.79 6.23 0.96 5.44 5.87 11.80 2.07 4.24 10.66 8.46 5.89 6.41 5.85 5.46 5.10 7.92 11.14 7.28 6.67 8.81 4.03 6.62 
2.14 5.90 5.70 7.95 5.99 10.19 3.41 1.56 1.20 5.71 4.19 7.06 7.38 2.23 6.76 1.74 4.42 4.44 3.72 8.67 2.43 6.25 3.68 7.43 6.34 9.50 5.47 5.16 1.69 8.37 6.27 2.62 8.58 4.62 7.69 8.74 5.29 8.04 2.67 1.06 5.57 4.26 1.61 9.18 7.10 
4.40 3.41 2.05 5.88 2.48 6.58 4.15 5.35 4.20 1.91 4.71 3.69 4.01 4.28 6.42 3.83 3.92 2.57 4.27 6.05 1.39 2.92 0.29 5.10 4.89 6.00 1.65 1.39 4.99 4.78 3.15 3.89 8.00 1.98 4.36 6.98 2.83 6.00 2.22 4.74 2.67 0.59 2.37 6.68 5.86 
