5.59 5.37 7.07 4.58 1.91 5.21 6.85 0.55 8.57 5.42 4.19 3.17 7.35 6.02 1.40 7.19 5.50 4.04 9.24 9.50 
7.66 0.85 6.05 0.98 6.14 6.67 6.00 5.22 6.57 1.16 6.03 1.86 8.64 4.11 5.74 8.80 1.15 1.59 9.97 6.92 
3.74 8.18 7.16 7.54 1.36 4.07 6.89 2.87 8.98 8.33 3.29 6.25 5.66 7.00 3.54 5.29 8.39 7.13 7.63 10.17 
6.95 5.21 2.87 5.84 8.23 5.83 3.06 8.21 2.06 5.63 5.97 6.37 6.74 1.94 9.17 7.17 5.52 6.42 7.13 2.06 
7.77 2.17 7.18 1.22 5.25 6.95 7.07 4.01 8.03 2.07 6.11 0.37 9.09 5.40 4.25 9.13 2.19 0.56 10.66 8.54 
3.34 11.03 5.07 10.98 7.55 3.81 4.91 8.87 6.39 11.39 4.77 10.37 1.63 6.77 9.92 1.72 11.36 11.05 1.24 7.61 
3.25 5.32 3.93 5.01 3.02 2.41 3.69 3.43 5.57 5.60 1.59 4.19 4.58 3.32 4.54 4.59 5.60 4.94 6.29 6.65 
2.00 10.35 5.23 10.17 6.06 2.85 5.00 7.46 6.86 10.68 3.64 9.38 1.38 6.56 8.47 0.87 10.67 10.14 2.71 8.16 
4.53 6.10 0.60 6.38 6.59 3.46 0.65 6.99 1.97 6.51 3.81 6.35 4.27 1.38 8.07 4.70 6.44 6.73 4.90 3.16 
3.29 5.70 4.81 5.24 2.09 2.72 4.56 2.64 6.49 5.92 1.72 4.21 4.90 4.24 3.77 4.81 5.95 5.04 6.75 7.58 
0.54 8.06 3.89 7.84 4.22 0.61 3.61 5.42 5.74 8.37 1.32 7.05 1.93 4.67 6.50 1.78 8.37 7.80 3.87 7.03 
1.40 8.13 5.25 7.73 2.90 1.90 4.97 4.31 7.11 8.38 1.53 6.70 3.33 5.60 5.31 2.99 8.40 7.54 5.31 8.38 
5.53 3.20 5.13 2.76 3.86 4.66 4.98 3.23 6.29 3.42 3.87 1.96 6.79 3.62 4.05 6.85 3.45 2.66 8.37 7.06 
3.11 9.61 3.37 9.66 7.16 3.01 3.24 8.27 4.68 9.99 4.04 9.21 1.29 5.16 9.38 1.84 9.95 9.82 1.13 5.91 
8.62 0.69 7.14 0.46 6.69 7.67 7.10 5.57 7.62 0.44 6.97 1.88 9.68 5.20 5.89 9.82 0.56 1.13 11.05 7.89 
5.08 5.47 6.65 4.73 1.55 4.70 6.43 0.71 8.19 5.56 3.67 3.38 6.84 5.70 1.80 6.67 5.63 4.26 8.72 9.17 
7.81 4.81 3.84 5.55 8.73 6.67 4.02 8.55 2.95 5.21 6.72 6.29 7.69 2.64 9.44 8.12 5.09 6.20 8.12 2.61 
7.85 2.80 7.60 1.84 5.00 7.10 7.48 3.64 8.55 2.67 6.21 0.73 9.27 5.90 3.75 9.28 2.79 1.11 10.91 9.11 
6.02 2.77 3.99 2.98 5.60 4.93 3.94 5.20 4.68 3.16 4.49 3.15 6.75 2.09 6.05 6.97 3.11 3.38 7.96 5.24 
6.05 2.91 3.80 3.20 5.82 4.94 3.77 5.46 4.42 3.32 4.56 3.43 6.69 1.87 6.33 6.93 3.25 3.63 7.84 4.96 
6.34 8.99 2.77 9.42 9.48 5.61 2.99 10.10 2.00 9.41 6.37 9.55 5.03 4.39 11.21 5.60 9.32 9.86 4.28 2.62 
0.42 8.26 3.97 8.05 4.36 0.78 3.69 5.59 5.81 8.57 1.52 7.26 1.77 4.82 6.66 1.59 8.57 8.01 3.73 7.11 
2.77 5.79 2.97 5.64 3.88 1.71 2.71 4.46 4.70 6.12 1.34 5.02 3.74 2.77 5.58 3.85 6.11 5.69 5.34 5.86 
4.29 5.69 6.04 5.06 1.26 3.92 5.80 1.36 7.66 5.84 2.90 3.79 6.05 5.26 2.49 5.89 5.90 4.68 7.95 8.69 
6.73 4.55 2.96 5.15 7.69 5.60 3.10 7.60 2.57 4.97 5.63 5.67 6.72 1.55 8.53 7.12 4.86 5.72 7.31 2.75 
5.65 6.51 7.80 5.70 1.47 5.50 7.56 0.62 9.40 6.55 4.49 4.28 7.53 6.95 0.96 7.28 6.64 5.13 9.47 10.41 
1.09 8.11 4.97 7.75 3.16 1.60 4.68 4.53 6.83 8.38 1.36 6.77 3.02 5.40 5.55 2.70 8.39 7.59 4.99 8.11 
4.66 3.99 4.58 3.62 3.38 3.79 4.40 3.11 5.93 4.24 2.99 2.80 5.94 3.33 4.09 5.98 4.26 3.53 7.56 6.82 
4.86 6.09 6.87 5.36 0.98 4.62 6.63 0.67 8.49 6.18 3.60 4.00 6.70 6.07 1.74 6.49 6.25 4.88 8.62 9.52 
3.04 9.37 3.13 9.43 7.03 2.87 2.99 8.11 4.47 9.75 3.88 8.99 1.32 4.91 9.22 1.88 9.71 9.59 1.36 5.71 
2.83 8.41 6.56 7.86 2.02 3.31 6.28 3.58 8.41 8.60 2.68 6.65 4.74 6.64 4.39 4.34 8.64 7.53 6.70 9.65 
0.96 9.47 5.09 9.21 4.82 2.06 4.82 6.23 6.87 9.77 2.61 8.33 1.83 6.09 7.23 1.32 9.77 9.12 3.67 8.18 
6.06 7.54 8.65 6.70 1.90 6.09 8.40 1.68 10.31 7.56 5.12 5.28 7.98 7.92 1.41 7.67 7.65 6.10 9.95 11.36 
3.05 5.82 2.26 5.79 4.59 1.91 2.01 5.13 3.99 6.17 1.89 5.32 3.63 2.21 6.24 3.84 6.15 5.92 5.02 5.16 
5.09 4.59 2.11 4.88 6.06 3.94 2.10 6.14 2.93 5.00 3.90 4.95 5.34 0.27 7.15 5.66 4.93 5.26 6.27 3.75 
4.23 6.06 6.25 5.40 0.89 3.95 6.01 1.31 7.91 6.19 2.93 4.12 6.04 5.56 2.41 5.84 6.25 5.01 7.96 8.97 
5.83 7.55 1.64 7.99 8.48 4.92 1.91 8.94 0.70 7.97 5.51 8.15 4.93 2.98 10.03 5.47 7.88 8.43 4.76 1.87 
6.40 8.81 2.70 9.26 9.46 5.64 2.93 10.05 1.79 9.23 6.37 9.41 5.15 4.24 11.15 5.72 9.14 9.70 4.46 2.38 
3.50 5.87 5.31 5.35 1.59 3.07 5.06 2.20 6.99 6.07 2.05 4.22 5.22 4.72 3.32 5.07 6.11 5.07 7.10 8.08 
9.97 1.46 8.06 1.90 8.14 8.97 8.06 6.99 8.25 1.16 8.33 3.28 10.91 6.08 7.24 11.09 1.15 2.44 12.16 8.29 
0.77 7.76 3.81 7.54 3.99 0.43 3.53 5.15 5.67 8.07 1.01 6.74 2.20 4.47 6.24 2.08 8.07 7.49 4.12 6.96 
5.42 4.64 6.40 3.90 2.35 4.87 6.19 1.36 7.82 4.73 3.88 2.57 7.06 5.23 2.21 6.96 4.80 3.45 8.87 8.72 
5.05 7.76 1.23 8.10 7.95 4.20 1.43 8.55 1.49 8.17 4.88 8.11 4.08 3.04 9.65 4.62 8.10 8.48 3.95 2.72 
5.26 7.69 8.11 6.91 1.27 5.37 7.85 1.80 9.83 7.75 4.44 5.51 7.19 7.55 2.04 6.87 7.84 6.37 9.17 10.93 
6.03 4.96 7.21 4.13 2.45 5.57 7.01 1.02 8.63 4.98 4.56 2.71 7.74 6.02 1.50 7.61 5.08 3.56 9.59 9.51 
4.12 6.57 6.53 5.91 0.38 3.99 6.27 1.47 8.23 6.71 3.00 4.61 6.00 5.95 2.46 5.75 6.77 5.50 7.95 9.32 
10.11 1.67 8.34 1.93 8.14 9.13 8.33 6.94 8.56 1.31 8.47 3.24 11.11 6.36 7.14 11.27 1.34 2.37 12.39 8.63 
2.25 9.94 4.30 9.87 6.47 2.65 4.10 7.74 5.83 10.30 3.62 9.22 0.49 5.83 8.81 0.64 10.27 9.92 1.74 7.11 
7.53 1.49 5.27 2.11 6.68 6.46 5.27 5.98 5.57 1.91 5.98 2.96 8.26 3.30 6.64 8.49 1.82 2.76 9.41 5.82 
2.91 10.92 5.25 10.82 7.07 3.54 5.07 8.43 6.70 11.27 4.44 10.13 1.49 6.83 9.46 1.35 11.25 10.85 1.85 7.95 
6.58 4.94 7.68 4.05 2.90 6.12 7.49 1.37 9.05 4.91 5.11 2.62 8.29 6.42 1.40 8.16 5.01 3.42 10.14 9.89 
3.88 8.54 1.93 8.73 7.38 3.28 1.88 8.23 3.05 8.94 4.17 8.49 2.58 3.88 9.35 3.14 8.88 8.99 2.47 4.28 
1.03 8.77 3.81 8.63 5.18 1.33 3.56 6.41 5.57 9.11 2.27 7.92 0.95 4.98 7.48 0.86 9.09 8.64 2.91 6.88 
4.00 6.04 0.89 6.23 6.02 2.90 0.72 6.48 2.55 6.44 3.22 6.08 3.91 1.48 7.57 4.29 6.38 6.52 4.76 3.75 
0.98 7.53 3.91 7.28 3.67 0.58 3.63 4.82 5.77 7.83 0.70 6.45 2.54 4.42 5.91 2.41 7.83 7.21 4.45 7.05 
8.29 3.15 8.15 2.19 5.23 7.57 8.02 3.79 9.10 2.96 6.66 1.27 9.75 6.45 3.74 9.74 3.09 1.43 11.42 9.65 
3.57 11.31 5.33 11.26 7.77 4.07 5.18 9.10 6.62 11.67 5.03 10.64 1.90 7.04 10.15 1.96 11.64 11.33 1.36 7.82 
4.83 5.35 1.35 5.65 6.36 3.70 1.37 6.61 2.32 5.76 3.86 5.68 4.82 0.63 7.66 5.20 5.69 6.02 5.60 3.31 
6.78 3.78 3.40 4.38 7.30 5.64 3.49 7.07 3.30 4.20 5.53 4.93 6.98 1.62 7.96 7.34 4.10 4.96 7.75 3.52 
3.72 10.08 3.66 10.17 7.80 3.65 3.56 8.90 4.74 10.47 4.67 9.77 1.85 5.53 10.01 2.35 10.42 10.35 0.71 5.91 
