1 74 84 55 77 61 75 29 14 16 21
2 1 53 17 89 66 31 91 71 58 19
3 30 65 4 75 97 94 91 86 86 55
4 43 35 80 67 51 84 73 84 98 20
5 28 32 61 15 39 65 59 45 26 90
6 28 38 35 85 3 86 74 87 2 76
7 74 60 36 29 21 61 58 59 58 89
8 90 13 41 23 78 26 48 62 3 10
9 50 36 3 61 29 86 31 4 67 57
10 34 65 29 16 99 93 23 2 72 56
11 10 78 94 9 9 45 99 38 81 93
12 88 34 28 96 67 43 25 87 35 71
13 40 63 15 64 48 53 32 94 27 31
14 42 86 2 69 10 52 42 7 42 14
15 31 99 2 6 91 71 25 64 98 6
16 1 67 89 50 11 94 60 91 31 29
17 46 41 54 17 66 35 84 99 29 88
18 86 81 51 35 46 92 93 45 59 96
19 77 34 58 51 16 98 21 68 49 23
20 21 82 77 26 66 2 94 81 56 22
21 63 4 96 54 19 99 61 50 51 69
22 45 43 63 14 96 2 46 20 6 68
23 8 13 15 50 47 8 88 26 71 66
24 64 94 5 87 53 48 66 99 38 11
25 70 33 33 9 96 94 99 3 1 37
26 53 88 36 75 51 52 16 26 60 55
27 55 71 21 9 85 9 31 52 43 40
28 82 94 68 82 52 24 76 4 33 100
29 29 17 17 99 27 42 48 43 46 24
30 63 58 57 87 66 17 31 4 57 64
31 14 18 75 52 88 34 62 46 4 45
32 16 71 21 41 28 24 16 94 77 78
33 70 12 87 7 23 26 18 14 100 43
34 34 25 80 81 65 21 87 6 88 47
35 79 30 43 29 91 23 83 29 3 83
36 100 78 76 72 61 15 38 82 39 56
37 20 68 74 9 49 33 7 33 52 63
38 59 23 67 81 94 81 20 86 50 20
39 73 72 94 95 1 83 51 65 6 3
40 21 32 100 25 73 35 74 2 23 58
41 58 27 82 55 46 87 73 80 2 50
42 35 11 11 35 81 83 49 13 60 17
43 90 4 78 40 52 64 98 8 56 87
44 9 88 22 79 100 94 44 82 32 87
45 98 68 98 33 25 31 61 46 98 28
46 11 37 41 87 91 75 55 84 81 88
47 43 14 6 8 65 14 48 65 25 67
48 91 67 44 35 18 89 3 12 52 72
49 12 58 26 1 29 75 61 33 57 4
50 19 58 88 91 16 28 58 76 67 32
51 85 46 72 49 98 39 76 73 20 22
52 58 49 84 34 67 27 7 32 38 89
53 76 20 51 16 42 75 6 4 96 96
54 15 72 64 37 93 12 83 72 52 59
55 91 13 55 99 2 70 97 77 88 38
56 86 76 95 56 5 44 95 35 40 7
57 7 11 25 81 24 96 52 22 99 37
58 49 6 57 45 5 7 97 96 79 68
59 17 13 91 35 86 20 100 15 34 98
60 38 69 68 56 51 100 37 85 66 1
61 35 12 33 83 9 86 7 23 57 78
62 89 43 13 55 62 61 62 18 46 19
63 17 36 3 71 34 100 83 45 59 66
64 82 78 38 27 8 99 41 15 89 46
65 78 83 93 25 80 55 34 17 93 36
