4.62 1.08 5.27 1.95 7.29 2.12 3.18 2.32 3.07 5.76 
0.96 6.21 4.37 7.19 2.08 5.33 4.75 7.28 8.13 6.08 
3.87 2.89 3.47 2.98 6.47 0.61 1.28 4.10 3.56 3.87 
0.73 6.30 3.87 7.18 1.95 5.15 4.45 7.42 8.05 5.61 
7.38 1.79 7.99 1.93 10.00 4.48 5.75 0.69 2.76 8.16 
6.21 5.80 9.27 7.29 7.57 7.66 8.15 5.89 8.55 10.54 
4.44 3.61 3.13 3.30 6.90 0.62 0.86 4.75 3.54 3.11 
5.75 3.40 8.07 4.87 7.84 5.71 6.48 3.39 6.11 9.04 
3.24 3.51 5.85 4.87 5.44 4.38 4.70 4.29 6.06 7.08 
9.54 4.38 8.92 3.12 12.21 5.45 6.67 3.92 2.30 8.40 
9.60 4.09 9.48 3.21 12.27 5.89 7.18 3.28 2.91 9.19 
1.28 6.59 4.56 7.57 1.73 5.69 5.08 7.66 8.51 6.30 
5.01 6.31 8.36 7.78 5.92 7.48 7.68 6.73 9.01 9.83 
5.34 0.28 6.05 1.58 7.98 2.76 3.91 1.52 2.82 6.46 
8.31 2.87 8.21 1.90 10.98 4.61 5.91 2.28 1.80 8.01 
4.89 1.03 6.16 2.50 7.47 3.23 4.20 1.88 3.74 6.80 
6.10 4.98 8.93 6.47 7.74 7.03 7.63 5.01 7.72 10.10 
3.56 5.87 0.52 5.87 5.29 3.11 1.80 7.09 6.14 1.63 
5.49 2.62 4.64 1.88 8.09 1.12 2.35 3.57 2.04 4.46 
4.26 3.71 6.93 5.18 6.25 5.19 5.67 4.19 6.42 8.11 
3.84 2.49 5.89 3.89 6.25 3.78 4.37 3.28 5.10 6.89 
0.73 6.31 3.85 7.19 1.95 5.14 4.44 7.43 8.05 5.58 
2.85 4.83 6.06 6.17 4.50 5.33 5.39 5.61 7.33 7.50 
1.67 4.07 4.25 5.11 4.20 3.65 3.53 5.15 6.12 5.63 
2.89 5.44 0.95 5.60 4.81 2.88 1.64 6.67 6.01 2.32 
2.11 7.43 5.14 8.44 1.12 6.54 5.87 8.48 9.37 6.91 
1.65 5.24 5.05 6.40 3.38 5.01 4.78 6.20 7.46 6.61 
3.39 3.85 2.48 3.94 5.85 1.26 0.53 5.08 4.41 3.05 
5.87 2.37 7.72 3.79 8.21 4.97 5.90 2.26 5.02 8.50 
6.05 4.82 3.80 3.98 8.34 2.21 2.25 5.77 3.61 2.84 
4.87 2.22 4.43 1.94 7.51 0.84 2.14 3.33 2.48 4.53 
7.69 2.12 8.34 2.24 10.30 4.82 6.09 0.95 2.99 8.50 
4.03 4.88 1.79 4.69 6.17 1.96 0.73 6.07 4.89 1.87 
5.90 1.63 5.65 0.72 8.57 2.04 3.35 2.41 1.47 5.62 
1.56 4.58 2.58 5.18 4.09 2.91 2.25 5.79 5.92 3.99 
3.97 6.30 7.42 7.70 4.73 6.98 6.99 6.92 8.89 8.97 
4.92 5.37 2.20 4.94 6.95 2.38 1.48 6.49 4.90 1.40 
6.19 6.13 9.34 7.63 7.40 7.89 8.32 6.27 8.88 10.66 
3.67 5.84 7.07 7.24 4.68 6.53 6.56 6.50 8.43 8.59 
1.46 4.15 3.75 5.07 4.10 3.36 3.11 5.29 6.01 5.14 
8.16 6.83 5.34 5.71 10.24 4.48 4.42 7.60 4.91 3.78 
5.45 2.35 7.38 3.82 7.78 4.76 5.62 2.46 5.07 8.21 
4.62 4.49 2.57 4.10 6.89 1.51 0.85 5.62 4.17 2.24 
4.87 5.70 8.11 7.18 6.07 7.00 7.28 6.10 8.42 9.52 
8.71 3.18 8.74 2.39 11.38 5.13 6.43 2.40 2.35 8.56 
7.03 2.79 6.23 1.34 9.67 2.76 3.97 3.19 0.46 5.83 
2.02 3.95 4.69 5.08 4.42 3.86 3.86 4.96 6.15 6.04 
1.92 5.93 1.62 6.35 3.58 3.79 2.70 7.16 6.93 3.35 
4.24 6.99 0.79 6.92 5.46 4.17 2.87 8.21 7.10 1.41 
0.26 5.36 3.43 6.20 2.93 4.19 3.58 6.50 7.07 5.06 
2.59 3.32 4.90 4.50 5.06 3.55 3.76 4.32 5.61 6.10 
2.56 3.13 4.54 4.22 5.14 3.10 3.31 4.21 5.28 5.69 
5.48 0.99 5.65 0.99 8.15 2.14 3.40 2.01 2.11 5.85 
0.95 5.58 4.45 6.61 2.77 4.92 4.48 6.62 7.59 6.09 
4.78 6.10 1.57 5.78 6.54 3.13 1.99 7.26 5.78 0.61 
9.34 3.79 9.35 3.02 12.00 5.74 7.04 2.92 2.87 9.13 
3.87 5.26 1.33 5.14 5.88 2.39 1.10 6.46 5.35 1.62 
6.45 4.91 4.21 3.96 8.76 2.48 2.65 5.80 3.46 3.17 
7.66 4.41 6.03 3.04 10.18 3.24 4.06 4.91 2.02 5.15 
6.49 1.56 7.73 2.69 9.01 4.53 5.66 0.91 3.84 8.22 
6.08 3.87 4.43 2.91 8.55 1.74 2.42 4.74 2.54 3.78 
3.39 5.77 0.57 5.80 5.16 3.05 1.74 6.99 6.11 1.80 
0.63 5.64 4.14 6.62 2.62 4.80 4.29 6.72 7.56 5.80 
3.28 2.70 3.70 3.22 5.95 1.46 1.87 3.94 4.04 4.44 
8.43 3.15 8.13 1.98 11.11 4.55 5.83 2.71 1.54 7.82 
7.03 2.72 6.28 1.26 9.68 2.79 4.01 3.10 0.38 5.90 
0.58 6.15 3.39 6.94 2.22 4.79 4.03 7.30 7.76 5.12 
5.53 5.45 2.82 4.84 7.60 2.53 1.93 6.51 4.64 1.71 
5.00 5.00 8.03 6.49 6.53 6.56 6.97 5.32 7.74 9.33 
5.77 5.04 3.34 4.32 7.97 2.25 2.00 6.05 4.04 2.34 
9.55 4.10 9.34 3.13 12.23 5.76 7.04 3.36 2.73 9.01 
3.81 2.89 3.45 3.01 6.41 0.68 1.29 4.11 3.61 3.88 
2.86 8.35 5.41 9.29 0.47 7.26 6.47 9.41 10.18 7.18 
0.73 4.89 3.64 5.78 3.37 3.92 3.46 6.02 6.69 5.19 
1.50 4.82 2.39 5.39 3.94 3.06 2.30 6.04 6.11 3.87 
6.07 1.66 5.81 0.58 8.74 2.20 3.50 2.35 1.32 5.76 
1.08 5.91 2.50 6.53 2.89 4.17 3.27 7.11 7.25 4.22 
3.57 3.48 6.18 4.89 5.72 4.58 4.97 4.18 6.10 7.38 
3.31 4.97 6.53 6.35 4.83 5.69 5.81 5.66 7.54 7.96 
8.85 4.16 7.91 2.70 11.49 4.56 5.71 4.05 1.55 7.28 
2.29 7.44 5.47 8.49 1.44 6.70 6.09 8.44 9.46 7.22 
4.27 1.37 5.09 2.32 6.93 2.16 3.10 2.58 3.43 5.69 
6.14 6.17 9.30 7.66 7.33 7.89 8.30 6.32 8.92 10.64 
0.72 5.06 3.96 6.03 3.19 4.26 3.83 6.16 6.97 5.54 
8.03 2.46 8.66 2.50 10.63 5.13 6.41 1.29 3.16 8.80 
6.04 5.94 3.13 5.25 8.02 3.07 2.50 6.97 4.93 1.72 
8.09 5.01 6.24 3.63 10.56 3.71 4.41 5.49 2.57 5.21 
8.53 7.68 5.46 6.61 10.44 5.18 4.93 8.50 5.85 3.76 
2.98 3.80 5.73 5.13 5.12 4.47 4.71 4.61 6.30 7.01 
1.02 5.39 4.48 6.44 2.96 4.80 4.41 6.43 7.43 6.09 
2.50 7.78 5.48 8.80 1.08 6.93 6.26 8.81 9.75 7.25 
2.63 3.49 3.04 3.99 5.25 1.83 1.63 4.72 4.73 4.00 
1.90 6.22 1.76 6.67 3.32 4.12 3.02 7.45 7.26 3.52 
8.20 7.04 5.30 5.95 10.23 4.63 4.50 7.83 5.17 3.70 
0.79 4.93 3.90 5.88 3.32 4.11 3.70 6.03 6.82 5.45 
1.99 5.92 1.54 6.33 3.66 3.75 2.65 7.15 6.89 3.27 
1.81 6.96 2.67 7.54 2.33 5.08 4.05 8.16 8.20 4.43 
6.29 2.89 5.29 1.73 8.90 1.91 3.05 3.61 1.40 4.89 
5.29 0.32 6.03 1.64 7.93 2.76 3.90 1.55 2.88 6.46 
8.76 3.17 8.96 2.59 11.41 5.35 6.66 2.24 2.73 8.86 
5.85 5.23 8.80 6.73 7.37 7.11 7.62 5.36 7.98 10.04 
2.83 7.60 2.31 8.02 3.00 5.40 4.21 8.83 8.55 3.95 
5.99 6.43 9.24 7.93 7.03 8.01 8.35 6.65 9.18 10.63 
3.04 3.22 5.44 4.52 5.40 3.89 4.22 4.11 5.68 6.61 
4.14 3.56 2.99 3.39 6.62 0.63 0.68 4.74 3.72 3.14 
5.48 1.36 6.93 2.83 7.98 3.99 4.99 1.62 4.08 7.59 
7.89 2.52 7.78 1.47 10.57 4.17 5.47 2.09 1.46 7.60 
1.35 6.64 4.63 7.63 1.71 5.76 5.15 7.70 8.57 6.37 
8.25 2.76 8.26 1.91 10.92 4.65 5.95 2.10 1.95 8.10 
7.42 3.62 6.20 2.20 10.01 3.01 4.06 4.04 1.14 5.56 
2.94 4.36 5.97 5.71 4.83 4.98 5.13 5.14 6.88 7.34 
2.12 5.55 5.58 6.78 3.45 5.53 5.33 6.45 7.87 7.16 
3.42 2.19 4.63 3.17 6.07 2.33 2.91 3.35 4.23 5.47 
9.01 4.44 7.95 2.97 11.64 4.68 5.79 4.37 1.77 7.25 
5.67 6.46 2.43 5.94 7.42 3.49 2.57 7.56 5.75 0.80 
9.44 3.91 9.39 3.09 12.11 5.79 7.09 3.07 2.87 9.14 
0.79 5.08 2.95 5.81 3.36 3.67 3.01 6.26 6.62 4.53 
5.98 2.64 5.11 1.62 8.60 1.63 2.84 3.44 1.55 4.82 
5.40 4.66 8.26 6.16 7.08 6.50 7.03 4.86 7.42 9.46 
7.51 6.44 4.70 5.42 9.58 3.94 3.80 7.29 4.75 3.18 
7.68 7.51 4.46 6.61 9.46 4.76 4.26 8.44 6.04 2.72 
4.61 0.99 5.52 2.15 7.26 2.49 3.49 2.18 3.33 6.09 
6.40 3.81 4.83 2.72 8.90 2.01 2.79 4.59 2.21 4.16 
2.52 7.99 3.68 8.65 1.52 6.24 5.21 9.17 9.35 5.39 
5.98 0.38 6.58 1.25 8.62 3.15 4.37 0.99 2.50 6.87 
1.69 6.94 4.91 7.95 1.52 6.10 5.48 7.98 8.90 6.66 
4.73 4.03 7.47 5.52 6.60 5.71 6.22 4.38 6.78 8.66 
2.96 3.52 5.55 4.83 5.22 4.17 4.44 4.37 6.00 6.79 
6.50 1.77 7.86 2.95 8.99 4.72 5.82 1.17 4.10 8.40 
5.84 3.79 8.30 5.26 7.83 6.04 6.77 3.78 6.51 9.32 
2.41 5.42 5.82 6.69 3.77 5.57 5.45 6.27 7.81 7.37 
7.51 5.92 4.96 4.82 9.72 3.63 3.73 6.70 4.08 3.60 
4.64 5.36 1.92 5.01 6.66 2.38 1.34 6.51 5.04 1.34 
2.45 7.85 3.43 8.48 1.74 6.04 4.99 9.04 9.16 5.14 
1.93 5.06 5.26 6.26 3.68 5.01 4.86 5.99 7.35 6.79 
1.54 4.23 3.09 4.95 4.20 2.92 2.48 5.42 5.78 4.44 
2.58 8.13 4.02 8.84 1.19 6.48 5.49 9.30 9.57 5.74 
9.23 3.67 9.26 2.92 11.89 5.65 6.95 2.81 2.81 9.06 
3.69 4.13 2.30 4.07 6.06 1.32 0.11 5.33 4.42 2.66 
7.36 6.43 4.51 5.45 9.41 3.87 3.67 7.30 4.81 2.98 
3.61 2.48 5.59 3.82 6.07 3.53 4.08 3.37 5.01 6.59 
6.13 2.88 8.15 4.29 8.38 5.48 6.38 2.67 5.51 8.97 
2.48 8.04 4.90 8.94 0.21 6.83 6.00 9.14 9.79 6.67 
4.09 1.72 5.58 3.04 6.65 3.04 3.81 2.70 4.24 6.39 
1.33 6.07 2.31 6.65 2.93 4.22 3.25 7.28 7.32 4.06 
4.72 1.03 5.30 1.83 7.39 2.09 3.18 2.27 2.95 5.75 
7.29 3.92 5.84 2.57 9.83 2.85 3.78 4.45 1.63 5.10 
4.44 2.11 6.33 3.58 6.87 3.91 4.65 2.74 4.82 7.22 
4.27 6.08 7.66 7.51 5.20 6.98 7.08 6.63 8.72 9.16 
4.73 2.69 6.91 4.19 6.99 4.63 5.33 3.09 5.44 7.88 
2.07 7.41 3.12 8.04 1.91 5.60 4.57 8.60 8.72 4.86 
9.41 4.41 8.64 3.06 12.07 5.22 6.41 4.08 2.09 8.06 
5.60 5.59 8.70 7.08 6.95 7.25 7.67 5.81 8.34 10.02 
4.55 1.39 4.93 1.92 7.22 1.69 2.79 2.62 2.92 5.35 
9.20 3.92 8.77 2.75 11.88 5.23 6.49 3.40 2.12 8.36 
3.53 4.85 6.69 6.26 5.09 5.72 5.89 5.50 7.46 8.09 
3.42 4.29 6.39 5.69 5.26 5.20 5.45 4.97 6.90 7.72 
3.39 3.77 6.13 5.16 5.45 4.72 5.04 4.49 6.36 7.39 
6.96 6.34 4.05 5.44 8.97 3.65 3.32 7.26 4.91 2.52 
2.07 7.66 4.44 8.52 0.64 6.37 5.53 8.78 9.35 6.21 
0.73 5.97 4.21 6.93 2.30 5.07 4.51 7.05 7.86 5.90 
6.32 5.79 9.35 7.28 7.70 7.70 8.21 5.85 8.53 10.62 
2.65 7.98 5.53 8.99 0.93 7.08 6.38 9.02 9.92 7.30 
8.53 7.52 5.52 6.42 10.48 5.07 4.88 8.31 5.64 3.85 
1.98 5.99 5.50 7.17 2.96 5.77 5.46 6.92 8.23 7.14 
0.87 5.82 4.39 6.83 2.50 5.06 4.56 6.88 7.79 6.06 
8.26 2.96 7.99 1.80 10.93 4.40 5.69 2.55 1.45 7.71 
8.77 3.30 8.68 2.38 11.45 5.07 6.37 2.61 2.19 8.44 
4.30 5.77 7.63 7.22 5.41 6.78 6.94 6.30 8.44 9.09 
1.60 5.76 5.10 6.89 2.90 5.40 5.06 6.73 7.93 6.74 
3.88 1.73 5.02 2.81 6.52 2.41 3.18 2.88 3.92 5.77 
6.19 1.34 7.44 2.58 8.71 4.27 5.38 0.98 3.78 7.96 
6.52 6.40 3.48 5.64 8.43 3.57 3.02 7.40 5.23 1.90 
4.61 2.71 6.81 4.20 6.88 4.57 5.26 3.15 5.45 7.80 
3.52 4.05 6.39 5.46 5.45 5.05 5.35 4.72 6.67 7.68 
4.43 6.66 0.92 6.50 5.87 3.77 2.50 7.86 6.61 0.89 
4.52 6.73 1.01 6.55 5.94 3.82 2.56 7.92 6.65 0.84 
9.11 4.53 8.04 3.06 11.74 4.78 5.88 4.44 1.87 7.32 
3.38 6.93 0.81 7.08 4.44 4.34 3.05 8.16 7.43 2.37 
8.72 3.27 8.60 2.31 11.39 5.00 6.29 2.61 2.09 8.35 
1.03 5.19 2.60 5.84 3.43 3.58 2.81 6.39 6.60 4.20 
2.76 7.46 2.18 7.88 3.06 5.25 4.07 8.69 8.40 3.83 
7.86 2.92 7.33 1.51 10.53 3.80 5.05 2.85 0.69 6.97 
3.18 6.78 0.81 6.97 4.30 4.24 2.96 8.02 7.34 2.48 
8.29 2.70 8.55 2.20 10.94 4.95 6.26 1.79 2.50 8.51 
3.85 3.90 6.64 5.34 5.81 5.12 5.50 4.49 6.57 7.88 
4.37 1.52 5.82 2.90 6.93 3.17 4.00 2.43 4.13 6.59 
8.13 4.97 6.31 3.59 10.60 3.73 4.46 5.44 2.51 5.29 
5.50 2.69 7.58 4.16 7.76 5.05 5.88 2.76 5.41 8.46 
2.43 4.31 5.43 5.57 4.47 4.61 4.67 5.19 6.70 6.82 
4.14 2.75 6.37 4.20 6.44 4.29 4.89 3.36 5.44 7.41 
9.24 3.84 8.97 2.80 11.92 5.40 6.68 3.19 2.35 8.63 
4.11 6.19 0.75 6.07 5.74 3.32 2.04 7.40 6.23 1.08 
2.57 3.61 5.13 4.84 4.91 3.93 4.10 4.55 5.96 6.40 
8.05 5.17 6.07 3.83 10.48 3.70 4.32 5.71 2.81 4.99 
3.12 8.56 3.93 9.19 1.77 6.72 5.64 9.75 9.85 5.58 
2.69 3.19 3.41 3.81 5.35 1.90 1.93 4.42 4.63 4.36 
2.18 7.27 2.64 7.81 2.40 5.30 4.22 8.48 8.44 4.38 
5.32 5.85 2.33 5.35 7.24 2.88 2.01 6.96 5.22 1.10 
3.42 9.00 4.80 9.74 1.25 7.39 6.38 10.15 10.48 6.48 
2.70 8.31 4.74 9.14 0.40 6.92 6.02 9.43 9.94 6.48 
6.47 1.11 7.42 2.06 9.05 4.08 5.27 0.35 3.20 7.80 
3.61 9.21 5.08 9.97 1.28 7.64 6.64 10.35 10.72 6.75 
1.98 4.70 2.09 5.15 4.35 2.69 1.84 5.94 5.79 3.46 
2.37 3.61 3.07 4.19 5.01 2.10 1.85 4.83 4.97 4.14 
6.84 2.63 6.10 1.20 9.49 2.60 3.83 3.08 0.56 5.75 
1.78 6.17 1.86 6.65 3.25 4.12 3.05 7.40 7.25 3.62 
5.78 1.76 5.45 0.93 8.44 1.84 3.14 2.60 1.56 5.42 
8.03 2.43 8.49 2.22 10.66 4.92 6.22 1.38 2.77 8.56 
4.65 3.43 3.41 3.05 7.15 0.49 1.14 4.54 3.25 3.32 
3.55 3.81 2.55 3.84 6.00 1.13 0.45 5.03 4.28 3.02 
6.83 1.40 7.01 0.73 9.50 3.42 4.72 1.29 1.68 7.05 
2.18 5.53 5.62 6.76 3.51 5.53 5.35 6.42 7.86 7.20 
8.68 3.59 8.12 2.27 11.35 4.61 5.85 3.28 1.47 7.68 
4.95 1.21 5.18 1.51 7.62 1.77 2.97 2.39 2.53 5.49 
4.52 2.04 6.37 3.51 6.96 3.91 4.67 2.65 4.76 7.25 
1.43 6.89 4.49 7.83 1.39 5.86 5.17 7.97 8.73 6.25 
3.77 4.32 6.73 5.75 5.57 5.42 5.73 4.91 6.97 8.04 
2.42 6.69 5.91 7.88 2.66 6.44 6.06 7.60 8.94 7.60 
3.31 3.36 5.84 4.73 5.55 4.28 4.64 4.14 5.92 7.04 
2.53 5.54 5.96 6.82 3.79 5.72 5.60 6.37 7.94 7.51 
7.20 1.80 8.12 2.41 9.77 4.72 5.94 0.59 3.38 8.44 
3.12 8.73 5.05 9.56 0.60 7.33 6.41 9.85 10.36 6.78 
2.02 4.02 2.81 4.61 4.63 2.41 1.95 5.25 5.36 4.02 
2.23 7.83 4.46 8.67 0.55 6.48 5.62 8.95 9.49 6.22 
1.78 3.86 3.51 4.68 4.45 2.88 2.66 5.03 5.58 4.79 
7.07 3.27 5.97 1.88 9.67 2.68 3.78 3.76 0.98 5.43 
4.92 4.73 2.66 4.25 7.14 1.77 1.18 5.83 4.22 2.09 
6.85 5.99 4.09 5.07 8.94 3.35 3.14 6.90 4.53 2.67 
8.16 2.63 8.25 1.89 10.83 4.64 5.95 1.91 2.06 8.15 
6.91 6.61 3.86 5.77 8.83 3.84 3.38 7.57 5.28 2.25 
5.66 1.15 5.71 0.80 8.33 2.15 3.43 2.06 1.87 5.83 
2.61 3.51 3.02 4.01 5.23 1.84 1.63 4.74 4.75 3.99 
4.73 5.84 1.67 5.51 6.58 2.87 1.76 7.00 5.52 0.86 
4.90 1.74 6.59 3.24 7.36 3.93 4.79 2.25 4.49 7.38 
8.39 6.91 5.61 5.75 10.49 4.64 4.64 7.65 4.91 4.06 
2.52 8.02 3.79 8.70 1.40 6.31 5.29 9.20 9.41 5.50 
2.14 3.47 3.84 4.36 4.80 2.77 2.74 4.63 5.31 5.02 
5.54 2.47 4.78 1.71 8.16 1.23 2.49 3.41 1.92 4.63 
7.85 3.01 7.24 1.56 10.51 3.73 4.97 2.99 0.58 6.84 
5.90 2.23 5.28 1.25 8.55 1.71 2.98 3.04 1.46 5.11 
4.26 5.93 7.62 7.37 5.28 6.87 7.00 6.47 8.58 9.11 
5.19 5.42 2.45 4.91 7.23 2.45 1.68 6.52 4.80 1.49 
6.13 4.65 8.84 6.13 7.89 6.80 7.45 4.63 7.37 9.96 
8.51 4.81 6.94 3.34 11.05 4.07 4.96 5.10 2.13 6.02 
4.89 1.04 6.15 2.50 7.46 3.23 4.20 1.89 3.75 6.80 
2.96 8.26 3.44 8.83 2.10 6.31 5.20 9.46 9.45 5.08 
7.26 2.15 7.02 0.80 9.93 3.42 4.71 2.13 0.88 6.84 
3.61 3.58 2.77 3.63 6.11 0.95 0.63 4.80 4.09 3.23 
2.50 6.36 6.02 7.59 3.08 6.28 6.00 7.24 8.68 7.67 
1.01 6.52 3.30 7.28 1.97 5.04 4.19 7.69 8.06 5.06 
3.52 6.76 0.51 6.85 4.73 4.10 2.80 7.99 7.16 2.05 
0.87 6.26 3.06 6.99 2.29 4.73 3.87 7.43 7.76 4.81 
1.02 4.67 3.18 5.45 3.68 3.44 2.92 5.84 6.30 4.68 
7.00 3.76 5.58 2.46 9.55 2.57 3.50 4.36 1.65 4.89 
7.93 5.78 5.58 4.56 10.23 3.82 4.13 6.45 3.67 4.29 
0.59 5.94 3.07 6.68 2.53 4.47 3.68 7.11 7.47 4.79 
4.97 6.31 8.32 7.78 5.87 7.46 7.65 6.74 9.01 9.80 
6.24 2.01 5.77 0.79 8.90 2.18 3.47 2.66 1.09 5.62 
7.68 2.22 8.52 2.59 10.26 5.06 6.31 0.98 3.42 8.77 
5.34 2.33 4.70 1.71 7.97 1.11 2.40 3.32 2.06 4.63 
4.26 3.09 3.44 2.93 6.82 0.20 1.14 4.26 3.34 3.61 
5.57 3.05 7.78 4.52 7.74 5.36 6.15 3.10 5.77 8.72 
3.21 2.71 5.21 3.96 5.71 3.36 3.79 3.68 5.11 6.27 
1.56 4.50 2.66 5.12 4.13 2.89 2.27 5.71 5.87 4.06 
7.03 5.68 4.47 4.67 9.22 3.24 3.25 6.53 4.05 3.16 
2.39 4.54 5.50 5.80 4.32 4.81 4.82 5.41 6.93 6.93 
1.63 5.13 2.06 5.63 3.87 3.19 2.29 6.35 6.29 3.61 
1.41 5.60 2.11 6.14 3.40 3.71 2.76 6.82 6.81 3.79 
4.31 2.82 3.67 2.70 6.90 0.23 1.39 3.99 3.18 3.88 
2.52 8.09 4.88 8.97 0.16 6.85 6.01 9.19 9.82 6.64 
5.61 1.21 5.62 0.85 8.28 2.06 3.35 2.14 1.88 5.75 
2.32 6.49 1.48 6.86 3.52 4.24 3.07 7.73 7.39 3.24 
3.50 9.09 5.40 9.94 0.88 7.72 6.80 10.20 10.75 7.12 
5.50 4.54 3.37 3.85 7.80 1.75 1.70 5.56 3.66 2.64 
2.84 8.44 4.56 9.21 0.77 6.92 5.97 9.58 9.98 6.29 
2.32 7.49 2.83 8.04 2.27 5.54 4.45 8.69 8.67 4.55 
3.59 4.92 6.77 6.33 5.12 5.81 5.98 5.56 7.54 8.18 
7.19 3.94 5.70 2.62 9.73 2.76 3.65 4.51 1.74 4.96 
0.91 5.99 4.41 6.99 2.33 5.19 4.66 7.05 7.94 6.10 
3.55 6.94 0.71 7.05 4.64 4.30 3.00 8.17 7.36 2.18 
8.21 6.07 5.79 4.82 10.49 4.12 4.41 6.72 3.90 4.45 
4.61 3.89 7.32 5.38 6.54 5.53 6.05 4.27 6.63 8.49 
4.13 2.20 4.14 2.43 6.79 0.97 1.97 3.42 3.19 4.55 
1.26 4.97 4.54 6.04 3.41 4.52 4.24 5.99 7.06 6.08 
1.83 3.87 3.33 4.63 4.51 2.73 2.46 5.06 5.49 4.59 
2.76 7.86 2.88 8.37 2.46 5.81 4.68 9.08 8.96 4.54 
5.40 2.20 4.84 1.56 8.04 1.24 2.53 3.17 1.96 4.78 
6.46 3.19 5.28 2.00 9.04 2.03 3.09 3.89 1.50 4.79 
6.49 4.21 4.68 3.15 8.93 2.18 2.78 5.02 2.60 3.88 
6.18 6.85 2.88 6.25 7.88 3.90 3.06 7.93 5.97 1.14 
2.53 8.13 4.43 8.93 0.65 6.67 5.75 9.27 9.71 6.18 
2.24 4.55 2.05 4.93 4.63 2.43 1.57 5.78 5.55 3.31 
8.50 8.08 5.27 7.09 10.27 5.44 5.04 8.95 6.39 3.52 
9.72 4.56 9.09 3.30 12.39 5.62 6.84 4.08 2.47 8.55 
3.06 6.91 1.08 7.14 4.06 4.43 3.16 8.14 7.55 2.74 
5.76 4.20 8.39 5.68 7.63 6.32 6.97 4.25 6.93 9.48 
6.40 3.41 5.09 2.27 8.96 1.97 2.94 4.15 1.78 4.53 
7.33 4.43 5.58 3.14 9.81 2.94 3.67 5.04 2.26 4.69 
0.55 5.79 4.06 6.74 2.46 4.87 4.31 6.88 7.66 5.74 
