7.00 3.66 3.91 7.26 8.97 3.84 5.06 3.04 2.23 4.69 7.24 7.93 8.95 8.39 11.00 11.91 1.10 11.05 7.72 3.67 7.43 4.89 9.26 9.16 2.64 1.13 10.64 9.15 1.73 5.68 6.50 4.91 2.56 9.53 2.79 5.60 1.68 1.67 2.54 10.04 6.54 10.33 6.23 6.89 11.14 3.49 9.26 8.25 8.83 9.38 
3.40 3.18 3.84 0.76 8.21 4.47 1.66 3.71 6.11 7.01 5.49 2.16 6.18 6.75 6.97 7.46 7.48 5.58 1.84 3.05 2.96 6.66 10.02 6.72 5.58 5.62 6.76 8.49 6.16 2.60 7.36 7.09 4.57 4.33 5.58 7.17 6.71 7.88 5.06 6.91 2.62 7.08 5.80 7.79 7.31 4.68 5.10 3.72 4.03 6.64 
6.84 3.17 2.63 6.34 7.61 4.05 4.25 2.52 0.96 3.47 5.84 6.83 7.56 6.99 9.63 10.55 2.51 9.80 7.15 3.00 6.20 3.60 8.04 7.76 3.25 1.28 9.27 7.79 2.61 5.40 5.20 3.68 2.59 8.29 1.40 4.33 0.93 3.07 1.17 8.64 5.32 8.94 4.84 5.60 9.77 3.75 7.93 8.01 7.56 7.98 
12.05 9.14 6.57 8.62 0.77 10.96 8.49 8.86 7.11 4.74 3.45 7.57 3.47 2.32 5.18 6.11 10.41 7.45 10.77 8.64 6.25 4.46 1.71 2.94 10.87 9.14 4.89 0.49 10.52 10.72 2.85 4.53 9.76 6.71 6.62 3.79 7.75 10.97 7.12 3.76 6.32 3.95 3.51 2.53 4.93 10.84 5.24 12.64 6.18 3.29 
11.15 8.58 6.12 7.49 0.91 10.46 7.70 8.40 7.18 5.10 2.55 6.33 2.02 1.19 3.68 4.63 10.47 5.93 9.69 8.07 5.06 4.70 3.22 1.45 10.56 8.99 3.37 1.08 10.35 9.92 3.28 4.91 9.39 5.26 6.59 4.19 7.91 11.04 6.97 2.23 5.29 2.44 3.17 3.15 3.45 10.39 3.78 11.63 4.78 1.78 
9.00 6.51 4.17 5.41 2.46 8.40 5.55 6.39 5.69 4.17 0.52 4.36 1.26 0.97 3.55 4.57 8.87 4.92 7.59 6.01 3.03 3.68 4.57 1.40 8.62 7.22 3.17 2.75 8.52 7.77 2.91 4.05 7.42 3.82 5.02 3.51 6.48 9.43 5.25 2.32 3.16 2.63 1.73 3.10 3.57 8.36 2.52 9.50 3.16 1.63 
10.26 9.24 7.67 6.24 5.61 11.02 7.75 9.40 9.75 8.57 4.82 4.79 3.23 4.52 1.04 0.53 12.63 1.90 8.21 8.82 4.40 8.07 7.93 3.50 11.70 10.78 1.36 5.80 11.89 9.53 7.25 8.45 10.49 2.63 9.03 7.91 10.56 13.16 9.06 2.50 5.25 2.27 6.11 7.34 1.35 11.10 2.30 10.19 3.01 3.11 
7.78 4.65 2.08 5.02 3.93 6.47 4.19 4.37 3.31 2.32 1.87 4.58 3.61 3.04 5.80 6.78 6.49 6.54 6.88 4.15 3.38 1.85 5.16 3.78 6.46 4.90 5.42 4.16 6.24 6.37 2.31 2.30 5.31 5.13 2.63 2.16 4.11 7.05 2.89 4.69 2.84 5.00 0.99 2.75 5.88 6.36 4.32 8.54 4.36 4.02 
9.38 8.44 6.99 5.36 5.66 10.20 6.93 8.63 9.16 8.17 4.44 3.91 3.06 4.40 1.42 1.41 11.95 1.22 7.33 8.03 3.61 7.67 8.02 3.46 10.92 10.08 1.55 5.89 11.15 8.66 7.01 8.07 9.72 1.75 8.44 7.59 9.97 12.47 8.42 2.60 4.48 2.47 5.73 7.15 1.83 10.29 1.71 9.31 2.19 3.08 
10.44 9.70 8.29 6.48 6.46 11.43 8.17 9.92 10.45 9.36 5.62 5.07 4.07 5.37 1.89 1.05 13.25 1.75 8.33 9.31 4.89 8.86 8.78 4.36 12.20 11.37 2.21 6.65 12.44 9.82 8.09 9.25 11.00 2.92 9.73 8.73 11.25 13.77 9.71 3.35 5.77 3.12 6.91 8.19 2.16 11.54 2.98 10.27 3.46 3.97 
11.67 8.33 5.77 8.81 2.54 9.99 8.09 7.91 5.54 3.03 3.91 8.08 4.84 3.51 6.98 7.98 8.70 8.86 10.78 7.86 6.74 2.95 1.56 4.49 9.62 7.73 6.63 2.48 9.10 10.23 1.61 2.81 8.64 7.81 5.22 2.20 6.04 9.25 5.85 5.51 6.50 5.77 3.16 1.16 6.81 9.80 6.48 12.46 7.14 4.88 
8.25 5.04 2.45 5.52 3.63 6.83 4.66 4.72 3.32 1.95 1.93 5.05 3.67 2.93 5.93 6.93 6.57 6.85 7.38 4.55 3.81 1.45 4.71 3.77 6.73 5.08 5.55 3.85 6.45 6.83 1.82 1.89 5.61 5.48 2.69 1.67 4.09 7.14 3.05 4.74 3.32 5.05 0.76 2.27 5.98 6.70 4.56 9.03 4.71 4.04 
8.75 5.05 3.19 7.26 5.86 6.30 5.59 4.46 1.42 1.36 4.82 7.28 6.55 5.64 8.83 9.83 4.41 9.63 8.61 4.71 6.27 1.72 5.85 6.58 5.60 3.64 8.45 5.98 4.94 7.27 3.25 1.57 4.85 8.18 1.54 2.31 1.75 4.96 2.22 7.60 5.54 7.91 3.56 3.58 8.86 6.04 7.42 9.82 7.41 6.89 
4.24 1.83 1.92 2.40 7.19 3.64 0.65 2.09 4.12 5.19 4.55 3.10 5.73 5.91 7.14 7.85 5.77 6.47 3.56 1.45 3.01 4.90 8.69 6.18 4.32 3.85 6.85 7.46 4.66 2.86 5.84 5.29 3.15 5.00 3.60 5.48 4.74 6.23 3.07 6.67 2.19 6.91 4.44 6.29 7.41 3.70 5.22 5.03 4.42 6.22 
5.56 1.90 2.21 5.31 7.96 2.90 3.13 1.24 2.01 4.27 5.83 5.99 7.45 7.11 9.35 10.20 2.88 9.18 5.92 1.78 5.57 4.27 8.71 7.74 2.43 0.96 9.00 8.17 2.17 4.11 5.77 4.46 1.46 7.67 2.02 5.01 2.21 3.38 1.37 8.52 4.68 8.80 5.04 6.21 9.53 2.65 7.53 6.73 7.00 7.91 
4.53 3.78 3.63 0.64 7.23 5.33 2.15 4.17 6.06 6.55 4.54 1.11 5.08 5.73 5.84 6.36 7.90 4.59 2.83 3.51 1.85 6.15 9.15 5.64 6.28 5.98 5.63 7.51 6.73 3.67 6.63 6.59 5.17 3.26 5.44 6.57 6.74 8.35 5.03 5.79 1.69 5.95 5.02 7.03 6.18 5.48 3.97 4.79 2.90 5.54 
9.62 6.36 3.78 6.78 2.69 8.10 6.03 6.00 4.08 1.86 2.27 6.16 3.73 2.59 6.05 7.08 7.38 7.45 8.72 5.88 4.85 1.47 3.36 3.61 7.88 6.11 5.67 2.84 7.49 8.20 0.48 1.68 6.82 6.22 3.59 0.99 4.75 7.95 4.11 4.68 4.51 4.98 1.17 0.90 6.00 7.95 5.06 10.40 5.49 3.96 
10.52 7.92 5.47 6.90 1.09 9.80 7.05 7.75 6.60 4.62 1.90 5.78 1.64 0.54 3.64 4.64 9.88 5.67 9.09 7.41 4.48 4.19 3.43 1.17 9.91 8.37 3.30 1.36 9.72 9.27 2.89 4.44 8.74 4.86 5.99 3.75 7.35 10.45 6.35 2.17 4.67 2.43 2.55 2.84 3.48 9.73 3.41 11.01 4.33 1.56 
5.91 5.89 5.53 2.14 7.54 7.36 4.26 6.30 7.98 8.03 5.15 1.24 4.94 5.99 4.80 5.00 10.02 2.81 3.78 5.63 2.37 7.58 9.74 5.53 8.38 8.09 4.71 7.82 8.86 5.44 7.67 8.03 7.29 1.97 7.31 7.84 8.71 10.47 7.00 5.28 2.97 5.33 6.04 8.00 5.20 7.54 3.31 5.74 2.18 5.29 
4.62 3.32 3.00 1.17 6.88 4.99 1.73 3.66 5.42 5.94 4.17 1.53 4.91 5.43 5.92 6.53 7.35 4.95 3.16 3.00 1.77 5.55 8.72 5.45 5.84 5.42 5.68 7.17 6.23 3.57 6.12 5.99 4.69 3.52 4.80 6.00 6.11 7.80 4.40 5.71 1.30 5.90 4.52 6.53 6.24 5.11 4.01 5.04 3.05 5.39 
8.19 5.97 3.87 4.48 3.42 7.87 4.85 5.94 5.74 4.63 1.01 3.39 1.44 1.89 3.34 4.30 8.76 4.20 6.68 5.49 2.07 4.13 5.54 1.89 8.23 7.00 2.98 3.71 8.24 7.02 3.67 4.54 7.01 2.96 5.03 4.11 6.55 9.31 5.14 2.46 2.31 2.73 2.21 3.93 3.47 7.86 1.86 8.62 2.25 1.92 
1.36 4.88 6.88 4.16 11.88 4.67 4.40 5.53 8.62 10.17 9.17 5.54 9.83 10.43 10.35 10.65 8.66 8.44 1.96 5.15 6.60 9.91 13.62 10.39 6.10 7.22 10.19 12.17 7.03 2.65 10.85 10.29 5.75 7.54 8.30 10.51 8.97 8.84 7.63 10.50 6.31 10.64 9.36 11.29 10.73 5.02 8.60 0.10 7.45 10.28 
8.09 5.99 3.99 4.31 3.65 7.88 4.81 6.00 5.94 4.90 1.32 3.16 1.46 2.11 3.17 4.10 8.91 3.91 6.52 5.52 1.87 4.40 5.81 1.97 8.30 7.13 2.82 3.94 8.34 6.96 3.98 4.82 7.08 2.65 5.23 4.40 6.75 9.46 5.30 2.40 2.21 2.66 2.50 4.23 3.33 7.89 1.59 8.47 1.95 1.94 
8.03 4.74 2.16 5.46 4.00 6.50 4.46 4.40 2.95 1.79 2.26 5.09 4.01 3.30 6.25 7.24 6.20 7.07 7.25 4.26 3.91 1.32 4.98 4.13 6.37 4.71 5.87 4.21 6.08 6.59 2.04 1.78 5.27 5.66 2.31 1.71 3.73 6.77 2.68 5.09 3.33 5.39 1.14 2.50 6.31 6.36 4.82 8.85 4.89 4.39 
5.75 2.68 0.65 3.51 5.87 4.56 2.18 2.55 3.10 3.69 3.37 3.65 4.84 4.73 6.63 7.47 5.54 6.55 5.05 2.18 2.93 3.37 7.21 5.20 4.81 3.68 6.29 6.12 4.84 4.32 4.32 3.77 3.60 5.03 2.44 3.94 3.84 6.07 2.14 5.88 2.06 6.15 3.00 4.77 6.83 4.51 4.80 6.57 4.32 5.31 
4.87 4.62 4.49 0.89 7.50 6.08 3.00 5.05 6.93 7.28 4.90 0.73 5.13 5.96 5.52 5.91 8.79 3.94 2.88 4.38 2.01 6.85 9.55 5.71 7.10 6.88 5.36 7.79 7.59 4.24 7.19 7.30 6.02 2.76 6.29 7.21 7.62 9.23 5.91 5.70 2.23 5.82 5.55 7.57 5.90 6.26 3.77 4.89 2.61 5.55 
7.11 3.87 1.29 4.65 4.72 5.68 3.54 3.58 2.76 2.46 2.55 4.45 4.25 3.80 6.34 7.28 5.81 6.80 6.37 3.38 3.39 2.07 5.88 4.48 5.67 4.15 5.97 4.96 5.47 5.67 2.96 2.51 4.51 5.33 2.05 2.59 3.57 6.37 2.18 5.33 2.69 5.63 1.79 3.41 6.45 5.56 4.71 7.94 4.57 4.68 
10.68 9.41 7.67 6.64 5.02 11.24 7.99 9.53 9.63 8.27 4.56 5.18 2.86 4.06 0.55 0.51 12.61 2.61 8.69 8.98 4.61 7.78 7.31 3.02 11.84 10.80 0.93 5.19 11.97 9.87 6.84 8.14 10.62 3.09 8.92 7.56 10.43 13.16 9.00 1.96 5.41 1.70 5.83 6.90 0.67 11.30 2.38 10.69 3.31 2.64 
6.30 3.56 4.71 7.39 10.23 2.99 5.16 3.10 3.58 6.09 8.28 8.29 9.94 9.51 11.85 12.70 1.07 11.60 7.40 3.77 8.02 6.25 10.66 10.21 1.57 1.59 11.51 10.42 0.63 5.17 7.84 6.30 2.18 10.10 4.02 6.97 3.14 1.20 3.59 11.01 7.13 11.30 7.39 8.25 12.03 2.63 10.02 7.58 9.45 10.39 
10.41 7.55 5.01 7.02 0.99 9.39 6.85 7.30 5.85 3.73 1.83 6.05 2.38 1.05 4.55 5.56 9.15 6.41 9.15 7.04 4.70 3.33 2.87 2.04 9.38 7.74 4.19 1.24 9.11 9.09 1.94 3.54 8.24 5.45 5.28 2.83 6.56 9.72 5.71 3.09 4.71 3.37 1.95 1.88 4.42 9.29 4.06 11.00 4.83 2.43 
4.87 4.03 3.69 0.91 6.97 5.63 2.41 4.40 6.13 6.49 4.30 0.81 4.77 5.46 5.50 6.02 8.10 4.28 3.12 3.74 1.54 6.07 8.94 5.33 6.54 6.17 5.29 7.26 6.97 4.01 6.48 6.52 5.42 2.92 5.49 6.46 6.84 8.55 5.12 5.46 1.50 5.62 4.85 6.87 5.84 5.77 3.63 5.10 2.56 5.22 
7.02 3.63 3.78 7.19 8.81 3.89 5.00 3.00 2.06 4.52 7.08 7.83 8.80 8.23 10.86 11.76 1.27 10.93 7.69 3.62 7.31 4.73 9.09 9.00 2.73 1.11 10.50 8.98 1.85 5.69 6.33 4.74 2.58 9.41 2.62 5.43 1.51 1.84 2.39 9.88 6.42 10.18 6.07 6.72 11.00 3.55 9.12 8.27 8.71 9.23 
8.80 5.30 2.85 6.53 4.20 6.90 5.31 4.84 2.59 0.64 3.15 6.23 4.85 3.91 7.15 8.16 5.88 8.16 8.22 4.85 5.06 0.20 4.59 4.86 6.53 4.69 6.77 4.35 6.07 7.33 1.70 0.64 5.55 6.78 2.15 0.90 3.24 6.45 2.75 5.89 4.47 6.19 1.87 2.11 7.17 6.71 5.86 9.71 6.02 5.17 
1.83 2.23 4.17 2.70 9.54 2.78 1.76 2.88 5.90 7.45 6.85 4.10 7.82 8.19 8.84 9.38 6.38 7.52 1.93 2.42 4.72 7.21 11.10 8.33 4.08 4.71 8.61 9.82 4.85 0.65 8.24 7.57 3.35 6.26 5.56 7.83 6.30 6.67 4.90 8.66 4.15 8.85 6.84 8.69 9.17 3.05 6.94 2.72 5.92 8.30 
0.22 3.89 6.09 4.04 11.43 3.53 3.70 4.53 7.65 9.36 8.72 5.49 9.57 10.03 10.34 10.75 7.53 8.67 2.10 4.21 6.37 9.13 13.03 10.10 4.96 6.14 10.15 11.71 5.90 1.66 10.18 9.49 4.65 7.60 7.38 9.77 7.96 7.70 6.70 10.33 5.93 10.49 8.77 10.63 10.69 3.89 8.50 1.07 7.40 10.04 
6.26 2.68 2.76 6.13 8.15 3.36 3.95 2.03 1.66 4.14 6.23 6.76 7.91 7.44 9.90 10.78 2.20 9.88 6.73 2.60 6.26 4.23 8.69 8.15 2.53 0.58 9.55 8.35 1.95 4.85 5.81 4.34 1.91 8.36 1.97 4.97 1.58 2.74 1.51 8.99 5.37 9.28 5.31 6.23 10.06 3.06 8.13 7.46 7.67 8.35 
8.06 4.36 2.54 6.63 5.96 5.66 4.91 3.78 0.88 1.64 4.61 6.72 6.36 5.57 8.59 9.57 4.12 9.22 7.92 4.01 5.78 1.83 6.21 6.45 5.04 3.10 8.21 6.12 4.45 6.57 3.44 1.85 4.22 7.75 0.85 2.53 1.47 4.68 1.53 7.43 5.00 7.74 3.42 3.82 8.65 5.41 7.08 9.12 6.98 6.73 
6.63 3.75 4.68 7.55 10.06 3.33 5.32 3.24 3.35 5.85 8.19 8.40 9.87 9.40 11.83 12.69 0.69 11.66 7.66 3.91 8.06 6.03 10.42 10.12 1.93 1.54 11.48 10.24 0.95 5.46 7.63 6.06 2.40 10.15 3.85 6.74 2.85 0.95 3.47 10.95 7.17 11.24 7.26 8.03 12.00 2.97 10.02 7.91 9.49 10.31 
6.66 3.47 0.92 4.27 5.08 5.30 3.10 3.21 2.80 2.85 2.77 4.15 4.40 4.07 6.40 7.31 5.69 6.69 5.94 2.97 3.19 2.49 6.31 4.68 5.36 3.95 6.04 5.33 5.24 5.23 3.40 2.91 4.19 5.19 2.09 3.03 3.61 6.24 2.07 5.48 2.41 5.77 2.16 3.85 6.55 5.20 4.70 7.49 4.44 4.85 
0.79 4.24 6.29 3.83 11.42 4.06 3.83 4.89 7.99 9.58 8.71 5.25 9.45 9.99 10.10 10.46 8.04 8.32 1.73 4.52 6.23 9.33 13.11 10.00 5.50 6.58 9.92 11.71 6.41 2.02 10.30 9.70 5.11 7.32 7.67 9.94 8.34 8.23 7.01 10.17 5.87 10.32 8.85 10.75 10.46 4.41 8.30 0.60 7.17 9.91 
2.26 4.70 6.18 2.80 10.66 5.10 3.72 5.34 8.23 9.44 7.96 4.08 8.45 9.16 8.82 9.10 8.87 6.87 0.71 4.81 5.24 9.12 12.53 9.03 6.49 7.21 8.69 10.94 7.32 2.79 9.88 9.53 5.85 6.00 7.79 9.66 8.71 9.14 7.19 9.06 5.09 9.18 8.32 10.30 9.21 5.42 7.13 1.66 5.96 8.89 
8.70 5.83 3.32 5.49 2.71 7.69 5.14 5.61 4.54 2.98 0.77 4.71 2.46 1.73 4.76 5.77 7.77 5.93 7.55 5.32 3.37 2.49 4.32 2.54 7.75 6.21 4.38 2.97 7.55 7.37 1.98 2.87 6.59 4.67 3.89 2.38 5.32 8.34 4.20 3.52 3.16 3.82 0.53 2.29 4.78 7.60 3.56 9.35 3.94 2.81 
9.70 7.75 5.68 5.78 3.08 9.64 6.54 7.75 7.42 5.95 2.27 4.44 0.54 1.81 1.79 2.81 10.53 3.66 7.98 7.27 3.36 5.46 5.43 0.85 10.04 8.80 1.41 3.31 10.05 8.65 4.54 5.82 8.82 3.03 6.73 5.24 8.22 11.09 6.90 0.65 3.91 0.91 3.52 4.63 1.78 9.65 1.55 9.98 2.66 0.49 
4.19 1.60 1.85 2.60 7.30 3.44 0.64 1.86 3.97 5.14 4.67 3.34 5.90 6.04 7.35 8.07 5.55 6.70 3.64 1.21 3.23 4.87 8.74 6.35 4.09 3.63 7.06 7.56 4.43 2.79 5.87 5.25 2.91 5.23 3.47 5.48 4.56 6.00 2.92 6.86 2.41 7.10 4.51 6.32 7.62 3.49 5.43 5.04 4.65 6.39 
5.41 2.64 4.10 6.48 9.86 2.13 4.26 2.24 3.47 5.95 7.74 7.42 9.34 9.02 11.16 11.98 1.90 10.78 6.46 2.89 7.23 6.03 10.49 9.65 0.83 1.23 10.83 10.07 0.34 4.24 7.59 6.16 1.25 9.29 3.75 6.78 3.23 2.14 3.20 10.40 6.35 10.68 6.96 8.02 11.37 1.77 9.31 6.69 8.67 9.81 
10.70 7.23 4.75 8.16 3.35 8.82 7.17 6.77 4.25 1.74 3.75 7.63 5.09 3.83 7.37 8.39 7.39 8.92 10.00 6.78 6.33 1.76 2.87 4.86 8.37 6.46 7.00 3.39 7.82 9.24 1.09 1.54 7.44 7.72 3.98 1.07 4.72 7.93 4.63 5.94 5.93 6.22 2.66 1.00 7.27 8.61 6.52 11.57 6.99 5.24 
10.92 8.14 5.62 7.43 0.44 10.00 7.40 7.92 6.48 4.32 2.28 6.38 2.37 1.13 4.34 5.32 9.78 6.41 9.59 7.64 5.06 3.94 2.70 1.90 10.01 8.38 4.00 0.72 9.74 9.63 2.47 4.12 8.87 5.57 5.92 3.40 7.19 10.35 6.34 2.87 5.15 3.11 2.58 2.33 4.15 9.91 4.13 11.48 5.01 2.29 
4.28 0.68 2.51 4.45 8.51 1.90 2.22 0.23 3.23 5.28 6.13 5.37 7.60 7.47 9.26 10.04 3.66 8.74 4.75 0.84 5.23 5.19 9.54 7.97 2.09 1.85 8.95 8.75 2.39 2.84 6.57 5.45 0.88 7.27 3.09 5.92 3.49 4.05 2.39 8.62 4.37 8.88 5.58 7.02 9.50 1.77 7.37 5.45 6.67 8.08 
1.05 2.68 4.91 3.48 10.41 2.58 2.61 3.32 6.43 8.16 7.73 4.91 8.71 9.07 9.70 10.21 6.48 8.29 2.16 3.00 5.60 7.95 11.93 9.22 4.00 4.99 9.48 10.69 4.88 0.44 9.04 8.29 3.52 7.08 6.16 8.60 6.75 6.70 5.48 9.54 5.04 9.73 7.68 9.50 10.03 2.91 7.81 2.19 6.76 9.19 
5.09 3.10 2.23 2.00 6.28 4.92 1.73 3.30 4.68 5.11 3.57 2.09 4.55 4.89 5.86 6.57 6.83 5.26 3.87 2.69 1.73 4.73 8.01 5.04 5.58 4.91 5.58 6.56 5.85 3.88 5.34 5.16 4.38 3.77 4.04 5.18 5.40 7.32 3.69 5.45 0.92 5.67 3.77 5.76 6.14 4.98 3.94 5.65 3.16 5.03 
9.18 8.32 6.95 5.17 5.86 10.06 6.79 8.54 9.16 8.24 4.53 3.74 3.22 4.56 1.69 1.64 11.90 0.96 7.11 7.93 3.52 7.74 8.22 3.64 10.82 10.02 1.80 6.09 11.07 8.49 7.13 8.15 9.62 1.57 8.44 7.68 9.97 12.42 8.39 2.83 4.40 2.71 5.81 7.29 2.10 10.17 1.75 9.09 2.08 3.27 
7.32 4.43 2.00 4.36 4.13 6.30 3.74 4.25 3.73 3.03 1.67 3.87 3.30 3.00 5.36 6.30 6.76 5.91 6.29 3.92 2.66 2.56 5.62 3.58 6.45 5.05 5.00 4.39 6.34 5.96 2.91 3.02 5.26 4.46 3.02 2.86 4.54 7.32 3.13 4.38 2.13 4.67 1.36 3.33 5.48 6.23 3.75 8.02 3.69 3.75 
3.81 1.79 4.12 5.38 10.11 0.53 3.32 1.82 4.42 6.71 7.72 6.53 9.16 9.07 10.73 11.46 3.51 9.99 5.00 2.24 6.61 6.67 11.08 9.55 0.99 2.38 10.43 10.35 1.88 2.71 8.12 6.89 0.99 8.56 4.46 7.41 4.43 3.69 3.79 10.16 5.79 10.42 7.18 8.57 10.99 0.20 8.82 5.09 8.02 9.64 
5.21 2.97 1.90 2.31 6.14 4.82 1.73 3.11 4.35 4.80 3.45 2.40 4.54 4.79 5.98 6.72 6.56 5.51 4.11 2.53 1.92 4.42 7.80 5.01 5.41 4.64 5.68 6.42 5.63 3.94 5.08 4.85 4.20 4.00 3.70 4.89 5.08 7.06 3.36 5.48 1.05 5.72 3.55 5.51 6.24 4.86 4.07 5.84 3.36 5.03 
7.42 3.88 3.56 7.23 8.25 4.40 5.10 3.23 1.51 3.90 6.65 7.76 8.39 7.75 10.50 11.44 1.82 10.73 7.92 3.78 7.13 4.13 8.45 8.56 3.34 1.51 10.14 8.41 2.50 6.04 5.74 4.11 3.01 9.22 2.15 4.82 0.86 2.39 2.08 9.47 6.25 9.77 5.58 6.11 10.62 4.07 8.83 8.64 8.49 8.80 
3.76 1.84 2.43 2.07 7.62 3.51 0.24 2.25 4.58 5.71 4.95 3.00 6.03 6.30 7.31 7.97 6.01 6.45 3.04 1.58 3.14 5.42 9.18 6.51 4.35 4.11 7.04 7.90 4.79 2.43 6.35 5.81 3.23 5.02 4.08 6.00 5.16 6.43 3.52 6.94 2.40 7.16 4.92 6.79 7.60 3.62 5.39 4.52 4.50 6.52 
9.83 8.12 6.18 5.83 3.68 9.99 6.82 8.17 8.03 6.64 2.92 4.43 1.23 2.50 1.09 2.11 11.08 3.11 8.01 7.66 3.51 6.15 6.04 1.50 10.48 9.32 0.71 3.90 10.53 8.86 5.25 6.51 9.25 2.73 7.33 5.94 8.84 11.63 7.46 0.67 4.18 0.68 4.19 5.33 1.15 10.02 1.37 10.02 2.54 1.11 
9.58 6.38 3.80 6.65 2.50 8.15 5.99 6.05 4.25 2.10 2.02 5.98 3.46 2.32 5.78 6.80 7.56 7.20 8.62 5.89 4.66 1.69 3.36 3.34 7.98 6.24 5.40 2.67 7.62 8.17 0.66 1.93 6.90 5.98 3.73 1.26 4.94 8.13 4.22 4.41 4.36 4.71 1.01 1.01 5.73 8.01 4.80 10.33 5.25 3.69 
12.03 9.16 6.60 8.57 0.71 10.99 8.49 8.89 7.18 4.83 3.41 7.51 3.37 2.25 5.06 5.98 10.48 7.33 10.73 8.66 6.20 4.53 1.84 2.84 10.91 9.19 4.77 0.42 10.57 10.72 2.94 4.62 9.80 6.62 6.68 3.88 7.83 11.04 7.17 3.63 6.29 3.83 3.53 2.63 4.80 10.87 5.14 12.61 6.09 3.19 
7.49 3.98 1.56 5.48 5.08 5.62 4.05 3.54 1.86 1.73 3.32 5.41 5.06 4.41 7.24 8.20 5.08 7.81 7.01 3.53 4.40 1.51 5.83 5.22 5.35 3.62 6.87 5.28 4.99 6.01 2.87 1.85 4.30 6.34 1.19 2.20 2.66 5.65 1.59 6.14 3.66 6.45 2.26 3.31 7.33 5.44 5.68 8.43 5.58 5.46 
9.35 6.19 3.61 6.39 2.57 7.97 5.75 5.87 4.20 2.17 1.80 5.72 3.30 2.23 5.62 6.65 7.50 6.98 8.37 5.70 4.40 1.73 3.58 3.22 7.84 6.13 5.25 2.76 7.51 7.94 0.91 2.01 6.74 5.74 3.65 1.40 4.91 8.07 4.11 4.28 4.09 4.58 0.74 1.27 5.59 7.84 4.59 10.08 5.01 3.56 
7.66 6.23 4.71 3.65 4.87 8.05 4.80 6.39 6.93 6.21 2.73 2.26 2.25 3.34 2.76 3.44 9.66 2.61 5.83 5.81 1.42 5.71 7.13 2.84 8.69 7.79 2.52 5.15 8.88 6.73 5.39 6.14 7.48 1.25 6.22 5.77 7.74 10.19 6.15 2.72 2.23 2.85 3.87 5.64 3.08 8.11 0.85 7.84 0.55 2.62 
6.82 3.30 3.27 6.76 8.36 3.80 4.59 2.65 1.64 4.15 6.59 7.36 8.30 7.74 10.35 11.26 1.76 10.43 7.36 3.24 6.81 4.31 8.72 8.51 2.79 0.90 9.99 8.54 2.01 5.43 5.92 4.36 2.40 8.91 2.15 5.03 1.25 2.32 1.88 9.38 5.93 9.68 5.59 6.31 10.49 3.47 8.61 8.04 8.21 8.73 
11.48 8.28 5.70 8.40 1.73 10.02 7.88 7.92 5.81 3.34 3.34 7.58 4.10 2.76 6.18 7.18 9.06 8.14 10.44 7.79 6.23 3.14 1.45 3.71 9.76 7.94 5.84 1.67 9.32 10.07 1.57 3.12 8.73 7.15 5.40 2.42 6.39 9.61 5.98 4.71 6.08 4.97 2.82 1.14 6.01 9.86 5.78 12.20 6.51 4.10 
8.77 6.22 3.87 5.24 2.63 8.11 5.29 6.10 5.40 3.95 0.22 4.25 1.53 1.21 3.79 4.80 8.56 5.04 7.40 5.72 2.90 3.45 4.65 1.71 8.32 6.91 3.42 2.92 8.21 7.52 2.79 3.83 7.12 3.86 4.72 3.32 6.19 9.13 4.95 2.61 2.95 2.91 1.49 3.02 3.83 8.06 2.64 9.29 3.17 1.92 
8.48 6.19 4.03 4.78 3.13 8.09 5.11 6.15 5.80 4.56 0.85 3.68 1.23 1.59 3.28 4.26 8.87 4.34 6.98 5.71 2.37 4.06 5.27 1.63 8.42 7.14 2.91 3.41 8.40 7.30 3.50 4.46 7.21 3.15 5.10 3.99 6.61 9.43 5.24 2.29 2.59 2.57 2.11 3.73 3.38 8.07 1.95 8.91 2.47 1.70 
7.49 4.66 2.26 4.40 3.92 6.54 3.92 4.50 3.98 3.15 1.41 3.82 3.03 2.75 5.10 6.05 7.03 5.71 6.39 4.16 2.57 2.67 5.49 3.31 6.71 5.33 4.74 4.19 6.61 6.15 2.86 3.12 5.52 4.29 3.27 2.90 4.79 7.59 3.40 4.11 2.12 4.40 1.25 3.26 5.22 6.48 3.52 8.15 3.52 3.48 
7.20 5.64 4.12 3.25 4.90 7.46 4.23 5.78 6.37 5.78 2.51 1.96 2.45 3.35 3.33 4.04 9.06 3.12 5.46 5.21 0.87 5.29 7.07 3.03 8.09 7.19 3.06 5.18 8.27 6.21 5.11 5.73 6.87 1.66 5.66 5.41 7.17 9.59 5.57 3.11 1.63 3.28 3.53 5.40 3.62 7.52 1.40 7.46 0.89 2.88 
6.21 5.96 5.41 2.32 7.16 7.49 4.33 6.33 7.86 7.79 4.81 1.16 4.54 5.61 4.40 4.64 10.01 2.53 4.11 5.67 2.10 7.33 9.37 5.13 8.46 8.08 4.31 7.44 8.90 5.66 7.36 7.78 7.35 1.57 7.18 7.56 8.60 10.48 6.89 4.87 2.78 4.92 5.74 7.68 4.80 7.66 2.90 6.08 1.78 4.89 
8.63 6.32 4.13 4.93 2.98 8.22 5.26 6.27 5.86 4.55 0.81 3.83 1.12 1.44 3.24 4.23 8.95 4.39 7.13 5.83 2.52 4.06 5.14 1.50 8.54 7.24 2.87 3.27 8.50 7.44 3.44 4.45 7.32 3.24 5.17 3.96 6.67 9.51 5.32 2.19 2.75 2.48 2.10 3.65 3.32 8.20 2.00 9.07 2.58 1.59 
7.25 4.07 1.50 4.68 4.50 5.89 3.67 3.79 2.96 2.47 2.32 4.40 4.02 3.56 6.12 7.07 6.04 6.65 6.45 3.57 3.29 2.05 5.70 4.24 5.90 4.39 5.76 4.74 5.71 5.83 2.81 2.50 4.74 5.19 2.25 2.51 3.77 6.60 2.41 5.10 2.63 5.40 1.57 3.26 6.24 5.78 4.53 8.05 4.42 4.45 
0.78 3.31 5.36 3.28 10.62 3.32 2.92 3.96 7.04 8.64 7.91 4.73 8.76 9.22 9.58 10.02 7.21 7.99 1.57 3.57 5.57 8.40 12.24 9.29 4.74 5.69 9.38 10.90 5.62 1.11 9.41 8.76 4.24 6.87 6.73 9.02 7.40 7.44 6.06 9.53 5.12 9.70 7.98 9.86 9.93 3.65 7.73 1.55 6.63 9.23 
5.07 3.46 2.73 1.62 6.40 5.22 1.96 3.72 5.18 5.54 3.68 1.58 4.47 4.95 5.60 6.26 7.30 4.83 3.65 3.08 1.42 5.13 8.23 4.99 5.96 5.38 5.34 6.68 6.28 3.96 5.64 5.58 4.78 3.36 4.53 5.55 5.91 7.78 4.19 5.31 0.82 5.51 4.04 6.05 5.90 5.31 3.68 5.52 2.80 4.95 
6.04 2.34 1.40 5.10 6.98 3.73 3.09 1.76 1.48 3.39 4.90 5.55 6.56 6.15 8.53 9.42 3.56 8.56 6.07 2.01 4.94 3.34 7.76 6.82 3.40 1.80 8.18 7.19 3.12 4.56 4.81 3.57 2.36 7.04 1.20 4.08 2.02 4.10 0.50 7.64 4.06 7.92 4.07 5.25 8.69 3.53 6.76 7.13 6.33 7.01 
12.52 9.29 6.71 9.43 2.21 11.00 8.93 8.91 6.65 4.14 4.32 8.57 4.87 3.57 6.78 7.73 9.83 8.91 11.49 8.81 7.22 4.02 0.44 4.41 10.69 8.83 6.47 2.03 10.20 11.11 2.53 3.92 9.68 8.02 6.30 3.28 7.16 10.37 6.91 5.33 7.11 5.55 3.86 2.08 6.56 10.83 6.60 13.24 7.41 4.79 
11.29 8.00 5.43 8.38 2.24 9.69 7.71 7.60 5.35 2.85 3.46 7.64 4.42 3.09 6.59 7.59 8.57 8.43 10.36 7.52 6.29 2.71 1.76 4.09 9.37 7.52 6.24 2.22 8.89 9.87 1.24 2.64 8.37 7.37 4.99 1.97 5.90 9.12 5.59 5.12 6.06 5.39 2.73 0.78 6.44 9.52 6.04 12.06 6.69 4.48 
1.41 5.04 7.10 4.45 12.16 4.72 4.63 5.68 8.79 10.39 9.44 5.84 10.12 10.71 10.64 10.95 8.73 8.73 2.25 5.33 6.89 10.14 13.88 10.68 6.15 7.34 10.49 12.44 7.09 2.80 11.10 10.51 5.85 7.84 8.48 10.75 9.12 8.89 7.82 10.79 6.59 10.93 9.62 11.54 11.02 5.08 8.90 0.25 7.75 10.57 
5.37 5.59 5.49 1.77 7.97 6.96 3.98 6.05 7.93 8.17 5.50 1.32 5.43 6.42 5.38 5.59 9.80 3.38 3.21 5.38 2.63 7.73 10.13 6.02 8.05 7.89 5.28 8.25 8.57 4.97 7.94 8.18 6.99 2.55 7.29 8.04 8.64 10.23 6.92 5.81 3.08 5.88 6.30 8.29 5.78 7.17 3.85 5.15 2.69 5.80 
10.82 8.15 5.67 7.24 0.73 10.02 7.33 7.96 6.68 4.59 2.17 6.14 2.00 0.88 3.92 4.91 9.97 6.02 9.42 7.65 4.83 4.19 3.08 1.51 10.09 8.51 3.59 0.99 9.86 9.55 2.79 4.41 8.93 5.23 6.09 3.70 7.40 10.54 6.48 2.45 4.99 2.70 2.68 2.69 3.74 9.94 3.77 11.33 4.70 1.88 
12.75 9.60 7.02 9.54 2.00 11.35 9.16 9.25 7.09 4.59 4.38 8.61 4.72 3.47 6.51 7.44 10.31 8.74 11.64 9.11 7.27 4.44 0.38 4.22 11.08 9.25 6.21 1.76 10.63 11.36 2.89 4.38 10.06 7.93 6.72 3.70 7.63 10.85 7.30 5.08 7.22 5.28 4.08 2.45 6.26 11.19 6.48 13.43 7.35 4.59 
2.28 1.65 4.20 4.11 10.05 1.24 2.43 2.19 5.31 7.27 7.47 5.42 8.68 8.83 9.97 10.59 5.09 8.89 3.40 2.11 5.79 7.13 11.34 9.14 2.62 3.66 9.71 10.31 3.48 1.08 8.39 7.43 2.16 7.55 5.14 7.83 5.53 5.31 4.44 9.61 5.08 9.83 7.19 8.85 10.27 1.55 8.05 3.53 7.11 9.17 
6.69 6.21 5.43 2.73 6.70 7.82 4.60 6.54 7.84 7.61 4.45 1.38 4.05 5.17 3.85 4.11 10.15 2.11 4.63 5.89 1.94 7.13 8.95 4.63 8.72 8.23 3.75 6.98 9.11 6.07 7.05 7.58 7.58 1.02 7.15 7.31 8.61 10.63 6.92 4.33 2.74 4.38 5.46 7.35 4.25 7.96 2.37 6.61 1.29 4.38 
10.15 8.56 6.67 6.13 4.01 10.42 7.23 8.63 8.54 7.13 3.43 4.69 1.72 2.94 0.61 1.63 11.58 2.95 8.28 8.11 3.88 6.64 6.35 1.91 10.94 9.81 0.25 4.21 11.01 9.22 5.71 7.00 9.72 2.83 7.84 6.42 9.34 12.13 7.96 0.90 4.59 0.72 4.70 5.77 0.66 10.46 1.65 10.29 2.78 1.52 
7.71 4.04 3.19 7.09 7.50 4.86 5.07 3.39 0.85 3.12 6.02 7.48 7.76 7.06 9.93 10.88 2.60 10.30 7.99 3.85 6.74 3.37 7.67 7.91 3.94 2.00 9.56 7.66 3.18 6.27 4.97 3.34 3.42 8.80 1.56 4.05 0.09 3.15 1.71 8.85 5.88 9.15 4.89 5.34 10.03 4.55 8.31 8.88 8.05 8.16 
8.82 5.57 2.98 6.07 3.26 7.32 5.24 5.22 3.53 1.71 2.04 5.54 3.71 2.78 6.02 7.03 6.83 7.15 7.95 5.08 4.27 1.22 4.16 3.72 7.16 5.44 5.64 3.45 6.82 7.39 1.25 1.60 6.07 5.82 2.96 1.20 4.26 7.40 3.42 4.74 3.84 5.05 0.75 1.70 6.03 7.18 4.80 9.61 5.07 4.03 
9.87 6.62 4.04 7.02 2.53 8.35 6.29 6.25 4.28 1.98 2.39 6.37 3.77 2.57 6.08 7.10 7.58 7.56 8.96 6.13 5.05 1.64 3.10 3.61 8.12 6.34 5.70 2.66 7.72 8.45 0.27 1.78 7.07 6.36 3.81 1.06 4.93 8.14 4.34 4.68 4.73 4.98 1.38 0.65 6.01 8.20 5.16 10.65 5.63 3.97 
9.19 7.29 5.28 5.26 3.35 9.17 6.05 7.31 7.13 5.80 2.06 3.94 0.63 1.94 1.96 2.95 10.18 3.44 7.47 6.82 2.85 5.31 5.69 1.17 9.61 8.42 1.58 3.61 9.64 8.14 4.53 5.69 8.39 2.63 6.43 5.15 7.94 10.73 6.55 1.13 3.41 1.36 3.35 4.66 2.06 9.19 1.15 9.47 2.20 0.91 
9.66 8.84 7.45 5.67 6.04 10.58 7.31 9.06 9.64 8.64 4.91 4.24 3.49 4.82 1.62 1.27 12.40 1.15 7.57 8.45 4.03 8.14 8.39 3.86 11.34 10.53 1.83 6.25 11.59 8.99 7.46 8.55 10.14 2.08 8.92 8.05 10.44 12.93 8.89 2.94 4.91 2.78 6.20 7.60 2.00 10.69 2.19 9.54 2.60 3.47 
6.19 2.69 2.98 6.24 8.41 3.21 4.04 2.05 1.89 4.39 6.48 6.91 8.15 7.69 10.13 11.01 1.99 10.07 6.75 2.66 6.45 4.49 8.94 8.40 2.31 0.35 9.78 8.61 1.70 4.81 6.07 4.59 1.79 8.55 2.23 5.23 1.74 2.52 1.77 9.23 5.56 9.52 5.57 6.48 10.29 2.90 8.34 7.41 7.86 8.59 
4.67 2.07 1.56 2.59 6.77 3.94 1.08 2.21 3.87 4.80 4.14 3.10 5.38 5.51 6.88 7.63 5.76 6.36 3.94 1.62 2.81 4.49 8.26 5.82 4.50 3.84 6.58 7.04 4.76 3.29 5.41 4.89 3.30 4.86 3.30 5.06 4.53 6.24 2.83 6.35 1.95 6.59 4.01 5.86 7.13 3.96 4.97 5.46 4.25 5.87 
