7.69 1.06 8.30 11.16 2.26 5.54 10.37 8.63 1.97 10.39 9.02 1.01 10.42 1.28 3.37 10.74 7.80 5.23 6.72 8.87 10.43 2.80 3.85 9.99 6.17 4.61 10.59 5.43 6.24 10.46 1.80 4.96 7.76 10.90 8.31 3.21 10.19 2.72 10.05 7.39 
7.24 1.49 7.91 11.14 1.77 5.25 10.18 8.37 1.85 10.40 8.64 0.60 10.34 1.97 3.78 10.66 7.31 4.64 7.06 8.47 10.36 2.61 3.68 9.84 5.94 4.96 10.29 5.10 6.70 10.39 1.62 5.15 7.53 10.99 7.94 3.35 10.20 2.01 10.09 7.65 
7.44 4.73 7.32 6.51 5.60 4.91 7.08 6.42 4.58 5.67 7.64 6.69 6.29 5.00 2.48 6.61 7.91 7.21 0.95 7.79 6.23 4.35 3.95 6.45 4.62 1.19 8.23 5.19 1.57 6.29 4.82 1.46 5.52 5.73 7.12 2.92 5.46 7.11 5.17 1.69 
1.60 5.75 2.37 7.58 3.87 1.65 5.55 3.45 4.35 7.13 3.16 6.05 6.42 6.71 6.07 6.66 1.73 1.70 7.25 2.90 6.51 3.62 3.02 5.51 2.27 6.11 5.02 1.35 8.02 6.51 4.41 5.11 3.04 8.16 2.49 4.64 7.00 4.42 7.11 7.00 
2.39 8.09 1.45 4.70 6.73 3.20 2.25 0.35 6.78 4.51 1.14 8.95 3.46 8.98 7.46 3.61 2.90 5.06 7.05 1.50 3.59 5.95 4.95 2.40 2.64 6.89 1.85 3.36 8.28 3.56 6.94 5.66 1.21 5.69 1.16 6.25 4.46 7.63 4.71 6.33 
1.65 5.79 2.01 6.62 4.18 1.01 4.72 2.65 4.41 6.16 2.72 6.41 5.49 6.73 5.73 5.73 2.06 2.59 6.51 2.58 5.57 3.61 2.78 4.62 1.36 5.58 4.41 0.92 7.39 5.57 4.53 4.48 2.11 7.19 2.01 4.34 6.03 5.00 6.13 6.17 
9.55 3.69 9.72 9.82 5.64 6.89 10.21 9.21 4.54 8.98 10.21 5.51 9.56 3.26 2.19 9.89 9.91 8.27 3.80 10.26 9.51 4.90 5.24 9.62 6.98 2.62 11.15 7.03 2.54 9.57 4.67 3.83 8.26 8.99 9.59 3.62 8.76 6.86 8.47 4.86 
7.44 10.50 6.55 0.41 10.10 6.92 3.15 4.83 9.61 1.07 6.12 12.05 1.64 11.12 8.79 1.55 7.98 9.59 6.29 6.54 1.52 8.90 7.87 2.73 6.05 7.61 4.91 7.25 7.76 1.55 9.84 6.69 4.94 1.36 6.26 8.28 1.28 11.42 1.51 5.20 
5.57 1.75 6.05 8.84 1.31 3.19 7.96 6.24 0.45 8.11 6.73 2.89 8.05 2.69 2.52 8.37 5.78 3.72 5.24 6.62 8.07 0.44 1.44 7.58 3.76 3.28 8.21 3.14 5.27 8.10 0.68 3.07 5.35 8.72 6.03 1.37 7.91 2.82 7.81 5.63 
3.05 4.35 3.46 7.12 2.90 0.66 5.68 3.77 2.99 6.52 4.13 5.11 6.12 5.28 4.36 6.41 3.36 2.48 5.65 4.03 6.17 2.17 1.34 5.43 1.48 4.38 5.69 0.54 6.32 6.19 3.12 3.43 2.98 7.40 3.43 2.95 6.36 3.98 6.37 5.53 
3.45 7.31 2.76 3.79 6.35 2.87 2.27 1.26 6.14 3.36 2.71 8.49 2.67 8.13 6.30 2.93 4.02 5.42 5.49 3.01 2.74 5.33 4.26 1.93 2.04 5.56 3.00 3.17 6.78 2.74 6.33 4.34 0.79 4.46 2.47 5.27 3.25 7.49 3.42 4.73 
2.65 5.38 3.58 8.88 3.26 2.59 6.89 4.79 4.04 8.40 4.36 5.26 7.74 6.33 6.21 7.98 2.52 0.40 7.96 4.05 7.83 3.48 3.28 6.85 3.39 6.52 6.27 2.23 8.53 7.82 4.03 5.69 4.36 9.40 3.74 4.81 8.26 3.40 8.35 7.86 
6.12 4.55 6.00 5.86 4.89 3.63 6.00 5.15 4.02 5.04 6.33 6.36 5.43 5.06 2.68 5.76 6.59 6.08 1.99 6.47 5.39 3.58 2.92 5.41 3.30 1.61 7.02 3.92 2.90 5.44 4.27 0.62 4.23 5.37 5.80 2.41 4.83 6.40 4.61 2.03 
2.82 8.53 1.83 4.39 7.21 3.67 1.82 0.59 7.24 4.27 1.33 9.43 3.15 9.41 7.82 3.26 3.30 5.56 7.22 1.75 3.28 6.41 5.39 2.06 3.07 7.19 1.41 3.84 8.50 3.24 7.40 5.96 1.54 5.47 1.56 6.65 4.24 8.12 4.52 6.44 
5.38 8.62 4.57 1.80 8.02 4.74 1.93 2.85 7.62 1.37 4.27 10.04 0.91 9.32 7.16 1.25 5.94 7.41 5.33 4.66 0.91 6.86 5.81 1.24 3.87 6.13 3.61 5.07 6.78 0.95 7.84 5.04 2.79 2.53 4.27 6.43 1.29 9.28 1.55 4.32 
4.23 7.18 3.59 3.35 6.47 3.20 2.56 2.10 6.11 2.78 3.55 8.53 2.40 7.94 5.93 2.71 4.80 5.92 4.76 3.86 2.43 5.34 4.28 2.01 2.33 5.05 3.66 3.54 6.10 2.45 6.33 3.87 1.56 3.79 3.31 5.04 2.64 7.73 2.73 3.94 
6.18 5.41 5.92 5.06 5.64 3.90 5.44 4.85 4.82 4.23 6.15 7.19 4.71 5.91 3.51 5.03 6.69 6.54 1.89 6.35 4.66 4.32 3.55 4.81 3.39 2.35 6.61 4.23 3.15 4.71 5.07 1.48 4.00 4.52 5.69 3.24 4.01 7.13 3.78 1.47 
7.76 9.24 7.03 2.08 9.24 6.53 4.34 5.36 8.56 1.48 6.81 10.98 2.77 9.75 7.29 2.92 8.33 9.34 4.45 7.19 2.63 7.95 7.01 3.71 5.69 6.04 6.11 6.89 5.87 2.70 8.81 5.32 5.09 0.77 6.74 7.06 1.40 10.67 1.03 3.37 
4.42 3.62 4.61 6.80 3.01 1.75 5.96 4.41 2.51 6.09 5.16 4.93 5.99 4.44 2.99 6.31 4.80 3.85 4.19 5.16 6.01 1.77 0.78 5.55 1.95 2.86 6.40 1.93 4.79 6.04 2.73 1.92 3.47 6.77 4.50 1.68 5.89 4.43 5.82 4.22 
6.63 7.98 5.99 2.53 7.89 5.20 3.88 4.40 7.24 1.69 5.87 9.67 2.58 8.54 6.14 2.85 7.19 8.03 3.66 6.21 2.48 6.61 5.66 3.19 4.39 4.94 5.51 5.57 5.13 2.54 7.49 4.09 3.96 1.92 5.70 5.78 1.48 9.31 1.18 2.57 
7.44 1.02 7.83 9.60 2.88 4.90 9.22 7.75 1.82 8.79 8.44 3.01 9.00 1.26 1.33 9.33 7.69 5.67 4.70 8.39 8.99 2.37 3.07 8.74 5.28 2.61 9.75 4.93 4.20 9.03 1.92 3.18 6.81 9.17 7.76 1.71 8.58 4.09 8.39 5.44 
7.03 0.35 7.51 9.86 2.09 4.63 9.24 7.63 1.16 9.08 8.18 2.25 9.17 1.23 2.08 9.50 7.23 5.00 5.38 8.08 9.18 1.90 2.82 8.81 5.14 3.27 9.61 4.59 5.00 9.22 1.18 3.60 6.71 9.56 7.48 1.87 8.88 3.23 8.72 6.02 
10.03 4.32 10.16 9.90 6.26 7.36 10.46 9.56 5.15 9.06 10.62 6.13 9.72 3.87 2.73 10.04 10.40 8.85 3.77 10.69 9.66 5.49 5.77 9.85 7.40 2.94 11.48 7.52 2.38 9.72 5.29 4.17 8.62 8.99 10.01 4.16 8.85 7.49 8.54 4.86 
5.62 2.33 5.92 7.89 2.47 3.00 7.29 5.78 1.55 7.13 6.51 3.93 7.19 3.10 1.80 7.52 5.94 4.40 4.08 6.48 7.20 1.22 1.25 6.84 3.32 2.20 7.78 3.09 4.24 7.23 1.80 1.89 4.84 7.66 5.84 0.37 6.92 3.98 6.79 4.46 
3.17 8.46 2.22 3.94 7.26 3.70 1.49 0.62 7.21 3.81 1.79 9.46 2.71 9.32 7.63 2.84 3.68 5.78 6.86 2.20 2.83 6.38 5.34 1.62 3.01 6.94 1.61 3.90 8.17 2.80 7.38 5.71 1.42 5.00 1.94 6.52 3.77 8.24 4.05 6.05 
2.19 8.11 1.23 4.92 6.70 3.20 2.44 0.57 6.80 4.74 0.90 8.93 3.69 9.01 7.55 3.83 2.70 4.94 7.22 1.26 3.81 5.96 4.98 2.61 2.70 7.01 1.86 3.33 8.44 3.78 6.94 5.79 1.35 5.93 0.95 6.32 4.69 7.56 4.94 6.52 
1.50 8.32 0.56 5.93 6.69 3.42 3.33 1.62 6.95 5.79 0.26 8.91 4.70 9.25 8.04 4.81 1.87 4.51 8.07 0.21 4.82 6.14 5.25 3.61 3.17 7.65 2.20 3.44 9.21 4.79 7.07 6.44 2.20 6.97 0.56 6.73 5.74 7.35 6.00 7.43 
3.36 7.91 2.53 3.68 6.85 3.31 1.72 0.83 6.71 3.40 2.30 9.02 2.47 8.75 6.97 2.68 3.92 5.67 6.12 2.66 2.58 5.89 4.83 1.53 2.53 6.23 2.34 3.57 7.43 2.56 6.89 5.01 1.00 4.56 2.23 5.90 3.33 7.92 3.56 5.31 
2.43 6.55 2.01 5.02 5.34 1.78 3.25 1.40 5.28 4.57 2.31 7.53 3.89 7.43 5.91 4.14 2.99 4.19 5.80 2.45 3.97 4.45 3.42 3.06 1.09 5.40 3.39 2.02 6.92 3.96 5.45 4.18 0.55 5.63 1.79 4.69 4.45 6.38 4.58 5.23 
4.50 5.74 4.17 4.53 5.27 2.54 4.06 3.14 4.76 3.81 4.40 7.20 3.79 6.46 4.41 4.11 5.03 5.35 3.65 4.59 3.79 4.04 3.02 3.53 1.82 3.58 4.99 2.90 4.84 3.83 4.99 2.37 2.25 4.54 3.94 3.56 3.62 6.64 3.56 3.08 
10.51 4.21 10.72 10.81 6.30 7.86 11.26 10.25 5.25 9.97 11.22 5.83 10.59 3.57 3.13 10.91 10.85 9.07 4.72 11.26 10.53 5.72 6.16 10.66 7.98 3.66 12.19 7.98 3.36 10.59 5.35 4.87 9.29 9.93 10.59 4.54 9.76 7.40 9.46 5.80 
6.48 6.79 6.01 3.79 6.88 4.61 4.67 4.63 6.14 2.94 6.07 8.54 3.63 7.30 4.87 3.94 7.03 7.40 2.50 6.34 3.56 5.58 4.70 3.99 3.90 3.66 6.11 4.97 3.96 3.62 6.39 2.86 3.96 3.13 5.75 4.60 2.73 8.35 2.45 1.49 
2.81 4.51 3.31 7.34 2.90 0.80 5.77 3.80 3.12 6.77 4.02 5.13 6.30 5.45 4.67 6.58 3.08 2.13 6.02 3.88 6.36 2.33 1.63 5.56 1.67 4.74 5.66 0.50 6.69 6.37 3.23 3.80 3.07 7.67 3.31 3.25 6.61 3.86 6.64 5.90 
8.11 6.05 7.84 5.89 6.87 5.76 6.96 6.69 5.88 5.06 8.04 8.01 5.91 6.27 3.77 6.20 8.62 8.27 0.41 8.26 5.82 5.60 5.08 6.28 5.31 2.50 8.33 6.07 1.77 5.89 6.13 2.59 5.89 4.87 7.61 4.22 4.85 8.39 4.51 0.82 
3.03 10.11 2.31 6.31 8.43 5.21 3.54 2.84 8.74 6.40 1.67 10.64 5.14 11.05 9.80 5.15 3.16 6.05 9.56 1.74 5.29 7.93 7.04 4.09 4.91 9.34 1.78 5.23 10.79 5.23 8.85 8.12 3.70 7.60 2.35 8.50 6.41 9.00 6.74 8.82 
10.88 4.79 11.04 10.78 6.85 8.21 11.38 10.47 5.78 9.95 11.51 6.45 10.63 4.18 3.52 10.95 11.23 9.56 4.63 11.57 10.57 6.20 6.56 10.77 8.28 3.85 12.39 8.35 3.19 10.63 5.89 5.08 9.53 9.83 10.90 4.94 9.73 7.98 9.42 5.72 
1.80 5.65 2.16 6.65 4.05 0.87 4.79 2.74 4.27 6.17 2.85 6.28 5.52 6.58 5.58 5.77 2.19 2.56 6.40 2.73 5.61 3.46 2.63 4.67 1.28 5.44 4.52 0.77 7.27 5.60 4.39 4.36 2.16 7.18 2.15 4.19 6.03 4.89 6.13 6.08 
6.30 3.28 6.38 7.11 3.89 3.64 7.00 5.85 2.90 6.30 6.85 5.13 6.59 3.78 1.48 6.93 6.70 5.62 2.66 6.91 6.57 2.63 2.33 6.46 3.62 0.94 7.81 3.85 2.93 6.62 3.14 0.67 4.89 6.66 6.24 1.23 6.08 5.40 5.89 3.11 
4.33 9.34 3.35 2.99 8.29 4.74 0.31 1.79 8.15 3.05 2.80 10.46 1.79 10.16 8.28 1.83 4.82 6.95 7.03 3.23 1.94 7.33 6.27 0.75 3.98 7.45 1.66 4.98 8.43 1.88 8.34 6.25 2.42 4.24 3.08 7.29 3.08 9.34 3.42 6.10 
6.25 2.54 6.45 7.75 3.20 3.59 7.44 6.12 2.17 6.95 6.99 4.37 7.16 3.10 1.15 7.49 6.60 5.21 3.36 7.00 7.15 2.02 1.98 6.94 3.75 1.40 8.11 3.72 3.42 7.19 2.41 1.39 5.16 7.37 6.34 0.52 6.74 4.70 6.56 3.87 
6.08 2.79 6.88 10.93 1.24 4.57 9.59 7.62 2.21 10.26 7.65 1.75 9.99 3.51 4.76 10.29 6.07 3.23 7.74 7.41 10.04 2.56 3.46 9.35 5.39 5.73 9.43 4.33 7.66 10.06 1.99 5.57 6.89 11.00 6.96 3.86 10.08 0.40 10.03 8.13 
5.28 2.09 5.89 9.25 0.56 3.18 8.14 6.30 0.77 8.55 6.61 2.60 8.37 3.05 3.30 8.69 5.43 3.10 6.00 6.45 8.41 0.75 1.72 7.82 3.89 4.07 8.22 3.04 6.07 8.43 0.74 3.78 5.46 9.23 5.90 2.16 8.36 2.07 8.29 6.34 
9.32 5.35 9.24 7.93 6.78 6.74 8.86 8.32 5.67 7.10 9.56 7.34 7.91 5.27 3.10 8.21 9.78 8.83 1.78 9.71 7.83 5.69 5.54 8.20 6.52 2.31 10.10 6.99 0.34 7.90 5.88 3.24 7.44 6.89 9.04 4.18 6.90 8.22 6.56 2.85 
4.30 3.01 4.88 8.47 1.36 2.20 7.20 5.32 1.61 7.81 5.60 3.57 7.54 3.97 3.70 7.84 4.47 2.44 5.90 5.45 7.58 0.94 1.13 6.92 2.96 4.18 7.22 2.03 6.21 7.60 1.68 3.59 4.51 8.58 4.89 2.33 7.63 2.60 7.60 6.06 
7.05 1.55 7.73 11.03 1.59 5.09 10.04 8.21 1.75 10.30 8.47 0.70 10.22 2.10 3.80 10.53 7.12 4.45 7.05 8.29 10.24 2.48 3.55 9.70 5.80 4.95 10.12 4.93 6.73 10.27 1.51 5.09 7.37 10.90 7.76 3.30 10.10 1.84 10.00 7.61 
6.41 9.24 5.59 0.97 8.82 5.68 2.61 3.87 8.33 0.34 5.26 10.78 1.04 9.88 7.59 1.24 6.97 8.39 5.34 5.66 0.91 7.62 6.59 2.00 4.81 6.46 4.40 6.02 6.81 0.98 8.57 5.48 3.82 1.53 5.29 7.03 0.34 10.14 0.72 4.26 
0.27 7.13 0.93 6.83 5.35 2.44 4.47 2.43 5.74 6.52 1.71 7.55 5.61 8.08 7.16 5.79 0.83 3.05 7.76 1.41 5.72 4.96 4.19 4.59 2.56 6.97 3.64 2.33 8.73 5.70 5.83 5.84 2.43 7.65 1.13 5.77 6.43 5.91 6.62 7.30 
7.94 7.87 7.41 3.83 8.23 6.13 5.51 5.91 7.40 3.06 7.38 9.73 4.15 8.26 5.75 4.40 8.50 8.91 2.65 7.69 4.04 6.92 6.12 4.83 5.42 4.46 7.14 6.49 4.03 4.11 7.65 3.99 5.35 2.64 7.13 5.79 2.89 9.73 2.50 1.62 
0.65 6.84 1.63 7.50 4.93 2.47 5.19 3.13 5.44 7.16 2.40 7.09 6.29 7.79 7.09 6.48 0.65 2.41 8.01 2.05 6.40 4.70 4.06 5.28 2.82 7.04 4.34 2.26 8.88 6.38 5.50 5.97 3.02 8.27 1.85 5.67 7.06 5.36 7.23 7.64 
6.30 3.80 7.18 11.68 2.23 5.19 10.16 8.12 3.26 11.05 7.96 2.38 10.69 4.44 5.81 10.98 6.18 3.28 8.77 7.68 10.74 3.53 4.34 9.97 6.05 6.77 9.82 4.90 8.71 10.76 3.04 6.57 7.47 11.84 7.30 4.90 10.87 0.72 10.85 9.13 
7.04 9.96 6.18 0.35 9.57 6.42 2.93 4.45 9.07 0.54 5.79 11.52 1.33 10.59 8.26 1.34 7.59 9.12 5.84 6.20 1.19 8.36 7.33 2.42 5.54 7.10 4.72 6.75 7.31 1.24 9.31 6.16 4.49 1.22 5.88 7.74 0.75 10.89 1.03 4.74 
3.71 5.27 3.55 5.28 4.49 1.55 4.32 2.91 4.14 4.62 3.93 6.54 4.39 6.07 4.33 4.70 4.21 4.36 4.32 4.04 4.42 3.36 2.29 3.90 0.90 3.77 4.89 1.91 5.34 4.44 4.35 2.56 1.95 5.45 3.36 3.22 4.45 5.79 4.44 3.92 
3.44 4.54 4.31 9.20 2.39 2.69 7.41 5.33 3.25 8.66 5.09 4.36 8.12 5.48 5.57 8.38 3.38 0.62 7.63 4.81 8.19 2.78 2.82 7.29 3.56 6.02 6.96 2.34 8.05 8.19 3.21 5.32 4.77 9.58 4.43 4.21 8.50 2.53 8.55 7.65 
8.16 7.74 7.66 4.21 8.20 6.25 5.87 6.20 7.33 3.44 7.66 9.63 4.53 8.09 5.57 4.78 8.71 9.01 2.37 7.96 4.42 6.89 6.13 5.18 5.58 4.27 7.48 6.61 3.71 4.49 7.58 3.91 5.60 3.00 7.38 5.70 3.27 9.70 2.88 1.42 
7.31 0.65 7.75 9.76 2.57 4.83 9.29 7.75 1.56 8.97 8.39 2.65 9.13 1.10 1.67 9.46 7.55 5.42 5.02 8.32 9.13 2.20 3.00 8.83 5.27 2.92 9.75 4.83 4.56 9.17 1.62 3.40 6.82 9.38 7.69 1.79 8.76 3.74 8.59 5.73 
4.94 3.23 5.73 10.00 1.06 3.53 8.52 6.52 2.16 9.37 6.50 2.79 9.01 4.11 4.74 9.30 4.93 2.15 7.37 6.26 9.07 2.10 2.73 8.31 4.37 5.50 8.30 3.26 7.51 9.08 2.02 5.10 5.82 10.17 5.81 3.58 9.19 1.10 9.17 7.62 
8.29 3.52 8.38 8.39 5.04 5.62 8.73 7.78 3.92 7.54 8.83 5.51 8.09 3.49 1.31 8.42 8.68 7.34 2.55 8.90 8.04 4.05 4.13 8.14 5.62 1.15 9.70 5.81 1.71 8.10 4.11 2.38 6.83 7.62 8.23 2.59 7.33 6.44 7.05 3.54 
4.40 5.71 4.08 4.59 5.20 2.44 4.05 3.07 4.71 3.87 4.32 7.15 3.82 6.44 4.42 4.14 4.93 5.25 3.73 4.51 3.83 3.99 2.96 3.53 1.71 3.62 4.94 2.80 4.91 3.86 4.94 2.40 2.18 4.62 3.85 3.54 3.69 6.56 3.63 3.18 
6.46 1.97 7.17 10.76 1.07 4.63 9.63 7.74 1.64 10.06 7.92 1.19 9.90 2.67 4.03 10.21 6.50 3.79 7.14 7.72 9.93 2.21 3.24 9.33 5.38 5.08 9.62 4.44 6.96 9.95 1.39 5.07 6.94 10.72 7.22 3.30 9.86 1.24 9.78 7.62 
4.06 9.78 3.05 3.78 8.55 5.00 1.03 1.88 8.53 3.93 2.36 10.77 2.65 10.64 8.90 2.62 4.49 6.90 7.87 2.79 2.79 7.70 6.66 1.66 4.33 8.14 0.77 5.19 9.24 2.73 8.70 6.93 2.74 5.11 2.82 7.82 3.97 9.49 4.33 6.97 
8.37 1.29 8.79 10.52 3.47 5.88 10.21 8.75 2.57 9.71 9.42 2.91 9.96 0.65 2.04 10.30 8.60 6.41 5.33 9.36 9.95 3.25 4.04 9.73 6.28 3.32 10.75 5.88 4.58 10.00 2.59 4.08 7.81 10.03 8.74 2.71 9.49 4.44 9.29 6.17 
6.62 3.02 7.44 11.54 1.82 5.18 10.20 8.22 2.69 10.87 8.21 1.55 10.61 3.61 5.14 10.91 6.57 3.70 8.22 7.97 10.65 3.12 4.06 9.96 6.00 6.17 10.01 4.93 8.06 10.67 2.44 6.09 7.50 11.59 7.53 4.35 10.68 0.66 10.63 8.66 
6.69 0.66 7.17 9.60 1.85 4.29 8.93 7.30 0.85 8.83 7.84 2.35 8.89 1.57 2.08 9.22 6.90 4.71 5.29 7.74 8.90 1.57 2.49 8.51 4.81 3.19 9.28 4.25 5.01 8.93 0.90 3.41 6.38 9.33 7.14 1.64 8.62 3.10 8.48 5.88 
7.24 3.86 8.11 12.46 2.79 6.03 11.03 9.02 3.66 11.80 8.90 2.07 11.51 4.32 6.06 11.80 7.13 4.22 9.19 8.62 11.56 4.10 5.01 10.82 6.87 7.13 10.74 5.76 8.99 11.57 3.42 7.07 8.33 12.55 8.23 5.33 11.62 1.41 11.58 9.64 
4.80 8.10 4.02 2.44 7.42 4.11 1.92 2.34 7.06 1.97 3.80 9.47 1.45 8.83 6.74 1.76 5.36 6.77 5.19 4.17 1.48 6.29 5.23 1.27 3.24 5.78 3.40 4.44 6.61 1.50 7.27 4.64 2.17 3.09 3.73 5.93 1.87 8.67 2.06 4.24 
6.86 8.45 6.17 2.13 8.34 5.57 3.78 4.53 7.70 1.31 6.00 10.13 2.36 9.00 6.60 2.60 7.43 8.39 4.04 6.36 2.24 7.06 6.10 3.11 4.74 5.39 5.49 5.93 5.51 2.31 7.94 4.56 4.18 1.45 5.87 6.24 1.11 9.75 0.76 2.95 
6.58 1.51 7.25 10.58 1.12 4.60 9.55 7.72 1.33 9.85 7.98 1.18 9.75 2.25 3.60 10.06 6.66 4.04 6.76 7.81 9.77 2.01 3.08 9.22 5.31 4.68 9.63 4.44 6.53 9.80 1.08 4.74 6.88 10.47 7.27 2.95 9.66 1.69 9.56 7.28 
1.86 6.03 1.88 5.99 4.58 1.10 4.13 2.11 4.69 5.53 2.46 6.81 4.86 6.95 5.72 5.10 2.36 3.22 6.17 2.43 4.94 3.86 2.92 4.00 0.96 5.43 3.98 1.21 7.14 4.94 4.83 4.27 1.48 6.56 1.78 4.39 5.40 5.52 5.51 5.74 
5.51 2.80 6.28 10.34 0.82 3.95 8.97 7.00 1.92 9.68 7.05 2.20 9.39 3.63 4.53 9.69 5.51 2.74 7.35 6.82 9.44 2.09 2.91 8.73 4.77 5.40 8.81 3.71 7.38 9.45 1.73 5.13 6.27 10.44 6.35 3.50 9.50 0.75 9.46 7.69 
7.76 2.09 8.02 9.05 3.77 5.12 8.97 7.71 2.66 8.23 8.57 4.08 8.58 2.12 0.51 8.91 8.08 6.35 3.75 8.57 8.55 2.98 3.38 8.44 5.33 1.75 9.70 5.22 3.14 8.60 2.81 2.63 6.75 8.49 7.91 1.77 8.01 5.09 7.79 4.59 
3.31 10.26 2.50 5.96 8.64 5.33 3.21 2.75 8.90 6.09 1.78 10.86 4.82 11.19 9.85 4.80 3.49 6.35 9.46 1.95 4.96 8.08 7.16 3.78 4.97 9.33 1.41 5.38 10.72 4.90 9.02 8.11 3.66 7.28 2.49 8.58 6.11 9.26 6.45 8.68 
8.39 1.10 8.90 11.09 3.17 6.02 10.60 9.02 2.49 10.29 9.57 2.14 10.47 0.25 2.77 10.80 8.56 6.17 6.12 9.47 10.46 3.28 4.22 10.15 6.53 4.07 11.01 5.98 5.42 10.50 2.42 4.69 8.10 10.68 8.87 3.13 10.08 3.88 9.90 6.92 
11.01 5.11 11.14 10.66 7.13 8.35 11.35 10.52 6.05 9.82 11.59 6.81 10.55 4.54 3.70 10.87 11.38 9.79 4.49 11.66 10.48 6.43 6.74 10.73 8.38 3.90 12.42 8.50 3.02 10.54 6.17 5.12 9.58 9.66 10.99 5.13 9.61 8.30 9.29 5.58 
6.20 2.53 6.41 7.75 3.15 3.54 7.42 6.08 2.13 6.95 6.94 4.35 7.15 3.10 1.19 7.48 6.55 5.15 3.41 6.95 7.14 1.96 1.93 6.92 3.70 1.45 8.07 3.67 3.48 7.18 2.37 1.41 5.13 7.37 6.29 0.47 6.74 4.66 6.56 3.90 
7.36 2.44 7.57 8.44 3.82 4.70 8.39 7.18 2.69 7.61 8.09 4.44 7.97 2.65 0.13 8.30 7.71 6.17 3.24 8.11 7.94 2.85 3.05 7.85 4.85 1.17 9.15 4.84 2.82 7.99 2.89 2.02 6.22 7.88 7.45 1.44 7.40 5.22 7.17 4.02 
9.34 5.26 9.27 8.04 6.72 6.75 8.94 8.37 5.61 7.21 9.60 7.25 8.00 5.16 3.03 8.31 9.79 8.81 1.87 9.74 7.93 5.64 5.52 8.28 6.54 2.28 10.16 6.99 0.41 7.99 5.82 3.25 7.48 7.01 9.07 4.14 7.00 8.15 6.67 2.96 
5.85 3.17 5.97 7.08 3.52 3.19 6.78 5.52 2.60 6.28 6.46 4.93 6.48 3.78 1.72 6.81 6.24 5.14 3.06 6.50 6.47 2.24 1.85 6.27 3.22 1.42 7.50 3.38 3.41 6.51 2.85 0.83 4.56 6.72 5.83 0.98 6.07 5.04 5.90 3.39 
1.31 7.19 0.78 5.76 5.65 2.26 3.48 1.39 5.84 5.45 1.29 7.88 4.54 8.11 6.87 4.73 1.87 3.82 7.03 1.28 4.65 5.01 4.09 3.54 2.00 6.50 2.94 2.32 8.12 4.63 5.97 5.31 1.39 6.58 0.62 5.55 5.36 6.45 5.55 6.48 
5.29 2.03 5.86 9.07 0.79 3.10 8.02 6.21 0.65 8.37 6.57 2.72 8.22 2.99 3.09 8.53 5.46 3.22 5.77 6.43 8.25 0.53 1.55 7.68 3.77 3.84 8.14 2.98 5.85 8.27 0.69 3.56 5.36 9.04 5.86 1.93 8.17 2.30 8.10 6.12 
4.77 2.54 5.26 8.38 1.40 2.43 7.31 5.52 1.17 7.68 5.95 3.43 7.51 3.49 3.07 7.82 4.99 3.07 5.37 5.83 7.54 0.36 0.85 6.97 3.07 3.58 7.47 2.35 5.62 7.57 1.31 3.09 4.66 8.38 5.24 1.71 7.49 2.85 7.42 5.62 
3.76 3.67 4.16 7.38 2.42 1.27 6.16 4.35 2.33 6.73 4.81 4.57 6.45 4.59 3.68 6.75 4.06 2.80 5.24 4.73 6.49 1.50 0.64 5.85 1.91 3.81 6.30 1.24 5.79 6.51 2.49 2.96 3.49 7.52 4.11 2.26 6.55 3.68 6.52 5.26 
6.73 3.18 6.83 7.41 4.04 4.08 7.40 6.29 3.00 6.59 7.29 5.10 6.94 3.57 1.14 7.27 7.13 5.96 2.55 7.36 6.91 2.85 2.68 6.85 4.07 0.57 8.24 4.27 2.61 6.96 3.23 0.99 5.34 6.88 6.68 1.36 6.37 5.54 6.15 3.15 
1.35 8.24 0.44 6.06 6.58 3.35 3.47 1.72 6.87 5.90 0.42 8.80 4.83 9.18 8.00 4.95 1.72 4.37 8.09 0.15 4.95 6.06 5.18 3.74 3.14 7.63 2.36 3.36 9.21 4.92 6.98 6.43 2.24 7.09 0.52 6.67 5.85 7.22 6.10 7.47 
7.83 4.86 7.71 6.73 5.86 5.29 7.41 6.79 4.81 5.89 8.03 6.84 6.57 5.06 2.57 6.89 8.30 7.56 0.81 8.18 6.50 4.64 4.28 6.77 5.01 1.33 8.59 5.56 1.19 6.56 5.05 1.82 5.90 5.88 7.51 3.17 5.68 7.36 5.38 1.77 
6.03 4.96 5.85 5.44 5.20 3.64 5.65 4.90 4.37 4.62 6.14 6.73 5.02 5.48 3.11 5.35 6.53 6.21 1.99 6.30 4.99 3.88 3.15 5.04 3.22 2.00 6.73 3.96 3.08 5.04 4.62 1.04 4.01 4.95 5.64 2.79 4.40 6.70 4.19 1.80 
3.30 4.14 3.68 7.11 2.80 0.80 5.76 3.91 2.80 6.49 4.33 4.99 6.13 5.07 4.10 6.43 3.62 2.67 5.42 4.25 6.18 1.97 1.09 5.48 1.52 4.12 5.84 0.77 6.06 6.20 2.94 3.18 3.07 7.33 3.63 2.68 6.31 3.96 6.31 5.33 
2.29 6.66 1.84 5.07 5.40 1.84 3.22 1.29 5.38 4.65 2.14 7.61 3.92 7.55 6.06 4.17 2.85 4.16 5.97 2.28 4.01 4.55 3.53 3.06 1.21 5.56 3.27 2.06 7.09 4.00 5.54 4.35 0.54 5.73 1.62 4.82 4.53 6.41 4.68 5.39 
7.64 6.81 7.23 4.65 7.30 5.55 5.90 5.90 6.41 3.83 7.32 8.69 4.74 7.16 4.65 5.02 8.18 8.25 1.57 7.58 4.65 5.99 5.27 5.21 4.94 3.35 7.38 5.89 3.02 4.71 6.66 2.98 5.20 3.64 6.97 4.77 3.63 8.81 3.28 0.51 
3.92 6.30 3.48 4.20 5.58 2.42 3.34 2.33 5.22 3.57 3.64 7.63 3.29 7.08 5.15 3.60 4.48 5.21 4.42 3.86 3.32 4.45 3.38 2.86 1.57 4.38 4.18 2.77 5.65 3.35 5.43 3.16 1.48 4.48 3.23 4.19 3.41 6.86 3.44 3.76 
8.03 10.44 7.19 1.20 10.24 7.24 3.95 5.46 9.65 1.30 6.82 12.09 2.36 11.00 8.59 2.35 8.59 9.99 5.85 7.23 2.22 8.99 7.99 3.46 6.37 7.36 5.74 7.58 7.28 2.27 9.89 6.55 5.44 0.64 6.89 8.23 1.43 11.61 1.42 4.76 
9.47 2.63 9.81 10.85 4.80 6.89 10.87 9.59 3.84 10.02 10.40 4.15 10.43 1.90 2.40 10.77 9.75 7.70 5.14 10.37 10.40 4.44 5.09 10.33 7.18 3.45 11.58 6.95 4.08 10.45 3.89 4.49 8.63 10.18 9.73 3.56 9.80 5.78 9.55 6.13 
7.30 2.98 7.43 7.95 4.18 4.63 8.02 6.92 3.08 7.12 7.91 4.96 7.52 3.21 0.70 7.86 7.68 6.35 2.69 7.96 7.49 3.10 3.12 7.46 4.67 0.61 8.87 4.81 2.38 7.54 3.30 1.60 5.96 7.35 7.29 1.61 6.90 5.63 6.67 3.46 
5.52 6.39 5.08 3.85 6.22 3.69 4.11 3.77 5.59 3.04 5.17 8.02 3.38 7.01 4.72 3.71 6.07 6.50 3.04 5.43 3.34 4.94 3.99 3.47 2.95 3.64 5.39 4.05 4.42 3.40 5.83 2.60 3.04 3.57 4.82 4.18 2.83 7.65 2.68 2.22 
4.18 5.39 3.95 4.96 4.81 2.07 4.27 3.10 4.35 4.26 4.25 6.78 4.15 6.15 4.23 4.47 4.69 4.87 3.87 4.40 4.17 3.61 2.57 3.79 1.41 3.52 5.03 2.43 4.97 4.20 4.58 2.30 2.17 5.02 3.74 3.25 4.08 6.16 4.03 3.41 
4.99 4.93 4.82 5.28 4.72 2.64 4.99 3.98 4.07 4.51 5.15 6.51 4.64 5.60 3.49 4.97 5.49 5.31 3.04 5.29 4.63 3.43 2.51 4.45 2.17 2.67 5.88 2.97 4.08 4.67 4.31 1.45 3.05 5.09 4.62 2.72 4.31 6.16 4.18 2.72 
7.72 9.00 7.02 2.32 9.03 6.40 4.46 5.37 8.34 1.66 6.83 10.75 2.92 9.49 7.03 3.09 8.29 9.22 4.16 7.20 2.78 7.74 6.82 3.81 5.58 5.77 6.21 6.76 5.58 2.85 8.59 5.07 5.05 1.06 6.73 6.82 1.54 10.47 1.16 3.08 
4.77 2.52 5.33 8.64 1.13 2.56 7.50 5.67 1.12 7.95 6.03 3.23 7.75 3.48 3.27 8.06 4.96 2.89 5.67 5.89 7.78 0.48 1.12 7.18 3.26 3.85 7.61 2.44 5.89 7.81 1.21 3.40 4.83 8.66 5.32 1.96 7.76 2.55 7.70 5.92 
5.51 4.20 6.42 11.19 2.27 4.65 9.52 7.46 3.39 10.59 7.20 3.09 10.15 4.96 6.00 10.43 5.36 2.47 8.73 6.90 10.22 3.45 4.08 9.38 5.52 6.83 9.09 4.33 8.83 10.22 3.21 6.47 6.86 11.44 6.55 4.92 10.43 1.05 10.43 8.99 
0.94 8.22 0.88 6.92 6.41 3.50 4.33 2.55 6.83 6.75 1.24 8.59 5.68 9.18 8.22 5.81 1.04 3.91 8.63 0.81 5.81 6.05 5.28 4.60 3.50 7.98 3.09 3.42 9.68 5.78 6.91 6.82 2.93 7.93 1.16 6.85 6.69 6.88 6.93 8.08 
3.97 9.59 2.96 3.69 8.38 4.82 0.93 1.71 8.34 3.81 2.30 10.59 2.53 10.44 8.69 2.53 4.42 6.78 7.66 2.73 2.68 7.51 6.47 1.51 4.14 7.93 0.89 5.01 9.03 2.62 8.51 6.72 2.55 4.99 2.72 7.62 3.84 9.33 4.19 6.77 
