5.28 2.87 1.17 6.03 1.63 6.01 4.97 6.15 4.91 1.26 5.47 2.85 3.16 4.84 6.98 4.44 4.59 3.10 5.06 6.01 2.22 2.71 0.96 4.50 5.28 5.52 0.90 0.53 5.70 4.27 3.05 4.35 8.47 2.35 3.51 7.19 3.11 6.16 3.07 5.60 2.04 0.39 3.25 6.66 6.25 
7.79 0.89 2.03 8.58 1.52 6.91 7.76 7.80 6.30 3.30 8.32 1.04 1.21 5.72 9.87 5.59 7.48 5.99 7.88 8.26 4.49 5.02 3.49 1.72 8.08 6.78 2.97 2.72 6.99 5.61 5.47 5.02 11.30 5.21 1.37 9.78 5.89 8.71 5.80 7.60 1.01 3.04 5.60 8.91 9.04 
7.69 1.24 3.53 9.92 3.16 8.84 8.06 6.97 5.43 4.76 8.74 3.03 3.17 4.58 10.68 4.64 8.13 6.84 8.26 9.80 4.57 6.47 4.03 1.55 9.13 8.64 4.36 3.98 5.98 7.43 6.87 3.86 12.27 6.19 3.26 11.08 6.99 10.04 6.12 7.05 2.03 3.83 5.54 10.45 10.10 
3.99 9.04 7.23 3.43 7.76 8.11 2.46 6.89 7.04 6.18 1.72 8.94 9.22 7.91 0.91 7.35 1.75 3.16 2.14 4.71 5.47 5.01 5.84 10.72 1.89 7.21 6.35 6.47 7.51 6.71 4.60 8.03 2.72 3.97 9.56 3.55 3.51 3.44 3.89 5.78 8.27 6.16 4.90 4.89 1.83 
3.29 4.63 3.24 5.26 3.71 6.98 2.89 4.78 3.94 2.74 3.45 4.93 5.24 4.35 5.30 3.81 2.73 1.65 3.01 5.70 1.24 3.03 1.41 6.33 3.99 6.28 2.63 2.50 4.70 5.15 3.07 4.15 6.96 1.46 5.60 6.26 2.26 5.36 1.00 3.98 3.92 1.85 1.61 6.28 4.94 
2.88 4.69 4.52 7.59 4.78 9.27 3.71 2.65 1.50 4.65 4.49 5.83 6.15 1.97 6.93 1.40 4.39 3.96 3.98 8.14 1.38 5.42 2.56 6.26 6.13 8.63 4.37 4.03 2.28 7.45 5.52 2.01 8.72 3.92 6.47 8.50 4.70 7.69 2.29 2.28 4.34 3.12 1.14 8.70 6.99 
2.60 7.04 5.43 4.08 5.94 7.60 1.12 5.28 5.14 4.56 1.20 7.16 7.45 5.92 2.99 5.35 0.41 1.53 0.97 5.03 3.36 3.86 3.82 8.74 2.37 6.75 4.62 4.66 5.71 5.93 3.58 5.98 4.75 2.33 7.80 4.74 2.30 4.14 1.79 4.21 6.30 4.20 2.85 5.44 3.08 
6.28 9.80 7.65 1.60 8.17 6.73 4.68 9.13 9.04 6.41 4.06 9.22 9.44 9.77 1.95 9.20 3.50 4.08 4.37 2.89 6.92 4.80 6.87 11.37 1.73 5.84 6.71 6.98 9.61 5.77 4.32 9.75 1.89 4.63 9.75 1.12 3.83 1.52 5.52 8.03 8.96 6.99 6.68 2.80 0.82 
4.44 2.89 2.84 7.45 3.01 8.07 4.78 4.42 3.01 3.32 5.48 4.00 4.32 2.80 7.59 2.44 4.98 3.95 4.99 7.69 1.29 4.55 1.36 4.52 6.30 7.55 2.95 2.53 3.78 6.31 4.80 2.30 9.28 3.53 4.63 8.51 4.39 7.56 2.88 4.13 2.49 1.69 2.26 8.31 7.25 
8.66 5.37 3.41 5.57 3.55 2.25 7.74 10.11 8.96 2.86 7.90 3.68 3.68 8.90 8.16 8.51 6.72 5.21 7.67 4.66 6.15 2.87 4.97 6.18 6.06 2.23 3.17 3.57 9.75 1.39 3.22 8.37 8.96 4.49 3.82 6.68 4.45 5.68 6.37 9.42 4.70 4.46 7.02 5.21 6.77 
9.15 7.68 5.47 4.09 5.76 1.05 7.88 11.18 10.28 4.48 7.78 6.14 6.18 10.46 7.22 9.99 6.61 5.47 7.72 2.83 7.41 3.37 6.44 8.66 5.25 0.31 4.89 5.34 11.06 1.50 3.38 10.04 7.54 5.04 6.34 4.96 4.56 4.16 7.08 10.31 6.92 6.07 8.01 3.19 5.65 
4.81 2.54 2.72 7.69 2.83 8.08 5.15 4.67 3.22 3.34 5.85 3.75 4.06 2.88 7.93 2.59 5.33 4.24 5.36 7.88 1.67 4.69 1.54 4.15 6.60 7.60 2.95 2.52 3.96 6.35 4.96 2.31 9.60 3.77 4.36 8.77 4.64 7.81 3.24 4.44 2.20 1.75 2.64 8.51 7.56 
6.41 1.78 0.58 7.05 0.52 6.12 6.22 6.89 5.50 1.80 6.74 1.64 1.96 5.18 8.23 4.90 5.87 4.35 6.32 6.85 3.18 3.54 2.01 3.29 6.46 5.80 1.42 1.10 6.26 4.56 3.96 4.57 9.67 3.58 2.31 8.23 4.27 7.17 4.29 6.50 0.93 1.48 4.28 7.50 7.42 
7.41 8.82 6.50 0.94 6.98 4.32 5.88 9.98 9.51 5.23 5.50 7.82 7.98 10.02 4.20 9.47 4.51 4.14 5.62 0.44 6.90 3.50 6.41 10.20 2.61 3.46 5.62 5.99 10.20 3.64 3.09 9.81 4.27 4.25 8.25 1.71 3.41 0.97 5.90 8.95 7.97 6.32 7.05 0.62 2.61 
6.52 1.55 0.79 7.28 0.58 6.29 6.37 6.91 5.49 2.03 6.91 1.55 1.87 5.13 8.44 4.87 6.06 4.56 6.48 7.07 3.27 3.76 2.14 3.07 6.68 5.99 1.65 1.33 6.25 4.75 4.19 4.50 9.89 3.79 2.21 8.46 4.49 7.40 4.43 6.55 0.71 1.63 4.37 7.73 7.65 
7.53 2.15 1.10 7.31 0.69 5.47 7.21 8.09 6.70 2.12 7.67 0.71 0.96 6.33 8.91 6.08 6.70 5.11 7.28 6.88 4.35 3.74 3.14 3.12 7.00 5.32 1.91 1.86 7.45 4.14 4.21 5.69 10.21 4.29 1.30 8.51 4.84 7.43 5.34 7.69 1.57 2.56 5.44 7.52 7.93 
9.24 6.57 4.53 5.17 4.72 1.04 8.15 10.93 9.87 3.80 8.20 4.88 4.88 9.90 8.07 9.48 7.01 5.63 8.04 4.06 7.02 3.29 5.90 7.37 6.00 1.19 4.17 4.59 10.66 1.15 3.49 9.40 8.64 5.02 5.00 6.18 4.77 5.27 7.01 10.17 5.88 5.43 7.79 4.53 6.58 
3.67 8.93 7.18 3.71 7.70 8.29 2.16 6.57 6.75 6.17 1.40 8.90 9.18 7.65 1.20 7.08 1.60 3.11 1.85 4.97 5.28 5.07 5.71 10.62 2.10 7.39 6.31 6.41 7.22 6.85 4.68 7.78 3.01 3.93 9.53 3.87 3.54 3.72 3.69 5.47 8.17 6.05 4.66 5.17 2.14 
7.19 3.73 1.57 5.69 1.81 3.99 6.51 8.36 7.15 1.16 6.82 2.38 2.53 7.04 7.64 6.67 5.72 4.11 6.50 5.18 4.41 2.21 3.18 4.85 5.62 3.69 1.37 1.72 7.94 2.47 2.68 6.50 8.78 3.29 2.80 6.89 3.59 5.82 4.88 7.75 2.97 2.63 5.36 5.81 6.49 
7.93 0.63 2.62 9.17 2.14 7.61 8.03 7.69 6.16 3.89 8.64 1.72 1.83 5.47 10.31 5.41 7.87 6.43 8.18 8.90 4.66 5.63 3.79 1.16 8.59 7.48 3.54 3.24 6.80 6.30 6.07 4.75 11.80 5.69 1.91 10.36 6.41 9.30 6.06 7.58 1.30 3.40 5.73 9.55 9.56 
1.00 6.99 6.45 7.51 6.81 10.39 2.55 1.91 2.42 6.23 3.26 7.96 8.28 3.50 5.85 3.04 3.80 4.29 2.87 8.39 3.15 6.42 4.37 8.59 5.80 9.63 6.05 5.82 2.66 8.59 6.34 3.93 7.65 4.69 8.61 8.15 5.20 7.58 2.66 0.81 6.56 4.96 2.07 8.84 6.43 
10.16 7.60 5.61 5.50 5.78 0.38 9.00 11.96 10.93 4.88 8.98 5.86 5.83 10.97 8.59 10.55 7.79 6.50 8.86 4.26 8.06 4.22 6.96 8.32 6.58 1.27 5.25 5.67 11.72 2.05 4.36 10.48 8.96 5.96 5.92 6.38 5.62 5.58 7.97 11.17 6.94 6.51 8.80 4.59 7.04 
5.60 6.86 4.63 1.96 5.14 4.60 4.22 7.96 7.38 3.37 4.08 6.14 6.36 7.84 3.91 7.30 2.92 2.04 4.04 2.21 4.72 1.71 4.25 8.37 1.81 3.72 3.69 4.01 8.09 3.12 1.24 7.63 4.87 2.06 6.67 3.13 1.23 2.09 3.81 6.98 6.01 4.21 4.93 2.78 2.59 
6.32 2.27 3.88 9.60 3.73 9.44 6.93 5.30 3.76 4.88 7.67 4.12 4.35 2.88 9.84 2.97 7.24 6.19 7.16 9.71 3.52 6.43 3.44 3.25 8.55 9.09 4.46 4.02 4.29 7.83 6.76 2.16 11.54 5.70 4.54 10.70 6.56 9.72 5.10 5.47 2.62 3.49 4.29 10.35 9.50 
9.63 8.62 6.39 3.96 6.70 1.64 8.27 11.80 10.99 5.35 8.08 7.09 7.13 11.23 7.20 10.74 6.94 5.97 8.07 2.63 8.13 4.08 7.23 9.61 5.37 1.26 5.76 6.20 11.76 2.42 3.99 10.84 7.29 5.65 7.30 4.64 5.06 4.01 7.66 10.89 7.85 6.89 8.66 2.79 5.61 
7.29 7.15 4.83 2.44 5.26 2.92 5.96 9.50 8.75 3.60 5.82 5.99 6.13 9.07 5.34 8.56 4.66 3.63 5.78 1.58 5.94 1.99 5.17 8.44 3.31 2.02 4.01 4.43 9.50 1.78 1.76 8.75 5.89 3.36 6.39 3.54 2.73 2.55 5.34 8.57 6.32 4.94 6.37 2.20 3.82 
9.13 2.26 4.53 11.07 4.07 9.43 9.49 8.29 6.76 5.81 10.16 3.51 3.53 5.84 12.03 5.97 9.50 8.16 9.67 10.83 6.00 7.55 5.39 1.06 10.40 9.36 5.44 5.11 7.26 8.20 7.98 5.13 13.58 7.47 3.46 12.25 8.23 11.20 7.54 8.44 3.11 5.12 6.98 11.48 11.37 
6.30 3.05 0.72 5.86 1.21 4.99 5.78 7.31 6.07 0.57 6.19 2.26 2.52 5.96 7.34 5.58 5.17 3.57 5.82 5.58 3.36 2.30 2.12 4.44 5.44 4.59 0.39 0.64 6.86 3.33 2.74 5.43 8.66 2.74 2.86 7.05 3.27 5.98 4.01 6.73 2.22 1.56 4.36 6.23 6.38 
4.07 3.39 2.48 6.35 2.83 7.22 4.06 4.76 3.57 2.54 4.69 4.00 4.32 3.64 6.61 3.18 4.04 2.88 4.21 6.61 0.84 3.54 0.43 5.09 5.23 6.64 2.24 1.92 4.36 5.42 3.74 3.26 8.26 2.43 4.66 7.42 3.29 6.46 2.08 4.22 2.75 1.01 1.93 7.22 6.19 
7.12 9.34 7.07 0.55 7.56 5.26 5.54 9.82 9.49 5.79 5.06 8.48 8.66 10.09 3.41 9.53 4.20 4.18 5.25 1.38 7.04 4.06 6.71 10.80 2.20 4.41 6.15 6.49 10.14 4.52 3.61 9.95 3.33 4.47 8.95 0.78 3.61 0.44 5.87 8.76 8.49 6.70 7.05 1.24 1.89 
3.60 6.71 7.06 9.81 7.25 11.91 5.09 0.82 1.23 7.30 5.84 8.18 8.48 1.91 8.43 1.90 6.22 6.30 5.41 10.53 4.03 8.02 5.19 8.01 8.18 11.26 7.00 6.64 0.50 10.09 8.08 2.62 10.24 6.43 8.77 10.56 7.13 9.89 4.53 1.81 6.59 5.73 3.43 11.04 8.90 
5.16 5.36 3.17 3.47 3.69 4.75 4.10 7.10 6.29 1.95 4.24 4.77 5.01 6.62 4.91 6.10 3.08 1.56 4.02 3.54 3.48 0.81 2.81 6.90 2.94 3.99 2.23 2.51 7.05 2.97 0.72 6.32 6.15 0.96 5.34 4.64 0.85 3.60 2.99 6.23 4.51 2.71 3.95 4.17 3.87 
3.85 7.39 7.74 10.26 7.94 12.54 5.41 0.96 1.91 7.95 6.12 8.87 9.17 2.54 8.71 2.58 6.61 6.82 5.73 11.04 4.67 8.63 5.86 8.66 8.60 11.87 7.66 7.31 1.18 10.72 8.66 3.27 10.50 7.01 9.45 10.97 7.68 10.34 5.05 2.06 7.28 6.40 4.00 11.53 9.28 
10.59 9.16 7.01 4.90 7.27 1.65 9.25 12.72 11.86 6.06 9.07 7.52 7.52 12.05 8.16 11.58 7.93 6.93 9.06 3.56 8.99 4.94 8.03 10.02 6.36 1.80 6.47 6.91 12.63 3.06 4.90 11.63 8.15 6.57 7.65 5.49 6.02 4.94 8.59 11.83 8.43 7.66 9.56 3.65 6.57 
5.94 8.67 6.48 0.78 7.00 5.71 4.36 8.66 8.38 5.23 3.89 8.02 8.23 9.03 2.55 8.46 3.03 3.16 4.08 2.07 6.04 3.59 5.84 10.21 1.02 4.81 5.54 5.83 9.01 4.62 3.11 8.93 3.06 3.58 8.54 1.45 2.74 0.81 4.77 7.59 7.82 5.91 5.95 2.24 0.97 
8.44 8.07 5.76 2.84 6.14 2.32 7.06 10.69 9.95 4.61 6.86 6.73 6.83 10.25 6.04 9.75 5.73 4.81 6.86 1.56 7.13 3.12 6.32 9.23 4.16 1.50 5.03 5.46 10.70 2.07 2.94 9.91 6.27 4.56 7.04 3.68 3.91 2.91 6.53 9.75 7.26 6.05 7.57 1.93 4.46 
1.02 6.41 5.44 6.08 5.87 8.97 1.45 3.24 3.17 5.01 2.23 7.07 7.39 4.07 4.77 3.52 2.44 2.82 1.75 6.92 2.37 5.00 3.41 8.09 4.41 8.19 4.90 4.74 3.68 7.18 4.89 4.27 6.59 3.26 7.73 6.79 3.72 6.16 1.30 2.19 5.84 3.97 1.34 7.39 5.12 
3.65 6.76 7.12 9.87 7.31 11.98 5.16 0.85 1.29 7.36 5.90 8.23 8.53 1.94 8.49 1.95 6.29 6.37 5.48 10.59 4.10 8.09 5.26 8.05 8.24 11.33 7.06 6.70 0.54 10.16 8.15 2.66 10.30 6.50 8.82 10.63 7.20 9.96 4.60 1.87 6.64 5.79 3.49 11.11 8.97 
6.25 10.75 8.70 2.99 9.24 8.11 4.73 9.15 9.29 7.51 3.98 10.33 10.58 10.14 1.40 9.57 3.83 4.86 4.41 4.27 7.52 5.99 7.68 12.37 2.63 7.23 7.77 7.99 9.78 7.13 5.52 10.21 0.58 5.53 10.90 2.30 4.82 2.91 6.00 8.05 9.93 7.88 7.08 4.12 1.71 
5.58 6.25 4.00 2.57 4.51 4.39 4.32 7.77 7.08 2.73 4.30 5.51 5.72 7.47 4.43 6.94 3.11 1.91 4.18 2.61 4.33 1.09 3.74 7.74 2.36 3.54 3.07 3.40 7.82 2.76 0.62 7.21 5.48 1.68 6.04 3.75 1.00 2.69 3.61 6.84 5.40 3.65 4.67 3.23 3.20 
4.26 8.74 6.84 2.84 7.37 7.49 2.67 7.13 7.15 5.74 2.02 8.54 8.80 7.97 1.07 7.40 1.65 2.82 2.35 4.10 5.34 4.48 5.59 10.41 1.26 6.59 5.94 6.09 7.68 6.12 4.05 8.02 2.72 3.58 9.14 3.06 3.03 2.85 3.81 6.03 7.95 5.86 4.90 4.29 1.31 
7.72 1.88 4.11 10.38 3.77 9.49 8.22 6.74 5.21 5.30 8.93 3.71 3.85 4.28 10.97 4.42 8.39 7.19 8.43 10.32 4.74 7.00 4.36 2.04 9.51 9.27 4.89 4.49 5.70 8.05 7.38 3.58 12.61 6.58 3.93 11.53 7.41 10.51 6.32 6.92 2.62 4.24 5.63 10.97 10.48 
8.35 1.29 2.49 8.99 1.96 7.01 8.32 8.33 6.82 3.72 8.87 1.10 1.12 6.19 10.38 6.09 8.02 6.50 8.44 8.60 5.06 5.42 4.05 1.42 8.56 6.95 3.43 3.22 7.49 5.82 5.88 5.48 11.78 5.72 1.12 10.18 6.37 9.11 6.36 8.15 1.57 3.59 6.16 9.24 9.51 
4.92 4.92 2.79 3.95 3.33 5.06 3.99 6.72 5.85 1.65 4.23 4.45 4.71 6.14 5.16 5.63 3.12 1.51 3.95 4.05 3.01 1.09 2.30 6.49 3.28 4.34 1.86 2.09 6.62 3.25 1.18 5.83 6.50 0.73 5.05 5.10 1.09 4.07 2.68 5.88 4.08 2.22 3.55 4.67 4.23 
2.42 5.43 5.26 7.85 5.54 9.87 3.53 1.93 1.13 5.33 4.31 6.59 6.91 2.00 6.85 1.46 4.42 4.27 3.83 8.50 2.03 5.96 3.26 6.97 6.29 9.20 5.06 4.75 1.79 8.04 6.01 2.29 8.66 4.37 7.23 8.68 5.08 7.94 2.51 1.53 5.10 3.83 1.37 9.03 7.09 
0.67 7.85 6.84 6.38 7.28 9.93 1.31 3.48 3.99 6.31 1.81 8.49 8.81 5.04 4.32 4.53 2.67 3.71 1.56 7.42 3.80 6.05 4.84 9.52 4.62 9.10 6.24 6.12 4.28 8.20 5.86 5.37 6.10 4.35 9.16 6.86 4.60 6.43 2.61 2.40 7.28 5.38 2.75 7.79 5.11 
2.52 5.03 3.93 5.71 4.36 7.79 2.43 4.00 3.29 3.55 3.11 5.56 5.88 3.85 5.28 3.28 2.67 2.09 2.62 6.29 1.09 3.82 1.92 6.73 4.27 7.07 3.41 3.23 4.01 5.97 3.82 3.78 7.02 2.16 6.23 6.63 2.87 5.81 0.51 3.16 4.40 2.46 0.85 6.84 5.16 
6.72 2.04 3.87 9.80 3.66 9.41 7.29 5.73 4.19 4.94 8.02 3.92 4.13 3.30 10.15 3.40 7.55 6.45 7.52 9.85 3.85 6.55 3.66 2.86 8.80 9.09 4.52 4.09 4.71 7.84 6.89 2.58 11.83 5.92 4.29 10.91 6.77 9.92 5.44 5.90 2.51 3.65 4.67 10.49 9.76 
9.99 8.94 6.73 4.22 7.02 1.75 8.62 12.18 11.36 5.70 8.42 7.39 7.42 11.60 7.47 11.12 7.29 6.34 8.42 2.88 8.51 4.45 7.60 9.90 5.68 1.54 6.12 6.56 12.13 2.75 4.37 11.21 7.49 6.02 7.57 4.83 5.43 4.26 8.03 11.26 8.18 7.26 9.03 2.98 5.88 
3.07 4.31 3.45 6.24 3.82 7.82 3.19 3.97 2.99 3.31 3.88 5.00 5.32 3.35 6.03 2.81 3.42 2.61 3.39 6.70 0.31 3.94 1.37 6.00 4.91 7.16 3.08 2.82 3.76 5.99 4.03 3.17 7.75 2.46 5.66 7.22 3.27 6.35 1.28 3.31 3.73 1.96 0.94 7.28 5.83 
6.81 1.40 3.31 9.42 3.06 8.81 7.24 6.08 4.54 4.43 7.94 3.28 3.49 3.73 9.97 3.76 7.39 6.18 7.45 9.41 3.76 6.09 3.36 2.40 8.51 8.53 4.02 3.60 5.12 7.28 6.45 3.01 11.60 5.59 3.66 10.56 6.43 9.54 5.33 6.15 1.90 3.26 4.68 10.06 9.48 
2.37 5.17 4.86 7.42 5.16 9.39 3.28 2.38 1.54 4.87 4.07 6.24 6.57 2.27 6.56 1.70 4.07 3.83 3.57 8.05 1.58 5.48 2.83 6.76 5.89 8.72 4.62 4.32 2.25 7.57 5.54 2.43 8.36 3.90 6.89 8.28 4.62 7.52 2.08 1.85 4.79 3.41 0.91 8.59 6.72 
7.90 8.48 6.15 1.82 6.58 3.39 6.43 10.33 9.72 4.91 6.14 7.32 7.45 10.14 5.06 9.61 5.06 4.41 6.20 0.49 7.00 3.23 6.35 9.77 3.31 2.55 5.32 5.72 10.45 2.88 2.92 9.87 5.20 4.35 7.69 2.61 3.57 1.87 6.18 9.34 7.64 6.18 7.29 0.93 3.47 
4.17 9.31 7.49 3.49 8.02 8.26 2.67 7.08 7.26 6.43 1.91 9.20 9.47 8.15 0.68 7.59 2.01 3.42 2.36 4.79 5.73 5.23 6.11 10.99 2.02 7.35 6.60 6.73 7.73 6.89 4.81 8.27 2.50 4.23 9.81 3.51 3.75 3.48 4.15 5.97 8.53 6.42 5.15 4.93 1.84 
10.41 8.67 6.56 5.00 6.79 1.11 9.12 12.45 11.54 5.66 8.99 7.01 7.00 11.69 8.23 11.23 7.83 6.73 8.94 3.67 8.67 4.64 7.66 9.50 6.35 1.41 6.06 6.50 12.32 2.65 4.65 11.26 8.34 6.32 7.12 5.69 5.82 5.05 8.35 11.59 7.96 7.27 9.29 3.84 6.64 
3.93 6.41 4.46 3.13 5.00 6.09 2.61 6.32 5.85 3.40 2.64 6.16 6.44 6.43 3.45 5.86 1.45 0.54 2.47 3.80 3.42 2.39 3.34 8.05 1.82 5.25 3.56 3.71 6.52 4.42 2.09 6.31 4.93 1.21 6.78 4.08 0.82 3.23 2.23 5.31 5.60 3.53 3.39 4.30 2.78 
5.34 1.99 1.92 7.41 2.01 7.37 5.47 5.46 4.03 2.68 6.10 2.96 3.27 3.70 7.98 3.41 5.44 4.16 5.63 7.47 2.06 4.19 1.34 3.69 6.48 6.94 2.27 1.83 4.78 5.68 4.51 3.10 9.59 3.56 3.58 8.54 4.39 7.53 3.50 5.16 1.47 1.26 3.14 8.11 7.45 
0.62 6.73 5.83 6.36 6.25 9.37 1.50 3.01 3.12 5.42 2.26 7.45 7.77 4.09 4.85 3.55 2.66 3.19 1.82 7.24 2.70 5.41 3.79 8.40 4.66 8.58 5.30 5.14 3.56 7.58 5.29 4.35 6.67 3.67 8.11 7.02 4.10 6.43 1.71 1.92 6.19 4.36 1.63 7.69 5.32 
9.30 2.36 4.60 11.15 4.13 9.41 9.64 8.49 6.95 5.88 10.31 3.52 3.51 6.04 12.15 6.16 9.64 8.28 9.83 10.89 6.16 7.62 5.52 1.01 10.51 9.36 5.52 5.20 7.46 8.22 8.05 5.33 13.69 7.58 3.42 12.34 8.34 11.28 7.69 8.63 3.20 5.24 7.15 11.54 11.48 
9.10 7.90 5.67 3.82 5.98 1.35 7.79 11.19 10.34 4.64 7.66 6.40 6.45 10.55 6.99 10.07 6.50 5.42 7.61 2.54 7.47 3.42 6.54 8.92 5.06 0.64 5.05 5.49 11.11 1.71 3.38 10.15 7.26 5.04 6.63 4.66 4.51 3.89 7.06 10.30 7.13 6.19 8.03 2.87 5.42 
6.85 7.74 5.43 1.41 5.91 3.85 5.40 9.26 8.67 4.16 5.15 6.76 6.93 9.12 4.38 8.58 4.05 3.35 5.18 0.94 5.98 2.43 5.40 9.13 2.44 2.95 4.55 4.92 9.39 2.81 2.03 8.87 4.86 3.32 7.20 2.55 2.52 1.52 5.12 8.27 6.89 5.28 6.23 1.58 2.83 
5.55 3.08 4.28 9.44 4.23 9.79 6.32 4.35 2.82 5.10 7.08 4.82 5.08 1.92 9.38 2.03 6.78 5.91 6.57 9.69 3.07 6.50 3.34 4.20 8.25 9.36 4.69 4.25 3.33 8.10 6.77 1.20 11.12 5.53 5.30 10.49 6.39 9.56 4.60 4.57 3.24 3.55 3.66 10.31 9.18 
6.04 2.44 3.90 9.46 3.78 9.45 6.68 5.02 3.48 4.84 7.42 4.25 4.50 2.61 9.63 2.69 7.02 6.02 6.92 9.61 3.29 6.35 3.30 3.51 8.37 9.07 4.42 3.98 4.01 7.81 6.66 1.89 11.34 5.55 4.70 10.55 6.41 9.58 4.88 5.18 2.71 3.40 4.04 10.24 9.32 
3.16 8.19 6.48 3.74 7.01 7.97 1.58 6.03 6.11 5.52 0.94 8.21 8.50 6.97 1.86 6.40 0.86 2.44 1.26 4.90 4.53 4.54 4.97 9.88 1.99 7.08 5.64 5.71 6.61 6.43 4.18 7.07 3.66 3.27 8.85 4.12 2.97 3.77 2.95 4.93 7.44 5.33 3.95 5.18 2.37 
7.74 0.73 3.05 9.54 2.64 8.26 7.99 7.25 5.71 4.31 8.64 2.42 2.56 4.94 10.46 4.94 7.95 6.59 8.17 9.35 4.53 6.04 3.84 1.24 8.84 8.09 3.93 3.57 6.31 6.89 6.46 4.22 12.01 5.90 2.64 10.71 6.67 9.66 6.03 7.24 1.58 3.55 5.56 10.00 9.81 
5.61 7.88 5.68 1.14 6.20 5.29 4.09 8.22 7.82 4.43 3.75 7.23 7.45 8.41 2.97 7.85 2.72 2.50 3.84 2.03 5.36 2.81 5.09 9.42 0.96 4.38 4.74 5.03 8.49 4.02 2.33 8.27 3.78 2.83 7.76 2.17 1.97 1.24 4.20 7.17 7.03 5.13 5.37 2.42 1.53 
10.75 9.09 6.97 5.16 7.21 1.50 9.43 12.82 11.93 6.07 9.27 7.42 7.41 12.09 8.41 11.63 8.12 7.07 9.24 3.82 9.06 5.02 8.07 9.90 6.58 1.81 6.47 6.91 12.71 3.06 5.01 11.66 8.44 6.68 7.52 5.78 6.16 5.21 8.71 11.95 8.38 7.68 9.66 3.93 6.82 
8.10 2.79 1.66 7.28 1.38 4.94 7.66 8.78 7.40 2.35 8.07 0.98 1.01 7.06 9.13 6.80 7.05 5.43 7.70 6.73 4.98 3.78 3.74 3.49 7.15 4.88 2.27 2.35 8.17 3.78 4.25 6.42 10.33 4.60 1.24 8.47 5.04 7.40 5.85 8.35 2.29 3.15 6.05 7.35 8.04 
3.18 7.28 7.43 9.63 7.67 12.06 4.75 0.32 1.73 7.55 5.45 8.65 8.97 2.61 8.03 2.49 5.96 6.24 5.06 10.43 4.25 8.12 5.48 8.65 7.95 11.37 7.28 6.95 1.20 10.24 8.13 3.30 9.82 6.47 9.26 10.32 7.11 9.71 4.48 1.39 7.09 6.04 3.48 10.92 8.62 
2.78 4.86 4.71 7.69 4.98 9.44 3.69 2.45 1.34 4.84 4.47 6.02 6.34 1.91 6.94 1.34 4.43 4.07 3.97 8.26 1.56 5.58 2.75 6.42 6.20 8.80 4.56 4.22 2.11 7.62 5.67 2.01 8.74 4.06 6.66 8.58 4.82 7.79 2.37 2.10 4.52 3.31 1.19 8.82 7.05 
5.42 8.94 6.84 1.60 7.37 6.55 3.82 8.23 8.09 5.63 3.25 8.45 8.69 8.82 1.69 8.25 2.58 3.14 3.51 2.92 5.96 4.10 5.95 10.53 0.80 5.64 5.90 6.14 8.68 5.37 3.64 8.79 2.47 3.73 9.01 1.81 2.97 1.59 4.56 7.14 8.10 6.10 5.72 3.04 0.18 
8.63 3.51 2.29 7.21 2.10 4.36 8.08 9.46 8.10 2.69 8.44 1.65 1.56 7.79 9.30 7.52 7.36 5.75 8.10 6.53 5.60 3.84 4.35 4.05 7.27 4.41 2.72 2.89 8.87 3.41 4.31 7.16 10.40 4.92 1.66 8.39 5.25 7.33 6.35 8.98 3.05 3.76 6.64 7.14 8.12 
4.38 6.78 4.74 2.57 5.28 5.80 2.97 6.85 6.40 3.60 2.86 6.41 6.67 6.98 3.21 6.42 1.68 1.07 2.79 3.28 3.95 2.34 3.80 8.40 1.37 4.93 3.82 4.02 7.07 4.21 1.96 6.85 4.56 1.57 7.00 3.54 0.87 2.67 2.78 5.83 5.96 3.94 3.94 3.77 2.34 
4.66 9.23 7.30 2.80 7.83 7.66 3.10 7.55 7.62 6.18 2.40 8.98 9.24 8.45 0.64 7.88 2.15 3.30 2.78 4.12 5.85 4.84 6.09 10.89 1.48 6.76 6.38 6.55 8.13 6.37 4.40 8.52 2.21 4.05 9.58 2.82 3.45 2.79 4.32 6.45 8.43 6.34 5.39 4.23 1.14 
5.93 9.78 7.68 1.94 8.21 7.06 4.34 8.80 8.76 6.46 3.69 9.28 9.51 9.54 1.50 8.96 3.22 3.96 4.03 3.26 6.75 4.90 6.78 11.38 1.63 6.17 6.74 6.98 9.32 6.02 4.43 9.54 1.67 4.57 9.83 1.57 3.81 1.88 5.30 7.70 8.94 6.93 6.44 3.22 0.66 
2.14 5.56 4.38 5.47 4.83 7.92 1.89 4.00 3.50 3.89 2.57 6.04 6.36 4.17 4.80 3.60 2.21 1.93 2.08 6.15 1.62 3.94 2.42 7.26 3.94 7.16 3.79 3.66 4.16 6.11 3.88 4.17 6.57 2.21 6.71 6.32 2.79 5.56 0.18 3.06 4.92 2.94 1.07 6.67 4.79 
2.23 5.21 4.22 5.94 4.63 8.13 2.32 3.66 3.02 3.89 3.04 5.83 6.15 3.65 5.33 3.08 2.74 2.35 2.54 6.57 1.18 4.16 2.18 6.89 4.45 7.41 3.73 3.54 3.72 6.31 4.15 3.64 7.10 2.49 6.50 6.83 3.16 6.04 0.61 2.82 4.61 2.74 0.57 7.11 5.31 
3.76 8.67 6.87 3.37 7.40 7.90 2.19 6.65 6.74 5.83 1.50 8.58 8.86 7.60 1.24 7.03 1.38 2.80 1.87 4.61 5.11 4.69 5.47 10.35 1.72 7.00 5.99 6.10 7.24 6.46 4.30 7.69 3.03 3.61 9.20 3.62 3.18 3.39 3.54 5.54 7.89 5.79 4.56 4.83 1.86 
4.85 4.06 2.07 4.85 2.60 5.50 4.20 6.28 5.26 1.20 4.59 3.78 4.07 5.43 5.86 4.96 3.59 2.00 4.23 4.92 2.39 1.74 1.46 5.67 4.09 4.87 1.22 1.31 6.05 3.68 1.98 5.06 7.29 1.20 4.42 5.99 1.91 4.97 2.54 5.55 3.23 1.32 3.14 5.55 5.05 
5.90 2.61 0.57 6.21 1.06 5.67 5.54 6.71 5.43 1.05 6.02 2.28 2.59 5.28 7.41 4.92 5.09 3.54 5.62 6.06 2.81 2.73 1.56 4.14 5.62 5.26 0.63 0.25 6.21 4.00 3.14 4.74 8.83 2.75 2.94 7.39 3.43 6.34 3.67 6.19 1.75 0.97 3.86 6.71 6.58 
5.38 4.06 1.87 4.76 2.40 4.99 4.66 6.81 5.77 0.76 5.00 3.53 3.79 5.89 6.08 5.43 3.94 2.33 4.67 4.68 2.90 1.39 1.87 5.59 4.20 4.39 0.94 1.21 6.56 3.18 1.73 5.48 7.42 1.49 4.13 5.94 2.02 4.89 3.07 6.09 3.21 1.57 3.69 5.33 5.15 
9.08 5.57 3.72 5.88 3.81 2.13 8.17 10.51 9.34 3.25 8.32 3.82 3.78 9.25 8.54 8.88 7.14 5.63 8.10 4.91 6.55 3.30 5.35 6.28 6.44 2.29 3.55 3.93 10.13 1.67 3.63 8.71 9.30 4.92 3.89 6.98 4.87 5.99 6.79 9.83 4.95 4.83 7.43 5.44 7.14 
6.12 3.23 0.92 5.65 1.42 4.96 5.57 7.21 6.00 0.36 5.97 2.50 2.76 5.93 7.11 5.54 4.95 3.34 5.61 5.40 3.25 2.10 2.02 4.65 5.21 4.52 0.22 0.61 6.79 3.26 2.54 5.42 8.43 2.51 3.09 6.84 3.04 5.77 3.83 6.61 2.38 1.49 4.22 6.05 6.15 
7.31 0.01 2.31 8.81 1.91 7.60 7.44 7.08 5.55 3.57 8.06 1.88 2.09 4.90 9.80 4.81 7.32 5.92 7.60 8.61 4.04 5.31 3.22 1.71 8.14 7.39 3.19 2.84 6.22 6.18 5.72 4.19 11.32 5.21 2.26 9.99 5.96 8.93 5.47 6.96 0.84 2.88 5.11 9.27 9.11 
1.95 6.88 5.45 4.74 5.94 8.08 0.69 4.62 4.53 4.71 1.19 7.17 7.47 5.36 3.48 4.79 1.04 1.88 0.74 5.66 3.01 4.24 3.67 8.58 3.03 7.25 4.72 4.69 5.07 6.37 4.02 5.46 5.28 2.59 7.83 5.40 2.75 4.81 1.43 3.54 6.18 4.12 2.33 6.09 3.73 
6.63 10.11 7.93 1.69 8.46 6.78 5.03 9.48 9.40 6.69 4.40 9.48 9.70 10.13 2.19 9.56 3.86 4.43 4.72 2.91 7.27 5.05 7.20 11.66 2.08 5.91 6.99 7.27 9.97 5.91 4.57 10.11 1.81 4.96 10.00 0.93 4.14 1.59 5.88 8.38 9.26 7.31 7.03 2.73 1.18 
7.70 0.86 3.19 9.64 2.79 8.44 7.99 7.14 5.60 4.43 8.65 2.61 2.75 4.81 10.51 4.82 7.99 6.65 8.17 9.48 4.52 6.16 3.87 1.33 8.91 8.26 4.04 3.68 6.19 7.05 6.58 4.08 12.07 5.97 2.84 10.81 6.75 9.77 6.04 7.16 1.70 3.61 5.53 10.13 9.88 
5.78 2.89 0.77 5.93 1.30 5.51 5.36 6.72 5.48 0.80 5.81 2.50 2.80 5.38 7.15 5.00 4.86 3.30 5.42 5.78 2.78 2.46 1.53 4.42 5.34 5.06 0.39 0.06 6.27 3.80 2.85 4.87 8.55 2.49 3.15 7.11 3.15 6.05 3.52 6.16 2.04 0.96 3.79 6.43 6.30 
8.11 5.64 3.48 4.73 3.74 2.11 7.10 9.76 8.70 2.64 7.20 4.11 4.17 8.73 7.34 8.31 6.02 4.56 7.01 3.85 5.84 2.20 4.73 6.63 5.25 1.77 3.02 3.45 9.49 0.63 2.48 8.26 8.12 3.90 4.37 5.85 3.75 4.84 5.86 9.00 4.90 4.27 6.61 4.42 5.94 
3.95 6.42 6.91 9.99 7.06 11.89 5.39 1.28 1.13 7.22 6.15 7.95 8.24 1.54 8.75 1.65 6.46 6.43 5.71 10.66 4.01 8.05 5.11 7.66 8.39 11.26 6.91 6.53 0.37 10.07 8.13 2.27 10.56 6.51 8.52 10.78 7.24 10.08 4.67 2.20 6.35 5.63 3.53 11.19 9.15 
8.94 8.63 6.33 3.04 6.70 2.40 7.53 11.24 10.52 5.19 7.29 7.25 7.33 10.84 6.29 10.33 6.18 5.34 7.31 1.70 7.71 3.71 6.91 9.76 4.51 1.72 5.61 6.04 11.27 2.55 3.53 10.51 6.36 5.13 7.53 3.71 4.46 3.09 7.08 10.29 7.83 6.64 8.13 1.87 4.70 
6.70 6.63 4.30 2.54 4.76 3.32 5.42 8.85 8.09 3.05 5.34 5.58 5.74 8.42 5.12 7.91 4.16 3.03 5.26 2.00 5.28 1.37 4.53 7.97 3.04 2.45 3.45 3.85 8.85 1.86 1.10 8.10 5.87 2.71 6.02 3.71 2.12 2.66 4.70 7.94 5.78 4.32 5.72 2.65 3.68 
3.34 7.87 6.10 3.40 6.62 7.51 1.74 6.16 6.11 5.10 1.27 7.82 8.10 6.92 2.01 6.35 0.60 2.03 1.44 4.51 4.33 4.07 4.67 9.55 1.63 6.62 5.23 5.33 6.66 5.96 3.71 6.98 3.75 2.86 8.45 3.89 2.51 3.44 2.78 5.06 7.10 4.99 3.85 4.83 2.17 
0.37 7.48 6.71 7.02 7.11 10.26 1.95 2.64 3.21 6.33 2.58 8.29 8.62 4.28 5.14 3.80 3.28 4.05 2.25 7.99 3.50 6.31 4.65 9.11 5.28 9.46 6.21 6.03 3.45 8.48 6.17 4.67 6.93 4.57 8.96 7.58 4.96 7.08 2.63 1.55 6.98 5.22 2.39 8.40 5.84 
3.74 3.80 3.85 7.77 4.05 8.91 4.38 3.38 1.99 4.19 5.14 5.03 5.35 1.94 7.46 1.49 4.87 4.15 4.64 8.17 1.27 5.21 2.09 5.35 6.44 8.34 3.85 3.47 2.76 7.12 5.38 1.65 9.22 3.92 5.65 8.75 4.76 7.87 2.69 3.16 3.49 2.57 1.73 8.77 7.35 
1.76 8.31 7.00 5.45 7.48 9.42 0.89 4.64 5.05 6.27 0.80 8.71 9.02 6.04 3.17 5.51 1.94 3.35 0.89 6.58 4.31 5.70 5.15 10.01 3.70 8.55 6.28 6.24 5.40 7.77 5.43 6.31 4.93 4.12 9.37 5.82 4.15 5.49 2.84 3.55 7.66 5.63 3.40 6.89 4.06 
2.21 7.45 7.28 8.80 7.58 11.56 3.81 0.85 2.12 7.22 4.48 8.65 8.97 3.19 7.04 2.90 5.08 5.54 4.12 9.67 3.98 7.59 5.23 8.94 7.09 10.82 7.00 6.72 1.94 9.74 7.54 3.79 8.82 5.88 9.28 9.43 6.44 8.87 3.85 0.62 7.15 5.82 3.02 10.13 7.70 
8.61 9.30 6.97 2.18 7.39 3.62 7.10 11.11 10.55 5.75 6.75 8.08 8.20 10.99 5.40 10.45 5.74 5.21 6.86 1.00 7.85 4.09 7.21 10.56 3.87 2.90 6.16 6.57 11.27 3.51 3.78 10.73 5.25 5.19 8.43 2.59 4.40 2.18 6.98 10.10 8.47 7.03 8.11 0.76 3.83 
4.76 4.26 2.25 4.67 2.79 5.48 4.06 6.28 5.30 1.33 4.43 3.97 4.25 5.51 5.66 5.03 3.41 1.82 4.08 4.76 2.43 1.64 1.59 5.87 3.89 4.83 1.39 1.50 6.08 3.66 1.85 5.16 7.09 1.01 4.60 5.81 1.71 4.79 2.46 5.52 3.43 1.49 3.13 5.40 4.86 
2.25 6.31 4.86 4.66 5.35 7.66 1.26 4.67 4.38 4.13 1.76 6.57 6.88 5.12 3.83 4.54 1.24 1.43 1.32 5.47 2.53 3.75 3.10 8.02 3.04 6.85 4.13 4.09 4.99 5.91 3.57 5.14 5.59 2.05 7.23 5.44 2.34 4.74 0.95 3.64 5.61 3.53 2.02 5.94 3.85 
1.13 6.77 6.27 7.51 6.62 10.29 2.62 1.84 2.23 6.07 3.35 7.75 8.08 3.30 5.95 2.83 3.82 4.23 2.94 8.36 2.96 6.31 4.19 8.36 5.82 9.54 5.89 5.65 2.51 8.48 6.25 3.71 7.76 4.59 8.41 8.18 5.13 7.58 2.56 0.76 6.35 4.78 1.89 8.83 6.48 
5.99 9.00 6.83 0.98 7.35 6.04 4.39 8.75 8.54 5.59 3.87 8.38 8.60 9.22 2.28 8.65 3.09 3.40 4.09 2.32 6.27 3.96 6.13 10.56 1.12 5.15 5.89 6.17 9.15 4.99 3.49 9.14 2.69 3.88 8.91 1.27 3.05 0.96 4.95 7.67 8.16 6.22 6.13 2.40 0.70 
4.16 5.60 6.21 9.77 6.34 11.34 5.46 1.92 0.86 6.63 6.24 7.17 7.47 0.71 8.81 0.95 6.40 6.16 5.77 10.35 3.53 7.58 4.53 6.83 8.25 10.75 6.29 5.90 0.77 9.54 7.70 1.43 10.62 6.13 7.73 10.64 6.91 9.87 4.44 2.58 5.57 5.01 3.26 10.91 9.06 
7.14 7.09 4.77 2.37 5.20 3.05 5.81 9.36 8.62 3.53 5.68 5.97 6.11 8.95 5.22 8.44 4.51 3.49 5.63 1.59 5.82 1.89 5.06 8.40 3.19 2.15 3.94 4.35 9.37 1.85 1.64 8.64 5.81 3.23 6.37 3.49 2.59 2.48 5.20 8.42 6.26 4.84 6.24 2.23 3.72 
1.20 6.49 5.39 5.71 5.83 8.70 1.14 3.62 3.53 4.87 1.92 7.04 7.36 4.40 4.43 3.84 2.06 2.51 1.42 6.57 2.46 4.75 3.40 8.18 4.03 7.91 4.79 4.66 4.05 6.92 4.62 4.56 6.24 3.02 7.71 6.41 3.42 5.79 1.16 2.56 5.88 3.94 1.53 7.02 4.75 
2.47 5.55 4.20 5.06 4.67 7.50 1.93 4.44 3.91 3.60 2.52 5.89 6.21 4.54 4.57 3.97 1.96 1.49 2.06 5.71 1.77 3.53 2.34 7.25 3.57 6.74 3.54 3.45 4.59 5.71 3.45 4.49 6.30 1.80 6.56 5.94 2.35 5.15 0.29 3.50 4.86 2.81 1.46 6.24 4.44 
7.33 1.00 3.21 9.55 2.87 8.60 7.68 6.70 5.15 4.42 8.36 2.88 3.05 4.36 10.29 4.38 7.74 6.45 7.87 9.45 4.20 6.13 3.64 1.78 8.75 8.37 4.02 3.63 5.74 7.15 6.52 3.63 11.88 5.81 3.18 10.71 6.61 9.68 5.74 6.74 1.72 3.45 5.18 10.10 9.72 
8.04 8.34 6.01 2.11 6.43 3.08 6.59 10.42 9.77 4.79 6.33 7.13 7.25 10.16 5.34 9.63 5.24 4.50 6.37 0.80 7.01 3.16 6.32 9.60 3.54 2.24 5.20 5.62 10.51 2.62 2.88 9.87 5.51 4.38 7.49 2.93 3.64 2.17 6.26 9.44 7.51 6.11 7.35 1.21 3.75 
2.37 7.89 6.36 4.45 6.86 8.40 0.80 5.25 5.39 5.51 0.26 8.08 8.38 6.29 2.56 5.72 0.93 2.47 0.48 5.55 4.05 4.76 4.67 9.59 2.68 7.53 5.57 5.59 5.86 6.78 4.46 6.44 4.37 3.28 8.74 4.90 3.19 4.49 2.47 4.15 7.18 5.09 3.34 5.88 3.15 
0.36 7.25 6.51 6.99 6.90 10.13 1.96 2.55 3.03 6.15 2.63 8.08 8.40 4.09 5.21 3.60 3.26 3.94 2.27 7.93 3.28 6.17 4.44 8.89 5.26 9.34 6.02 5.83 3.31 8.34 6.05 4.47 7.01 4.43 8.74 7.58 4.85 7.06 2.46 1.45 6.76 5.02 2.17 8.35 5.85 
7.51 2.35 1.06 7.12 0.74 5.27 7.14 8.14 6.77 1.97 7.58 0.88 1.10 6.43 8.77 6.16 6.59 5.00 7.20 6.68 4.36 3.56 3.13 3.33 6.85 5.11 1.80 1.79 7.53 3.93 4.03 5.80 10.05 4.17 1.43 8.32 4.69 7.25 5.29 7.72 1.74 2.55 5.44 7.32 7.77 
7.68 1.84 1.34 7.68 0.84 5.82 7.43 8.10 6.67 2.46 7.92 0.39 0.70 6.25 9.23 6.03 6.98 5.40 7.51 7.27 4.45 4.12 3.28 2.73 7.34 5.69 2.22 2.11 7.42 4.53 4.58 5.59 10.56 4.59 1.05 8.88 5.17 7.81 5.53 7.75 1.39 2.73 5.56 7.92 8.28 
2.99 6.07 6.24 8.95 6.46 11.01 4.38 1.00 0.56 6.42 5.14 7.44 7.75 1.62 7.73 1.35 5.43 5.42 4.70 9.64 3.14 7.12 4.32 7.48 7.35 10.35 6.13 5.79 0.69 9.19 7.17 2.23 9.55 5.53 8.04 9.74 6.24 9.04 3.65 1.38 5.88 4.87 2.53 10.17 8.11 
2.48 5.26 4.03 5.41 4.48 7.65 2.19 4.19 3.57 3.55 2.84 5.70 6.02 4.16 4.96 3.59 2.35 1.80 2.36 6.03 1.39 3.67 2.09 6.96 3.95 6.91 3.44 3.31 4.27 5.84 3.64 4.10 6.70 1.97 6.37 6.31 2.62 5.51 0.22 3.30 4.60 2.60 1.11 6.56 4.84 
7.65 1.95 1.27 7.56 0.78 5.69 7.37 8.12 6.70 2.35 7.84 0.47 0.76 6.29 9.13 6.06 6.89 5.31 7.44 7.14 4.43 3.99 3.24 2.86 7.23 5.56 2.13 2.04 7.44 4.39 4.46 5.64 10.45 4.50 1.11 8.76 5.06 7.69 5.48 7.75 1.46 2.68 5.53 7.78 8.17 
5.36 8.68 6.57 1.48 7.11 6.33 3.76 8.14 7.95 5.36 3.24 8.18 8.42 8.66 1.90 8.09 2.48 2.93 3.47 2.77 5.77 3.83 5.72 10.28 0.57 5.42 5.64 5.88 8.56 5.12 3.36 8.61 2.74 3.49 8.74 1.88 2.71 1.50 4.40 7.05 7.85 5.85 5.56 2.94 0.45 
6.23 10.06 7.94 2.01 8.47 7.13 4.65 9.11 9.08 6.72 3.98 9.53 9.76 9.86 1.69 9.28 3.54 4.27 4.33 3.29 7.06 5.13 7.08 11.65 1.93 6.25 7.00 7.26 9.63 6.17 4.66 9.86 1.49 4.87 10.08 1.43 4.09 1.93 5.62 8.00 9.23 7.23 6.76 3.18 0.96 
8.05 9.41 7.08 1.44 7.54 4.36 6.50 10.65 10.19 5.82 6.09 8.33 8.48 10.70 4.58 10.15 5.14 4.82 6.23 0.78 7.58 4.10 7.07 10.75 3.19 3.57 6.21 6.60 10.88 3.97 3.72 10.49 4.39 4.93 8.73 1.73 4.09 1.41 6.58 9.61 8.56 6.96 7.73 0.15 3.04 
7.17 7.53 5.21 1.93 5.66 3.32 5.77 9.49 8.82 3.96 5.58 6.44 6.59 9.20 4.91 8.68 4.44 3.58 5.57 1.11 6.06 2.26 5.38 8.86 2.94 2.42 4.36 4.76 9.56 2.30 1.95 8.92 5.39 3.42 6.86 3.02 2.70 2.03 5.33 8.53 6.69 5.20 6.41 1.76 3.36 
8.24 7.64 5.34 2.98 5.71 2.15 6.90 10.42 9.63 4.19 6.75 6.30 6.39 9.91 6.10 9.41 5.60 4.58 6.72 1.78 6.79 2.76 5.95 8.80 4.15 1.26 4.61 5.05 10.39 1.65 2.62 9.55 6.45 4.27 6.61 3.92 3.67 3.07 6.27 9.50 6.83 5.66 7.28 2.24 4.53 
4.60 2.83 2.08 6.68 2.37 7.15 4.61 5.08 3.78 2.40 5.24 3.50 3.82 3.69 7.12 3.30 4.56 3.32 4.77 6.84 1.32 3.65 0.51 4.54 5.66 6.63 2.04 1.65 4.57 5.38 3.91 3.22 8.74 2.78 4.16 7.78 3.63 6.80 2.64 4.63 2.20 0.77 2.43 7.47 6.63 
2.48 7.93 6.37 4.35 6.88 8.34 0.90 5.36 5.48 5.51 0.33 8.10 8.40 6.38 2.46 5.81 0.88 2.45 0.58 5.46 4.11 4.73 4.70 9.63 2.59 7.47 5.57 5.60 5.96 6.73 4.42 6.52 4.28 3.27 8.75 4.79 3.15 4.39 2.53 4.25 7.21 5.11 3.42 5.78 3.04 
3.54 3.77 3.35 6.98 3.63 8.18 3.90 3.82 2.60 3.50 4.62 4.72 5.04 2.73 6.82 2.24 4.22 3.37 4.12 7.37 0.50 4.43 1.40 5.42 5.69 7.58 3.20 2.86 3.39 6.37 4.59 2.45 8.55 3.12 5.37 7.98 3.96 7.09 2.06 3.38 3.30 1.94 1.36 7.96 6.62 
9.74 9.14 6.89 3.75 7.22 2.26 8.33 12.03 11.28 5.80 8.08 7.67 7.72 11.57 7.01 11.07 6.98 6.14 8.11 2.42 8.45 4.41 7.60 10.19 5.29 1.86 6.22 6.66 12.03 2.96 4.27 11.21 6.95 5.90 7.89 4.29 5.24 3.78 7.86 11.08 8.36 7.30 8.91 2.44 5.42 
8.62 7.68 5.41 3.41 5.76 1.72 7.31 10.75 9.92 4.33 7.18 6.26 6.33 10.16 6.54 9.67 6.02 4.95 7.13 2.17 7.07 3.01 6.17 8.77 4.59 0.86 4.74 5.18 10.69 1.54 2.93 9.78 6.87 4.60 6.53 4.31 4.04 3.49 6.61 9.85 6.90 5.85 7.60 2.57 4.97 
3.51 7.59 5.76 3.16 6.30 7.13 1.93 6.26 6.12 4.74 1.59 7.48 7.76 6.88 2.23 6.31 0.60 1.70 1.67 4.21 4.17 3.68 4.42 9.27 1.41 6.24 4.89 5.00 6.70 5.57 3.31 6.90 3.89 2.51 8.10 3.76 2.12 3.21 2.66 5.18 6.81 4.71 3.79 4.56 2.10 
2.20 5.11 4.42 6.58 4.78 8.65 2.70 3.11 2.39 4.25 3.46 5.94 6.26 3.04 5.86 2.47 3.31 2.98 2.96 7.20 1.12 4.70 2.34 6.77 5.07 7.95 4.04 3.79 3.09 6.82 4.73 3.08 7.64 3.07 6.60 7.45 3.78 6.67 1.24 2.36 4.60 2.93 0.07 7.74 5.92 
3.42 7.69 5.89 3.27 6.42 7.29 1.83 6.20 6.10 4.88 1.44 7.61 7.89 6.88 2.15 6.30 0.55 1.82 1.55 4.34 4.22 3.84 4.51 9.37 1.51 6.40 5.02 5.13 6.66 5.74 3.48 6.91 3.84 2.64 8.24 3.83 2.28 3.32 2.69 5.11 6.92 4.81 3.79 4.68 2.14 
4.80 9.31 7.36 2.73 7.90 7.63 3.23 7.68 7.75 6.23 2.53 9.04 9.30 8.58 0.62 8.01 2.26 3.38 2.91 4.05 5.96 4.87 6.18 10.96 1.48 6.73 6.45 6.62 8.26 6.36 4.42 8.64 2.10 4.12 9.63 2.71 3.51 2.71 4.43 6.58 8.51 6.43 5.51 4.15 1.06 
4.60 4.13 4.91 9.27 4.98 10.24 5.58 3.15 1.63 5.49 6.36 5.74 6.03 0.76 8.80 0.85 6.25 5.64 5.86 9.67 2.78 6.67 3.48 5.38 7.91 9.72 5.12 4.70 2.13 8.48 6.86 0.14 10.59 5.42 6.28 10.24 6.27 9.38 4.10 3.44 4.14 3.86 3.00 10.27 8.80 
2.81 4.80 3.65 5.64 4.09 7.55 2.64 4.21 3.43 3.27 3.29 5.29 5.61 3.92 5.37 3.36 2.76 2.00 2.81 6.17 0.97 3.60 1.66 6.51 4.26 6.84 3.12 2.95 4.17 5.73 3.62 3.79 7.09 1.98 5.96 6.59 2.73 5.74 0.67 3.41 4.15 2.19 1.05 6.73 5.17 
6.68 11.13 9.05 3.13 9.59 8.23 5.16 9.58 9.73 7.85 4.41 10.67 10.90 10.57 1.82 10.01 4.26 5.25 4.84 4.36 7.94 6.29 8.07 12.74 2.99 7.36 8.12 8.35 10.22 7.33 5.82 10.64 0.36 5.91 11.22 2.30 5.18 3.04 6.43 8.48 10.30 8.27 7.51 4.15 2.03 
3.76 7.07 5.16 2.96 5.70 6.54 2.28 6.37 6.06 4.10 2.12 6.87 7.14 6.74 2.76 6.17 0.95 1.14 2.08 3.85 3.86 3.02 3.94 8.72 1.37 5.67 4.27 4.41 6.69 4.95 2.66 6.69 4.30 1.90 7.48 3.75 1.46 3.04 2.47 5.31 6.26 4.18 3.64 4.28 2.26 
7.75 8.50 6.17 1.61 6.62 3.59 6.26 10.20 9.63 4.93 5.96 7.38 7.52 10.06 4.86 9.53 4.90 4.29 6.03 0.29 6.92 3.23 6.31 9.82 3.12 2.74 5.33 5.73 10.35 3.02 2.89 9.81 5.00 4.26 7.77 2.42 3.48 1.66 6.07 9.21 7.66 6.15 7.19 0.82 3.27 
2.71 6.88 5.24 4.00 5.75 7.42 1.29 5.34 5.13 4.36 1.40 6.97 7.26 5.89 3.09 5.32 0.48 1.33 1.16 4.91 3.25 3.66 3.66 8.57 2.32 6.57 4.43 4.47 5.73 5.74 3.39 5.92 4.83 2.13 7.61 4.70 2.11 4.07 1.70 4.27 6.13 4.03 2.80 5.33 3.08 
3.97 6.12 6.64 9.87 6.79 11.66 5.37 1.46 0.93 6.98 6.13 7.66 7.95 1.24 8.72 1.37 6.39 6.29 5.68 10.51 3.79 7.85 4.87 7.37 8.30 11.05 6.66 6.28 0.34 9.85 7.94 1.97 10.54 6.33 8.23 10.69 7.08 9.96 4.53 2.27 6.06 5.38 3.38 11.05 9.07 
7.30 1.15 3.33 9.63 3.00 8.73 7.68 6.61 5.06 4.52 8.36 3.03 3.21 4.24 10.32 4.28 7.76 6.49 7.87 9.55 4.19 6.22 3.68 1.88 8.80 8.50 4.11 3.72 5.63 7.27 6.61 3.52 11.92 5.86 3.33 10.78 6.67 9.75 5.74 6.66 1.84 3.51 5.15 10.20 9.77 
4.78 2.89 3.45 8.31 3.52 8.84 5.35 4.19 2.67 4.10 6.09 4.34 4.64 2.18 8.31 1.96 5.70 4.77 5.59 8.56 1.97 5.41 2.22 4.36 7.12 8.36 3.71 3.28 3.37 7.11 5.66 1.56 10.03 4.39 4.91 9.36 5.25 8.42 3.55 4.12 2.74 2.50 2.71 9.18 8.06 
3.98 4.17 4.60 8.60 4.74 9.78 4.89 2.91 1.38 5.04 5.67 5.62 5.92 1.06 8.10 0.68 5.54 4.97 5.17 9.04 2.13 6.10 2.97 5.57 7.22 9.22 4.69 4.29 2.08 7.99 6.27 0.84 9.89 4.79 6.20 9.56 5.62 8.70 3.40 2.98 4.03 3.41 2.30 9.63 8.10 
0.60 6.84 6.12 6.93 6.51 9.87 2.01 2.46 2.74 5.80 2.74 7.68 8.00 3.77 5.34 3.26 3.22 3.73 2.33 7.81 2.87 5.90 4.05 8.47 5.22 9.10 5.66 5.46 3.09 8.08 5.80 4.11 7.15 4.17 8.34 7.58 4.64 7.00 2.16 1.36 6.35 4.63 1.76 8.26 5.87 
3.21 6.43 6.66 9.34 6.87 11.46 4.67 0.73 0.88 6.86 5.42 7.83 8.14 1.78 8.02 1.63 5.77 5.83 4.99 10.05 3.58 7.56 4.76 7.79 7.72 10.80 6.57 6.22 0.47 9.63 7.61 2.45 9.83 5.96 8.43 10.11 6.66 9.42 4.05 1.48 6.26 5.31 2.95 10.57 8.45 
7.17 10.94 8.77 2.45 9.30 7.42 5.59 10.05 10.06 7.53 4.90 10.32 10.53 10.84 2.44 10.26 4.52 5.22 5.28 3.55 8.03 5.88 8.01 12.50 2.86 6.57 7.83 8.11 10.60 6.66 5.41 10.84 1.34 5.78 10.84 1.42 4.97 2.34 6.60 8.95 10.10 8.13 7.74 3.25 1.91 
2.10 5.38 4.96 7.25 5.28 9.36 3.02 2.39 1.72 4.90 3.81 6.39 6.71 2.51 6.31 1.95 3.84 3.68 3.31 7.91 1.65 5.43 2.90 6.98 5.70 8.67 4.67 4.39 2.39 7.54 5.46 2.69 8.12 3.80 7.04 8.08 4.50 7.34 1.92 1.74 4.96 3.49 0.79 8.44 6.50 
6.93 10.14 7.93 1.51 8.45 6.51 5.33 9.76 9.63 6.68 4.72 9.44 9.65 10.34 2.57 9.77 4.12 4.57 5.02 2.63 7.43 5.00 7.30 11.67 2.25 5.65 7.00 7.29 10.22 5.72 4.53 10.29 2.11 5.04 9.95 0.56 4.21 1.40 6.08 8.67 9.29 7.38 7.25 2.40 1.44 
4.16 4.40 2.63 4.79 3.14 6.05 3.53 5.70 4.78 1.89 3.96 4.35 4.65 5.07 5.41 4.56 3.02 1.53 3.58 5.05 1.94 2.14 1.38 6.06 3.80 5.37 1.86 1.85 5.56 4.23 2.25 4.78 6.94 0.88 5.00 5.88 1.74 4.91 1.85 4.92 3.61 1.52 2.54 5.66 4.77 
4.49 9.35 7.47 3.15 8.00 7.99 2.95 7.39 7.52 6.37 2.22 9.16 9.43 8.38 0.47 7.82 2.14 3.43 2.63 4.46 5.87 5.09 6.18 11.02 1.78 7.09 6.56 6.71 8.01 6.68 4.66 8.48 2.24 4.21 9.77 3.14 3.66 3.14 4.31 6.28 8.56 6.46 5.35 4.58 1.49 
4.21 3.18 2.45 6.61 2.76 7.36 4.27 4.73 3.48 2.64 4.92 3.89 4.22 3.48 6.88 3.04 4.30 3.15 4.44 6.85 0.92 3.74 0.55 4.88 5.50 6.80 2.32 1.96 4.27 5.57 3.96 3.07 8.53 2.69 4.55 7.68 3.55 6.72 2.30 4.25 2.58 1.04 2.03 7.47 6.46 
4.84 8.73 6.71 2.14 7.25 6.91 3.23 7.66 7.58 5.55 2.65 8.37 8.62 8.34 1.37 7.77 2.04 2.84 2.92 3.42 5.56 4.14 5.66 10.36 0.73 6.00 5.79 5.99 8.15 5.62 3.69 8.34 2.60 3.51 8.95 2.41 2.83 2.15 4.11 6.57 7.91 5.86 5.24 3.60 0.66 
4.34 3.21 2.18 6.28 2.54 6.96 4.25 5.06 3.85 2.25 4.86 3.72 4.04 3.88 6.70 3.44 4.15 2.90 4.40 6.48 1.14 3.34 0.15 4.92 5.24 6.40 1.94 1.61 4.64 5.17 3.57 3.47 8.31 2.36 4.38 7.37 3.22 6.39 2.28 4.52 2.53 0.70 2.22 7.10 6.20 
0.85 6.48 5.71 6.68 6.10 9.49 1.92 2.65 2.69 5.39 2.69 7.28 7.60 3.66 5.27 3.13 3.02 3.39 2.23 7.52 2.48 5.51 3.64 8.12 5.00 8.72 5.24 5.04 3.14 7.69 5.43 3.94 7.09 3.78 7.94 7.37 4.29 6.75 1.76 1.59 5.97 4.22 1.38 7.98 5.69 
7.04 0.53 1.80 8.30 1.41 7.14 7.09 7.01 5.52 3.06 7.68 1.60 1.85 4.96 9.36 4.81 6.91 5.47 7.23 8.10 3.75 4.79 2.83 2.12 7.66 6.91 2.68 2.34 6.22 5.69 5.21 4.27 10.85 4.74 2.09 9.48 5.48 8.43 5.12 6.82 0.34 2.44 4.85 8.75 8.63 
1.64 5.71 4.83 6.22 5.23 8.69 2.04 3.19 2.78 4.51 2.82 6.42 6.74 3.57 5.26 3.00 2.77 2.73 2.31 6.94 1.67 4.71 2.77 7.38 4.64 7.95 4.35 4.16 3.40 6.88 4.67 3.68 7.07 3.00 7.09 7.03 3.60 6.31 0.98 2.26 5.15 3.34 0.64 7.45 5.43 
7.23 0.54 1.83 8.37 1.40 7.07 7.26 7.22 5.72 3.10 7.84 1.43 1.68 5.15 9.49 5.01 7.05 5.60 7.39 8.14 3.94 4.84 3.00 1.99 7.76 6.87 2.73 2.42 6.42 5.66 5.27 4.46 10.96 4.85 1.90 9.55 5.58 8.49 5.29 7.02 0.48 2.59 5.04 8.79 8.73 
4.44 5.59 3.54 3.47 4.08 5.45 3.35 6.51 5.82 2.43 3.51 5.22 5.49 6.24 4.38 5.70 2.37 0.81 3.27 3.81 3.11 1.55 2.70 7.19 2.56 4.66 2.62 2.81 6.55 3.69 1.37 6.02 5.77 0.46 5.83 4.56 0.41 3.58 2.36 5.60 4.75 2.77 3.40 4.39 3.53 
2.78 7.29 7.32 9.28 7.58 11.83 4.36 0.27 1.79 7.37 5.05 8.60 8.92 2.77 7.63 2.58 5.59 5.92 4.67 10.10 4.08 7.87 5.32 8.71 7.59 11.12 7.12 6.81 1.42 10.00 7.86 3.43 9.42 6.19 9.22 9.95 6.81 9.35 4.18 1.01 7.06 5.90 3.24 10.58 8.24 
2.12 5.19 4.51 6.62 4.87 8.73 2.66 3.03 2.35 4.34 3.43 6.03 6.35 3.02 5.85 2.45 3.31 3.03 2.93 7.25 1.21 4.78 2.43 6.84 5.10 8.03 4.14 3.89 3.04 6.90 4.80 3.08 7.64 3.14 6.69 7.48 3.84 6.71 1.28 2.27 4.68 3.02 0.14 7.79 5.93 
5.29 2.71 3.68 8.85 3.66 9.17 5.92 4.45 2.90 4.46 6.67 4.34 4.62 2.19 8.90 2.13 6.29 5.34 6.16 9.06 2.56 5.87 2.72 4.03 7.69 8.73 4.06 3.62 3.52 7.47 6.14 1.49 10.62 4.93 4.86 9.91 5.79 8.96 4.13 4.51 2.74 2.92 3.28 9.69 8.64 
9.09 6.56 4.50 5.00 4.70 1.06 8.00 10.82 9.78 3.72 8.03 4.91 4.91 9.82 7.90 9.39 6.84 5.47 7.88 3.89 6.91 3.14 5.81 7.41 5.83 1.07 4.09 4.52 10.57 0.99 3.34 9.33 8.47 4.88 5.05 6.01 4.62 5.09 6.87 10.05 5.86 5.35 7.67 4.36 6.40 
8.68 7.84 5.57 3.34 5.91 1.80 7.35 10.83 10.02 4.47 7.20 6.42 6.50 10.27 6.50 9.79 6.04 5.01 7.16 2.08 7.17 3.12 6.29 8.94 4.57 0.97 4.89 5.33 10.79 1.71 3.02 9.90 6.79 4.68 6.69 4.21 4.10 3.42 6.69 9.93 7.05 5.98 7.69 2.45 4.93 
3.03 6.49 6.66 9.20 6.88 11.39 4.50 0.61 0.94 6.82 5.25 7.86 8.17 1.92 7.85 1.73 5.62 5.71 4.82 9.93 3.53 7.48 4.73 7.87 7.57 10.72 6.54 6.20 0.66 9.57 7.52 2.57 9.66 5.87 8.47 9.96 6.55 9.29 3.94 1.29 6.30 5.28 2.85 10.44 8.30 
5.76 3.56 1.31 5.27 1.83 4.98 5.15 6.98 5.84 0.28 5.53 2.94 3.21 5.85 6.66 5.43 4.50 2.89 5.18 5.10 3.02 1.77 1.85 5.04 4.78 4.47 0.37 0.73 6.63 3.22 2.18 5.39 7.99 2.06 3.55 6.46 2.60 5.40 3.45 6.33 2.70 1.40 3.93 5.75 5.72 
7.91 9.89 7.59 1.30 8.07 5.16 6.33 10.61 10.26 6.32 5.83 8.92 9.09 10.85 4.05 10.29 4.99 4.93 6.04 1.44 7.78 4.58 7.38 11.30 2.99 4.36 6.69 7.05 10.92 4.70 4.16 10.69 3.66 5.17 9.35 1.03 4.31 1.21 6.64 9.55 9.04 7.34 7.82 0.94 2.61 
8.15 1.13 2.33 8.86 1.81 6.99 8.12 8.14 6.63 3.58 8.68 1.07 1.14 6.01 10.21 5.90 7.84 6.33 8.24 8.49 4.86 5.29 3.86 1.49 8.40 6.90 3.27 3.05 7.31 5.76 5.74 5.31 11.62 5.55 1.20 10.05 6.21 8.98 6.16 7.95 1.37 3.40 5.96 9.14 9.35 
3.51 3.85 3.58 7.24 3.84 8.47 3.99 3.58 2.32 3.79 4.73 4.90 5.22 2.44 6.99 1.95 4.38 3.62 4.22 7.65 0.74 4.72 1.68 5.47 5.92 7.88 3.48 3.12 3.11 6.67 4.88 2.17 8.73 3.39 5.54 8.23 4.23 7.34 2.21 3.20 3.43 2.21 1.36 8.24 6.83 
9.48 8.45 6.22 3.89 6.53 1.58 8.13 11.64 10.82 5.18 7.95 6.94 6.98 11.06 7.12 10.57 6.81 5.82 7.94 2.56 7.97 3.91 7.06 9.46 5.26 1.11 5.59 6.03 11.59 2.26 3.83 10.67 7.24 5.49 7.15 4.60 4.91 3.94 7.50 10.74 7.68 6.72 8.49 2.76 5.53 
5.93 10.19 8.13 2.50 8.66 7.62 4.37 8.82 8.89 6.93 3.66 9.75 9.99 9.71 1.20 9.13 3.38 4.31 4.05 3.81 7.02 5.41 7.13 11.80 2.06 6.73 7.19 7.42 9.41 6.59 4.94 9.75 1.16 4.97 10.32 1.99 4.25 2.43 5.52 7.72 9.36 7.32 6.63 3.73 1.13 
3.41 5.26 3.58 4.42 4.09 6.54 2.61 5.34 4.66 2.78 3.00 5.31 5.61 5.15 4.57 4.60 2.09 0.81 2.63 4.92 2.08 2.56 2.08 6.94 3.16 5.78 2.80 2.81 5.39 4.74 2.49 4.99 6.18 0.83 5.96 5.41 1.49 4.53 1.20 4.44 4.49 2.38 2.23 5.49 4.11 
7.39 8.43 6.11 1.24 6.58 3.91 5.90 9.89 9.34 4.85 5.58 7.39 7.54 9.81 4.47 9.27 4.53 3.99 5.66 0.24 6.68 3.12 6.12 9.79 2.73 3.04 5.24 5.62 10.05 3.18 2.74 9.58 4.67 4.02 7.81 2.15 3.20 1.30 5.76 8.88 7.58 6.00 6.90 0.86 2.88 
3.57 8.24 6.44 3.31 6.97 7.64 1.97 6.42 6.44 5.42 1.38 8.16 8.44 7.26 1.63 6.69 0.98 2.37 1.66 4.48 4.71 4.32 5.05 9.92 1.57 6.74 5.57 5.68 6.96 6.14 3.94 7.34 3.39 3.19 8.78 3.69 2.78 3.34 3.15 5.32 7.47 5.36 4.21 4.76 1.94 
7.36 2.29 0.91 7.05 0.60 5.32 6.99 7.99 6.62 1.86 7.44 0.96 1.21 6.29 8.66 6.02 6.46 4.87 7.06 6.64 4.20 3.49 2.98 3.34 6.75 5.14 1.67 1.65 7.38 3.95 3.96 5.67 9.96 4.05 1.55 8.25 4.59 7.18 5.14 7.56 1.64 2.39 5.28 7.29 7.67 
3.13 8.22 6.52 3.79 7.05 8.03 1.55 6.01 6.10 5.56 0.90 8.25 8.54 6.96 1.86 6.40 0.90 2.48 1.23 4.95 4.55 4.59 5.00 9.92 2.04 7.14 5.68 5.75 6.59 6.49 4.23 7.08 3.67 3.31 8.89 4.16 3.02 3.82 2.96 4.91 7.47 5.36 3.95 5.23 2.40 
1.84 6.82 6.57 8.25 6.88 10.86 3.37 1.09 1.75 6.51 4.09 7.97 8.29 2.85 6.69 2.46 4.57 4.90 3.69 9.07 3.27 6.89 4.52 8.35 6.56 10.14 6.28 6.01 1.85 9.05 6.87 3.37 8.49 5.20 8.61 8.93 5.79 8.32 3.17 0.14 6.49 5.11 2.31 9.55 7.23 
3.78 5.35 3.52 4.07 4.04 6.14 2.85 5.77 5.08 2.60 3.15 5.24 5.53 5.54 4.47 4.99 2.12 0.58 2.83 4.52 2.43 2.18 2.25 7.01 2.90 5.37 2.68 2.75 5.81 4.35 2.08 5.35 6.01 0.44 5.88 5.09 1.08 4.17 1.62 4.86 4.55 2.46 2.65 5.09 3.87 
9.85 7.33 5.31 5.31 5.49 0.35 8.70 11.64 10.61 4.56 8.70 5.61 5.59 10.66 8.36 10.23 7.51 6.20 8.57 4.09 7.74 3.91 6.65 8.08 6.34 1.07 4.93 5.36 11.40 1.73 4.06 10.17 8.78 5.64 5.69 6.23 5.32 5.40 7.66 10.85 6.65 6.19 8.48 4.47 6.82 
7.08 7.68 5.36 1.69 5.82 3.53 5.66 9.45 8.82 4.10 5.44 6.63 6.79 9.23 4.70 8.70 4.32 3.53 5.45 0.95 6.09 2.38 5.45 9.03 2.75 2.63 4.49 4.89 9.55 2.54 2.03 8.96 5.15 3.44 7.05 2.78 2.68 1.79 5.29 8.48 6.84 5.30 6.39 1.60 3.14 
7.24 4.19 1.99 5.31 2.27 3.58 6.46 8.56 7.40 1.31 6.72 2.83 2.97 7.35 7.39 6.96 5.59 3.99 6.43 4.74 4.60 1.91 3.41 5.31 5.33 3.24 1.62 2.02 8.19 2.00 2.37 6.84 8.46 3.20 3.23 6.50 3.39 5.43 4.93 7.90 3.43 2.90 5.50 5.37 6.18 
2.89 6.68 6.80 9.16 7.03 11.45 4.39 0.39 1.16 6.92 5.13 8.03 8.34 2.15 7.72 1.95 5.54 5.70 4.71 9.92 3.62 7.53 4.84 8.09 7.51 10.77 6.65 6.32 0.88 9.63 7.55 2.80 9.53 5.89 8.64 9.89 6.56 9.24 3.93 1.11 6.48 5.40 2.89 10.42 8.22 
4.40 6.37 4.32 2.83 4.86 5.61 3.10 6.75 6.21 3.18 3.09 5.99 6.25 6.74 3.62 6.19 1.90 0.84 2.95 3.38 3.67 1.99 3.43 7.98 1.77 4.76 3.40 3.60 6.91 3.96 1.65 6.58 4.98 1.18 6.58 3.86 0.46 2.94 2.62 5.76 5.54 3.54 3.76 3.92 2.74 
1.95 5.36 4.62 6.51 5.00 8.73 2.48 3.04 2.45 4.41 3.25 6.16 6.49 3.17 5.68 2.60 3.16 2.95 2.75 7.17 1.36 4.77 2.54 7.02 4.97 8.02 4.22 3.98 3.12 6.91 4.77 3.26 7.47 3.11 6.82 7.36 3.78 6.60 1.18 2.23 4.84 3.13 0.25 7.70 5.79 
2.39 7.63 6.08 4.33 6.59 8.17 0.79 5.24 5.29 5.23 0.53 7.81 8.11 6.16 2.66 5.59 0.69 2.19 0.49 5.39 3.83 4.49 4.41 9.33 2.57 7.30 5.29 5.31 5.79 6.53 4.20 6.28 4.48 3.00 8.46 4.84 2.93 4.38 2.24 4.13 6.91 4.82 3.17 5.74 3.11 
7.95 3.39 1.74 6.62 1.68 4.25 7.38 8.89 7.58 1.99 7.73 1.70 1.75 7.33 8.61 7.02 6.66 5.04 7.40 6.02 4.98 3.18 3.73 4.22 6.59 4.15 2.04 2.25 8.35 3.04 3.65 6.73 9.75 4.21 1.96 7.81 4.56 6.74 5.66 8.36 2.78 3.14 6.01 6.64 7.47 
4.20 4.04 4.58 8.75 4.69 9.82 5.10 3.06 1.52 5.07 5.88 5.54 5.84 1.03 8.30 0.77 5.73 5.12 5.38 9.16 2.26 6.19 3.03 5.41 7.39 9.28 4.71 4.31 2.18 8.04 6.37 0.66 10.08 4.91 6.11 9.72 5.75 8.85 3.58 3.18 3.94 3.44 2.49 9.76 8.28 
4.86 5.98 3.83 2.95 4.36 5.06 3.65 7.04 6.37 2.64 3.70 5.46 5.70 6.81 4.21 6.27 2.51 1.18 3.53 3.24 3.67 1.35 3.22 7.54 2.25 4.24 2.90 3.15 7.10 3.36 1.02 6.58 5.46 1.02 6.03 4.07 0.27 3.07 2.88 6.10 5.13 3.22 3.95 3.83 3.19 
7.46 0.78 3.07 9.48 2.70 8.39 7.76 6.91 5.37 4.30 8.42 2.63 2.79 4.60 10.30 4.60 7.77 6.44 7.94 9.34 4.28 6.02 3.66 1.57 8.72 8.19 3.90 3.53 5.97 6.97 6.42 3.87 11.87 5.78 2.91 10.64 6.57 9.60 5.80 6.92 1.57 3.42 5.29 9.99 9.69 
6.45 1.04 1.49 7.83 1.27 7.01 6.48 6.53 5.07 2.67 7.08 1.91 2.21 4.59 8.78 4.39 6.31 4.90 6.62 7.70 3.16 4.37 2.22 2.71 7.12 6.71 2.26 1.88 5.79 5.47 4.77 3.93 10.30 4.18 2.50 9.00 4.95 7.95 4.51 6.28 0.34 1.86 4.26 8.35 8.09 
6.46 1.99 3.68 9.53 3.49 9.23 7.01 5.55 4.00 4.71 7.74 3.84 4.07 3.15 9.87 3.22 7.27 6.17 7.24 9.60 3.56 6.30 3.38 2.98 8.52 8.89 4.30 3.86 4.55 7.64 6.64 2.42 11.55 5.64 4.25 10.64 6.49 9.65 5.15 5.67 2.37 3.39 4.40 10.24 9.48 
3.27 8.63 6.94 3.91 7.46 8.33 1.76 6.17 6.35 5.97 1.00 8.66 8.95 7.25 1.60 6.69 1.31 2.89 1.44 5.13 4.92 4.97 5.41 10.32 2.22 7.43 6.09 6.17 6.81 6.83 4.60 7.39 3.41 3.72 9.30 4.17 3.41 3.93 3.33 5.07 7.88 5.77 4.28 5.37 2.42 
6.14 1.90 0.66 6.92 0.77 6.20 5.96 6.64 5.27 1.74 6.49 1.91 2.23 4.98 8.03 4.68 5.63 4.14 6.07 6.77 2.91 3.45 1.75 3.47 6.28 5.85 1.33 0.96 6.03 4.60 3.85 4.38 9.49 3.38 2.58 8.10 4.10 7.05 4.03 6.24 1.04 1.22 4.01 7.42 7.25 
4.84 5.66 3.52 3.25 4.05 5.05 3.71 6.91 6.19 2.34 3.83 5.16 5.41 6.58 4.48 6.05 2.66 1.18 3.62 3.48 3.44 1.20 2.93 7.23 2.55 4.26 2.59 2.83 6.93 3.31 0.97 6.33 5.77 0.79 5.74 4.38 0.41 3.37 2.76 6.00 4.82 2.91 3.79 4.08 3.50 
7.70 9.76 7.47 1.10 7.95 5.21 6.11 10.40 10.06 6.19 5.62 8.83 8.99 10.66 3.86 10.10 4.78 4.74 5.83 1.41 7.59 4.46 7.22 11.19 2.78 4.39 6.56 6.92 10.72 4.67 4.03 10.50 3.53 4.99 9.27 0.88 4.13 1.01 6.44 9.34 8.91 7.18 7.62 1.00 2.40 
3.50 5.02 3.37 4.59 3.87 6.52 2.78 5.30 4.56 2.62 3.21 5.09 5.40 5.01 4.81 4.46 2.32 1.02 2.82 5.05 1.90 2.54 1.84 6.71 3.37 5.78 2.61 2.60 5.30 4.71 2.51 4.82 6.41 0.85 5.75 5.61 1.61 4.70 1.22 4.43 4.26 2.15 2.16 5.62 4.33 
5.01 5.77 3.59 3.10 4.12 4.89 3.85 7.11 6.39 2.38 3.94 5.20 5.44 6.78 4.48 6.25 2.76 1.34 3.75 3.29 3.64 1.09 3.09 7.32 2.50 4.08 2.65 2.92 7.13 3.16 0.81 6.52 5.72 0.99 5.77 4.25 0.49 3.23 2.96 6.19 4.92 3.06 3.99 3.90 3.44 
4.15 7.13 5.14 2.59 5.68 6.21 2.67 6.74 6.39 4.02 2.48 6.82 7.09 7.04 2.78 6.47 1.32 1.26 2.46 3.46 4.09 2.81 4.07 8.76 1.10 5.32 4.23 4.40 7.04 4.65 2.42 6.96 4.20 1.91 7.42 3.43 1.31 2.68 2.78 5.69 6.31 4.26 3.96 3.89 2.05 
7.19 1.54 3.64 9.83 3.34 9.09 7.66 6.35 4.81 4.79 8.36 3.43 3.61 3.95 10.39 4.02 7.81 6.61 7.87 9.79 4.17 6.47 3.79 2.20 8.94 8.84 4.38 3.97 5.35 7.60 6.84 3.22 12.03 6.01 3.74 10.97 6.84 9.95 5.75 6.47 2.18 3.67 5.08 10.44 9.91 
5.48 9.69 7.65 2.34 8.18 7.41 3.90 8.36 8.39 6.47 3.21 9.29 9.54 9.19 0.97 8.62 2.86 3.79 3.58 3.68 6.49 4.99 6.61 11.31 1.59 6.51 6.72 6.93 8.92 6.28 4.53 9.23 1.65 4.47 9.86 2.10 3.77 2.30 5.00 7.25 8.86 6.82 6.11 3.69 0.75 
1.77 5.79 5.34 7.31 5.67 9.63 2.85 2.14 1.76 5.24 3.63 6.79 7.11 2.68 6.18 2.14 3.80 3.81 3.16 8.03 2.02 5.68 3.28 7.38 5.71 8.92 5.02 4.75 2.32 7.81 5.68 2.95 8.00 4.01 7.44 8.10 4.66 7.40 2.04 1.37 5.37 3.87 1.05 8.54 6.48 
6.76 8.80 6.53 0.14 7.03 5.00 5.20 9.41 9.03 5.25 4.78 7.96 8.14 9.61 3.40 9.05 3.84 3.69 4.93 1.20 6.54 3.53 6.18 10.26 1.88 4.11 5.61 5.94 9.70 4.11 3.08 9.45 3.60 3.95 8.43 1.26 3.08 0.22 5.41 8.36 7.94 6.16 6.58 1.33 1.82 
7.83 9.29 6.97 1.21 7.44 4.45 6.28 10.43 9.99 5.71 5.86 8.25 8.40 10.51 4.37 9.96 4.91 4.62 6.01 0.71 7.40 3.97 6.91 10.66 2.97 3.63 6.09 6.47 10.67 3.96 3.58 10.31 4.24 4.75 8.67 1.59 3.90 1.19 6.37 9.39 8.44 6.81 7.53 0.28 2.82 
4.95 10.06 8.18 3.48 8.71 8.48 3.49 7.86 8.09 7.07 2.72 9.87 10.14 8.98 0.28 8.42 2.82 4.15 3.18 4.82 6.55 5.75 6.89 11.73 2.37 7.58 7.27 7.43 8.54 7.25 5.31 9.11 1.70 4.92 10.47 3.22 4.36 3.44 4.98 6.75 9.27 7.17 5.99 4.84 1.82 
8.45 1.61 3.92 10.43 3.48 8.99 8.79 7.71 6.17 5.18 9.45 3.08 3.14 5.30 11.33 5.38 8.80 7.47 8.97 10.22 5.30 6.92 4.69 0.97 9.72 8.87 4.81 4.46 6.71 7.69 7.34 4.58 12.89 6.78 3.14 11.60 7.56 10.55 6.84 7.81 2.46 4.43 6.29 10.87 10.69 
