1 1139 -34.612665697880324 -58.397393789026346
2 1418 -34.6923156204683 -58.4363919765937
3 1497 -34.6450423308602 -58.39174259807529
4 1422 -34.60711563565728 -58.44914072586335
5 1365 -34.642921778093736 -58.36673404803674
6 1266 -34.682050316181694 -58.39469955392641
7 1378 -34.669287054156584 -58.37417759296687
8 1457 -34.633975167306296 -58.40552252697689
9 1479 -34.65053277751162 -58.39197313723413
10 1066 -34.635649307583556 -58.36511900293516
11 1479 -34.654814509970805 -58.393587632363406
12 1401 -34.69847967538171 -58.44031369263483
13 1481 -34.66607663116811 -58.37245059364928
14 1133 -34.646304539539535 -58.40346276599582
15 1463 -34.685916548269454 -58.36449831730542
16 1281 -34.64013228762858 -58.39582996008918
17 1363 -34.626460829004536 -58.391862369672594
18 1420 -34.62416825164204 -58.448282732250654
19 1347 -34.68305900947108 -58.37058649813302
20 1152 -34.685951993048036 -58.37835907616353
21 1069 -34.6504951766974 -58.363959514810674
22 1288 -34.684604427587786 -58.413905977812334
23 1059 -34.629479088758316 -58.440578732480276
24 1168 -34.62196990870297 -58.41599403081072
25 1037 -34.628741541541174 -58.388241316088624
26 1366 -34.64803677205754 -58.4455744514122
27 1095 -34.604671430243194 -58.394919207694144
28 1084 -34.660100195380096 -58.396407393872146
29 1336 -34.65602781872752 -58.373874504985615
30 1174 -34.617943772567045 -58.44009040627794
31 1001 -34.62615955572663 -58.37270242996718
32 1363 -34.677753043061585 -58.40608374148681
33 1095 -34.69549692634791 -58.3914236633314
34 1056 -34.68867061053672 -58.380415151286456
35 1384 -34.69377168403638 -58.393559891003186
36 1392 -34.60281930808826 -58.38982208736283
37 1242 -34.6803512990552 -58.38494408771729
38 1246 -34.6085055619473 -58.37499199498676
39 1006 -34.605062683163055 -58.37651978513974
40 1017 -34.67227176004189 -58.39886976329088
41 1155 -34.65561009143895 -58.41158072147882
42 1152 -34.603873633022715 -58.4179813194372
43 1178 -34.60236074446005 -58.400546082708885
44 1232 -34.60856132524553 -58.365833813644215
45 1334 -34.69099944536955 -58.40256241293789
46 1304 -34.635415908679356 -58.37751117543025
47 1389 -34.663532965214536 -58.35626720092365
48 1226 -34.6502356758515 -58.43451450177683
49 1234 -34.6747712757302 -58.42459849088998
50 1357 -34.601046620461105 -58.41166081821094
51 1174 -34.62212164340526 -58.44284891616545
52 1245 -34.63254625878975 -58.426316593756034
53 1198 -34.62176297787387 -58.39609693051288
54 1400 -34.63618863185359 -58.38990565599086
55 1036 -34.60457819024141 -58.372124574156345
56 1210 -34.65319971763596 -58.437205358386464
57 1101 -34.67701610670229 -58.44087190440132
58 1218 -34.692642416247764 -58.405385653345064
59 1498 -34.65078355586619 -58.43681645115153
60 1396 -34.62469362363109 -58.44674948665082
61 1424 -34.6250705784773 -58.36807212733618
62 1365 -34.659644178780795 -58.354291350569184
63 1027 -34.62306761081639 -58.42365381490671
64 1297 -34.66346108567642 -58.44032379823968
65 1055 -34.69925565621357 -58.350122053171
66 1313 -34.63980960902825 -58.43248083407111
67 1255 -34.62989878000287 -58.40330470010981
68 1424 -34.6990813063919 -58.386571512326306
69 1007 -34.69805621343216 -58.35401466983381
70 1401 -34.6925773098456 -58.36211979245105
71 1500 -34.686422470126736 -58.40617840682703
72 1283 -34.62413044472554 -58.439826769891134
73 1189 -34.671148061245354 -58.443517957801745
74 1366 -34.657287649652396 -58.37856237558171
75 1267 -34.69311305074885 -58.36566207648978
76 1081 -34.68650462237292 -58.37270271435276
77 1496 -34.67274905253387 -58.36991886886127
78 1195 -34.62019313267539 -58.353683303427516
79 1472 -34.650586726512586 -58.39060679267755
80 1378 -34.63505802748295 -58.43017754044571
