1 1013 -34.689981545541954 -58.435439645803676
2 1203 -34.69143593246723 -58.39539732953133
3 1364 -34.694220477134614 -58.40416444466201
4 1452 -34.609499272178304 -58.42806958142473
5 1175 -34.60506604831055 -58.35894009736111
6 1325 -34.672684788825535 -58.35221261086857
7 1493 -34.63248191641531 -58.37573492897984
8 1179 -34.60168916772606 -58.4136619774106
9 1492 -34.683423060448895 -58.42357751199827
10 1143 -34.625155428463096 -58.385743048704974
11 1183 -34.60711354897353 -58.440282580760964
12 1368 -34.64215641490876 -58.44538417665433
13 1005 -34.64125162197444 -58.414201268125076
14 1320 -34.60263020307369 -58.41460014324009
15 1037 -34.61200643312524 -58.447629484501455
16 1051 -34.64509637289516 -58.42638010524791
17 1446 -34.699238069172374 -58.35093786865549
18 1224 -34.652642843357874 -58.44296364171362
19 1150 -34.61782196697152 -58.42384871046131
20 1039 -34.60818749538389 -58.42384710858195
21 1393 -34.64072485181462 -58.40152469815438
22 1043 -34.69399050655671 -58.36352790232425
23 1490 -34.64107517157858 -58.410842115879994
24 1467 -34.69935014227291 -58.37007886461622
25 1309 -34.67697949580081 -58.363609342049784
26 1326 -34.621946173385496 -58.4454210013284
27 1406 -34.658206239600005 -58.392548704434745
28 1300 -34.62676003121644 -58.43885329321108
29 1268 -34.645188118986596 -58.36523674878175
30 1260 -34.6834882231817 -58.36998348749754
31 1006 -34.611102230970516 -58.38779013010481
32 1235 -34.68843727989707 -58.447355200998246
33 1228 -34.600906140612594 -58.436253221918044
34 1166 -34.630067096835866 -58.38475186762707
35 1412 -34.66818239268796 -58.35455773373127
36 1500 -34.606955313836025 -58.40812542712931
37 1356 -34.67040919132404 -58.37946201023145
38 1069 -34.6744058257208 -58.41215112659575
39 1116 -34.670704801174324 -58.39655188091852
40 1414 -34.69682422724646 -58.38267613869307
41 1088 -34.61184565739524 -58.433232532705894
42 1418 -34.672498276005165 -58.363481015854134
43 1035 -34.61310814197601 -58.43395388634912
44 1500 -34.665332499127345 -58.37647931263001
45 1318 -34.62589681452627 -58.35548103152293
46 1185 -34.677114831056976 -58.36488200799224
47 1006 -34.60986723338698 -58.38074410763006
48 1008 -34.681080159077844 -58.3989044279205
49 1477 -34.62713047735345 -58.35571110832308
50 1460 -34.60128825272071 -58.367689201510366
51 1161 -34.63825555462858 -58.40868772877604
52 1061 -34.604847347256296 -58.43518979407659
53 1051 -34.691388435016265 -58.404432498986594
54 1387 -34.67381852008577 -58.44561911319549
55 1043 -34.62939880516433 -58.36745704432117
56 1494 -34.606305459249874 -58.3898883991924
57 1035 -34.63220789711482 -58.38511694492368
58 1004 -34.69168881055562 -58.41254429163476
59 1364 -34.69128539036589 -58.41444244875234
60 1099 -34.62412892487749 -58.44914555900357
61 1213 -34.64020132141727 -58.36301359763545
62 1377 -34.62853808557238 -58.445408090792625
63 1107 -34.608080404070606 -58.44419648551131
64 1295 -34.60231090175642 -58.43639824421356
65 1183 -34.67165828493728 -58.43881007902393
66 1300 -34.68292734739559 -58.36692942766934
67 1238 -34.61003243358424 -58.42990583881679
68 1393 -34.68479301892279 -58.36549900313378
69 1185 -34.622524724069656 -58.42082770551738
70 1261 -34.69528306092567 -58.39784718232432
