1 1270 -34.69680118332771 -58.38613260892314
2 1008 -34.694330368585085 -58.37893212383475
3 1067 -34.6608991221751 -58.432080511504424
4 1252 -34.645288025520685 -58.363164808877855
5 1428 -34.61837271047042 -58.37997046699138
6 1046 -34.64123762534086 -58.37262142861461
7 1343 -34.690539972102854 -58.434783115788576
8 1299 -34.60076943633009 -58.4314820632127
9 1181 -34.675177257772425 -58.38847256117816
10 1167 -34.65295847891778 -58.37964793857351
11 1215 -34.62437905053273 -58.39588676157274
12 1403 -34.65478800356188 -58.3542542731926
13 1474 -34.65477284257631 -58.419617289619566
14 1413 -34.614142889158394 -58.381756672726276
15 1284 -34.61434681841282 -58.41422081772746
16 1250 -34.62611150150632 -58.40493411277805
17 1047 -34.64782058401852 -58.42364554593426
18 1498 -34.616811166701986 -58.44210955820368
19 1148 -34.657604913999215 -58.39535708126849
20 1097 -34.62497829498426 -58.43114288139197
21 1293 -34.68666941408232 -58.404765600816845
22 1085 -34.687080289807035 -58.39534223835998
23 1470 -34.69070682521073 -58.441683559013356
24 1281 -34.669544283938784 -58.399386231697704
25 1352 -34.6142564467104 -58.38691459720315
26 1302 -34.61851854430202 -58.3774004017744
27 1386 -34.61905030953827 -58.365919309593096
28 1380 -34.61896629522853 -58.39270280470336
29 1238 -34.63161364513913 -58.38572635276045
30 1313 -34.639612367362325 -58.407242172370786
31 1172 -34.69921864793258 -58.439103417769125
32 1156 -34.63642600103365 -58.42970905565621
33 1003 -34.652699357301145 -58.375526462889916
34 1008 -34.65368797938215 -58.443539513566144
35 1371 -34.60409155213654 -58.35862502159821
36 1257 -34.69823143009324 -58.44588928994264
37 1137 -34.64236879891356 -58.37347965549868
38 1330 -34.66542913678642 -58.414105258373155
39 1000 -34.60613464882137 -58.395179775187806
40 1179 -34.67032464506213 -58.40830489220328
41 1459 -34.6858752063228 -58.36435140873773
42 1416 -34.67571880134397 -58.37975201969521
43 1338 -34.67162572710749 -58.44848551487695
44 1362 -34.66676276887161 -58.37789008407038
45 1404 -34.69284438115564 -58.37783782703368
46 1283 -34.61079758973928 -58.42462981694586
47 1205 -34.63181626718847 -58.36201775827123
48 1195 -34.63333059917398 -58.44589361360332
49 1208 -34.636879297796796 -58.35708838508013
50 1360 -34.68774174181688 -58.35302635766842
51 1317 -34.60524574620833 -58.42926727273537
52 1226 -34.642817021824975 -58.397155035747
53 1062 -34.66227150119879 -58.35809929252146
54 1423 -34.63626678961798 -58.448097087420855
55 1245 -34.68745628752795 -58.40083443891355
56 1026 -34.67555300720312 -58.363897642686524
57 1247 -34.67781470749405 -58.429952100001756
58 1107 -34.6397133887009 -58.40609737220153
59 1448 -34.68824872565388 -58.373078003426926
60 1494 -34.602405218895676 -58.386209769250016
61 1370 -34.69551769242531 -58.406883667772206
62 1007 -34.69084816292167 -58.36144866367993
63 1249 -34.684233977479145 -58.393975084271325
64 1218 -34.69623197658148 -58.35293334480967
65 1387 -34.618297439230744 -58.40916284154244
66 1420 -34.62107883702541 -58.433045641540694
67 1357 -34.688418381267866 -58.3780571384486
68 1302 -34.637595572563406 -58.37796916069085
69 1498 -34.68051233693117 -58.36616350568487
70 1178 -34.68327429093408 -58.415728471001245
71 1204 -34.60169205964552 -58.362420766861284
72 1285 -34.699328588627544 -58.398762455405894
73 1492 -34.69652419874325 -58.44978778784428
74 1406 -34.670171893163676 -58.407707883957286
75 1475 -34.67776771480537 -58.41653071711226
76 1267 -34.67271703648843 -58.44798569367345
77 1044 -34.66421835874478 -58.40902238528234
78 1452 -34.62795018812001 -58.37280773018266
79 1237 -34.674987846869016 -58.38211329301727
80 1424 -34.668846322270426 -58.3842986107171
81 1090 -34.65829761094163 -58.383901065544116
82 1365 -34.66852436533698 -58.417241943476135
83 1260 -34.62012994931176 -58.36486317197522
84 1235 -34.662610350649445 -58.43579218205147
85 1215 -34.65104303762079 -58.42060171380011
86 1456 -34.65427721047215 -58.382070294755806
87 1048 -34.63080389030278 -58.38413331484279
88 1491 -34.642653700611305 -58.441457789545076
89 1144 -34.6337614042528 -58.40189824247501
90 1453 -34.604207228733564 -58.44048616567742
91 1367 -34.699851138427285 -58.420671698489514
92 1490 -34.6736564757332 -58.420147454611175
93 1049 -34.63633407771901 -58.41916877188413
94 1242 -34.64215515102338 -58.40284942704927
95 1003 -34.64767563016081 -58.409936080224476
96 1116 -34.61939647276155 -58.44227625909389
97 1057 -34.67017441428249 -58.381369883334955
98 1486 -34.68029800856672 -58.35007077659719
99 1370 -34.62318513406 -58.35621608893409
100 1492 -34.604108458376516 -58.38720071821091
