1 1257 -34.67383844531608 -58.38373976923214
2 1428 -34.603007973724935 -58.43741597106478
3 1060 -34.6548943959997 -58.378114939885556
4 1214 -34.66147257108838 -58.41075798428804
5 1490 -34.615763368014036 -58.35913240311669
6 1496 -34.68294872914847 -58.36198207723663
7 1144 -34.6503831734816 -58.378213753725575
8 1256 -34.67199592410272 -58.38012970308072
9 1286 -34.61078469519794 -58.35779135122579
10 1154 -34.64797853005714 -58.3855560011671
11 1176 -34.62131432648525 -58.401841100013705
12 1402 -34.63579239484915 -58.41974315095974
13 1491 -34.648777323623264 -58.421944466649464
14 1187 -34.6819793071407 -58.35957198180224
15 1402 -34.6609945924211 -58.377453396908734
16 1357 -34.672791896741614 -58.43398938853157
17 1378 -34.652826026527016 -58.37559428156642
18 1091 -34.65385554754373 -58.35136863784722
19 1465 -34.62758212500401 -58.40094767056129
20 1451 -34.6117127743236 -58.448991890825745
21 1196 -34.679639150375685 -58.41516043769056
22 1031 -34.618153935599246 -58.44912743961227
23 1170 -34.691612950176086 -58.387085978075405
24 1390 -34.63285249639856 -58.43973716425701
25 1060 -34.62364543524382 -58.41538162385893
26 1236 -34.64203119969877 -58.43280073019607
27 1286 -34.624475894027604 -58.409276833850775
28 1343 -34.65859841026284 -58.37832154213048
29 1129 -34.63573759627589 -58.41823550188907
30 1409 -34.62809338635559 -58.383500653082415
31 1307 -34.67076009770688 -58.38483983410206
32 1421 -34.66220795839329 -58.4080344075805
33 1215 -34.665346036963925 -58.371215048531354
34 1320 -34.620268446231016 -58.36410562272859
35 1050 -34.69388088067488 -58.43094485865653
36 1177 -34.689816973591036 -58.42239806926122
37 1118 -34.66777781430672 -58.41025429112804
38 1059 -34.63512897617758 -58.38498609549844
39 1361 -34.634174353235736 -58.38605824876207
40 1236 -34.638510062510846 -58.36397523203238
41 1466 -34.61346615333985 -58.375013467865045
42 1488 -34.6961041887315 -58.36152375728473
43 1309 -34.6430288110685 -58.431611804641676
44 1018 -34.60262995263307 -58.37304169462715
45 1212 -34.64483133854411 -58.35449883369195
46 1475 -34.622675421236295 -58.41985441781016
47 1432 -34.62424465997616 -58.35735303167979
48 1366 -34.67183422836612 -58.41405778812816
49 1312 -34.634442403208745 -58.42860320271724
50 1464 -34.68192025131538 -58.37224484591454
51 1343 -34.60138499877514 -58.393999322977706
52 1195 -34.638622330048534 -58.43307586485307
53 1065 -34.67745734514862 -58.41363043186656
54 1288 -34.601039161548826 -58.3666095506154
55 1195 -34.68865090939213 -58.43895244699879
56 1193 -34.646439597303946 -58.445972951745304
