1 1429 -34.63758908079833 -58.3877248689494
2 1341 -34.62305503826112 -58.361435800796606
3 1265 -34.60623005254169 -58.36874307820534
4 1358 -34.67044485694187 -58.4431271872104
5 1033 -34.64071160721812 -58.410181610783525
6 1297 -34.619928028825285 -58.41946996097226
7 1299 -34.65456197585452 -58.43056744775839
8 1111 -34.68964909898339 -58.429566786870815
9 1451 -34.62179997428407 -58.39937795861306
10 1462 -34.66491906470779 -58.358161913803336
11 1102 -34.68638448155531 -58.36754271462809
12 1191 -34.62011146118966 -58.395803059335364
13 1286 -34.63229710435501 -58.37531566849126
14 1191 -34.69137486238215 -58.40278509030316
15 1465 -34.63044092760337 -58.374230346296194
16 1252 -34.63617721422441 -58.36303014301051
17 1236 -34.67574520178124 -58.35761581071182
18 1193 -34.66761978788868 -58.44437160284958
19 1336 -34.65085865605651 -58.369285999396986
20 1392 -34.61677669492304 -58.3614705481051
21 1487 -34.62571653361503 -58.444008513168
22 1116 -34.68438793425474 -58.35217287911083
23 1210 -34.67170233073401 -58.403850631657946
24 1328 -34.60409001005026 -58.387175499576614
25 1464 -34.69481832933075 -58.36968521129581
26 1000 -34.6797082545732 -58.38748057397942
27 1354 -34.60029942265877 -58.35479312412621
28 1462 -34.64374360220894 -58.377430624850064
29 1471 -34.63161149851365 -58.40106892271654
30 1116 -34.69286541234865 -58.41297516571695
31 1394 -34.60266108991755 -58.43942274423638
32 1272 -34.6591521185825 -58.397519020041905
33 1164 -34.600004354899625 -58.44621217451704
34 1260 -34.699439892186355 -58.36044137756722
35 1442 -34.68337472018235 -58.418675103144245
36 1166 -34.689128268383996 -58.38113126189489
37 1100 -34.636417980306156 -58.43441395641022
38 1184 -34.60210502077521 -58.439738803505264
39 1089 -34.69084160038149 -58.444676759384244
40 1006 -34.66749266890659 -58.39917593751378
41 1116 -34.67229478149125 -58.43666817491965
42 1124 -34.60069081527795 -58.3718040457619
43 1412 -34.62204444425212 -58.35534445721529
44 1022 -34.65460139749937 -58.397381657060556
45 1182 -34.61854952349732 -58.427607869241285
46 1271 -34.63956025696032 -58.44967819231676
47 1214 -34.6368054870787 -58.417897484525376
48 1147 -34.60330251745136 -58.3825748884976
49 1458 -34.69773242186635 -58.367630911341784
50 1450 -34.63181582858743 -58.41199526504273
51 1273 -34.60792765573896 -58.378388233287076
52 1264 -34.621986768774676 -58.42455463790615
53 1419 -34.690886724386914 -58.39265595890948
54 1214 -34.672179790586945 -58.445139582356234
55 1242 -34.694874054830045 -58.35816267709259
56 1333 -34.659948207999385 -58.41544471235281
57 1225 -34.62427771235778 -58.38837016468621
58 1002 -34.63508000711107 -58.43866099745125
59 1488 -34.6004565605915 -58.3526074738119
60 1413 -34.68839415877972 -58.3703823452772
61 1268 -34.68248500309961 -58.39824636450438
62 1304 -34.6038671271218 -58.39763515658855
63 1370 -34.60480110310119 -58.39018679091966
64 1157 -34.66258614110136 -58.43897007203852
65 1122 -34.61118458911555 -58.365678004196496
66 1350 -34.67771645724277 -58.413340764468714
67 1387 -34.69854898702395 -58.35722213170807
68 1500 -34.64067779591671 -58.357182937699356
69 1238 -34.606098486244605 -58.446629522272424
70 1194 -34.61921090758713 -58.42139904022568
71 1261 -34.68117212537447 -58.42765999530459
72 1032 -34.64599192841607 -58.352072754122005
73 1384 -34.6648979138997 -58.41475153235301
74 1489 -34.67629904074072 -58.439341965616265
75 1198 -34.6870950916245 -58.43339028318468
76 1381 -34.63954566758046 -58.42276401041652
77 1242 -34.63498497524161 -58.420986622116345
78 1493 -34.66817762332711 -58.44014474933358
79 1311 -34.64686830029854 -58.394487275588936
80 1189 -34.63829950172502 -58.381066849146094
81 1064 -34.64945459856202 -58.38943381338245
82 1219 -34.66601666347323 -58.35366851363717
83 1179 -34.64484822670271 -58.37959343523975
84 1469 -34.61746723584798 -58.36830304367061
85 1304 -34.648915554407566 -58.43290178864219
86 1048 -34.69288675129977 -58.4297282998885
87 1419 -34.60968643653571 -58.36682374827237
88 1099 -34.640543971088356 -58.382603919087295
89 1128 -34.66806086274357 -58.36651332926032
90 1468 -34.60014272575251 -58.43520186972989
91 1404 -34.69436931277728 -58.379884745922304
92 1353 -34.67418589724696 -58.39008196194077
93 1344 -34.663159860323724 -58.43388149024167
94 1289 -34.63209487190296 -58.44801284915005
95 1145 -34.61813491453198 -58.40977789838747
96 1270 -34.65003580671889 -58.4499669100658
97 1488 -34.615080168363264 -58.449662786534354
98 1233 -34.69861479738657 -58.39223474371275
99 1422 -34.64816769442651 -58.39594613816193
100 1308 -34.647748623161384 -58.426586068401186
101 1177 -34.624918540273015 -58.44171874719222
102 1087 -34.68503896616744 -58.422308542321844
103 1322 -34.60080184996604 -58.426100458251064
104 1241 -34.67888245884049 -58.38872729513349
105 1186 -34.63975687133125 -58.43375950270829
106 1037 -34.64298742588468 -58.42035490717922
107 1190 -34.60878456224281 -58.3716369173965
108 1099 -34.69031692662887 -58.38928605222329
109 1378 -34.65567144517446 -58.440865959228155
110 1398 -34.63142673132145 -58.44568005768823
111 1169 -34.638059764254585 -58.363389531437434
112 1459 -34.63291516907562 -58.361401884880706
113 1319 -34.60945313596582 -58.4339603068141
114 1420 -34.639599372525254 -58.41896596237427
115 1167 -34.63408702611511 -58.361778888506606
116 1455 -34.6798923223349 -58.42512749469414
117 1443 -34.68993475959347 -58.434020068734355
118 1108 -34.69739896922162 -58.40149358802326
119 1217 -34.68213342384979 -58.392358319837534
120 1119 -34.6854002793634 -58.37971585318251
121 1322 -34.62949812555119 -58.39551934809111
122 1411 -34.65658991213083 -58.440642536735076
123 1301 -34.62527045849668 -58.408337058604175
124 1448 -34.69946863069692 -58.37368314780163
125 1219 -34.68624163379455 -58.37495646265614
126 1154 -34.663419491154855 -58.42956970883401
127 1185 -34.62937039120402 -58.422196608445546
128 1367 -34.66315576565362 -58.43132988867823
129 1131 -34.67747955579684 -58.43915478993343
130 1442 -34.60460908299652 -58.41072680184541
131 1489 -34.63729300736959 -58.414867221439664
132 1126 -34.69470147526103 -58.445466060396136
133 1133 -34.662715465393596 -58.422379726239605
134 1298 -34.69059569704038 -58.39490265031847
135 1052 -34.65457641297088 -58.42835782216097
136 1455 -34.60070597521619 -58.43201539316176
137 1083 -34.607693887090406 -58.3726768690006
138 1274 -34.61399384201037 -58.39956431024946
139 1064 -34.610618669137544 -58.41312615856044
140 1412 -34.63043891805252 -58.44129779466513
141 1288 -34.60653308809732 -58.43727373619639
142 1006 -34.69863167135815 -58.43566614160267
143 1030 -34.623839341746255 -58.42649846729274
144 1198 -34.695015375569625 -58.426369538449535
145 1143 -34.64569805011342 -58.401897646860185
146 1452 -34.67493820106543 -58.44275866907176
147 1134 -34.629422635427375 -58.39982819779394
148 1338 -34.67650247133426 -58.43103804689676
149 1243 -34.63273570136991 -58.39800450909259
150 1334 -34.63146227851419 -58.436951970778466
151 1289 -34.62188767262267 -58.369951101760215
152 1431 -34.63343763126405 -58.42752331780017
153 1289 -34.622179095240114 -58.3677595685999
154 1168 -34.6572800148442 -58.40534480453618
155 1384 -34.609716498675674 -58.44744948890146
156 1102 -34.629135099815365 -58.423176744394596
157 1436 -34.60947597660549 -58.39626334157417
158 1414 -34.67594399308836 -58.35956016010819
159 1459 -34.68760285472974 -58.37564373863672
160 1141 -34.608021612218884 -58.43826521904361
161 1500 -34.646563060842176 -58.384110453490386
162 1438 -34.69950060251617 -58.40980948780615
163 1277 -34.622241102479094 -58.357520892149516
164 1420 -34.62290146533077 -58.40980661487843
165 1029 -34.693337407771885 -58.37019672853051
166 1112 -34.68776816418979 -58.43953341596263
167 1107 -34.648183085478045 -58.411870583086355
168 1355 -34.688925220003284 -58.398716974211546
169 1412 -34.66586970366431 -58.43638983138296
170 1069 -34.6377467103062 -58.36504796645383
171 1304 -34.662412512571095 -58.43956180197992
172 1346 -34.6182249294128 -58.44284897616279
173 1438 -34.65146500980155 -58.40948623247035
174 1275 -34.682253559558994 -58.35452046260368
175 1321 -34.68289320240782 -58.39478348369022
176 1424 -34.655022590458 -58.3702288903193
177 1319 -34.608977214323964 -58.44061331377948
178 1046 -34.66253660103598 -58.4111662085122
179 1478 -34.63031003788264 -58.424696738207274
180 1396 -34.65526848705287 -58.437835199653136
181 1398 -34.64697575562469 -58.35971956022008
182 1010 -34.60929425009187 -58.411374337725725
183 1500 -34.662276014754696 -58.404167989342774
184 1073 -34.610365413756845 -58.36934007835649
185 1296 -34.624144467158544 -58.37601762464199
186 1389 -34.60537508492949 -58.38438227664804
187 1252 -34.66405272933463 -58.443605525419024
188 1470 -34.632286120141195 -58.37826592708226
189 1306 -34.65988934322618 -58.40224578809229
190 1453 -34.69783091607854 -58.41099235739732
191 1461 -34.64667958766022 -58.41005277672901
192 1425 -34.66151054322243 -58.40133173399284
193 1185 -34.665483688270406 -58.419760025065365
194 1394 -34.60486267470798 -58.375573421873455
195 1035 -34.683451010017336 -58.437252660186644
196 1369 -34.624044746746094 -58.43098989945949
197 1244 -34.688360979244656 -58.41069982381551
198 1204 -34.69583944083347 -58.40304235594334
199 1002 -34.67910703668821 -58.44870920436053
200 1415 -34.60429671673721 -58.36074972707532
