1 1345 -34.61470021216408 -58.443058074196415
2 1407 -34.632431222821424 -58.37288093412904
3 1216 -34.62620101728165 -58.43680670793744
4 1021 -34.69794759944093 -58.42954943944537
5 1490 -34.69532692304859 -58.413168868809294
6 1105 -34.67713122707575 -58.405099859199616
7 1288 -34.69424316658421 -58.36160389077632
8 1436 -34.65858886671891 -58.418249142063246
9 1493 -34.68629757179156 -58.36166264653791
10 1338 -34.6950956212044 -58.35230516346605
11 1322 -34.683864760027 -58.44804981780586
12 1180 -34.66101652787286 -58.4228637165277
13 1282 -34.64526899577116 -58.44810285631929
14 1304 -34.63336564196092 -58.3945645628185
15 1409 -34.62214206579035 -58.42369670395653
16 1254 -34.642574088754934 -58.374126153880916
17 1015 -34.670720863489706 -58.43211465719658
18 1275 -34.68946402393456 -58.41215141539811
19 1424 -34.654340758403755 -58.35578634499243
20 1231 -34.642231577364356 -58.38109025627325
21 1111 -34.67200872925967 -58.3964023018635
22 1064 -34.60344953646818 -58.3533367196311
23 1127 -34.67186682008847 -58.39310816435442
24 1347 -34.6577561209141 -58.42401721452379
25 1234 -34.642548139593046 -58.40719920939509
26 1236 -34.64583360315236 -58.365161997829475
27 1127 -34.651455336912925 -58.41750810163291
28 1406 -34.69820600453747 -58.368295569248005
29 1063 -34.60240506050031 -58.43689529605505
30 1484 -34.6849001924852 -58.42113358646223
31 1293 -34.64564750443453 -58.37397691584245
32 1074 -34.616219538739315 -58.44290060530057
33 1259 -34.657668727505545 -58.4365784265046
34 1147 -34.61574820087518 -58.379309468306985
35 1324 -34.602316808055214 -58.36574182395936
36 1146 -34.62080779751861 -58.43255851814626
37 1355 -34.64226664732444 -58.441442340545386
38 1314 -34.60438254988185 -58.4404659844862
39 1358 -34.64854779892012 -58.4141409528351
40 1218 -34.60490818845234 -58.360094165576015
41 1442 -34.61760920461199 -58.35206387875319
42 1129 -34.670128087094604 -58.415186984360126
43 1134 -34.68748668716495 -58.390156188694675
44 1439 -34.63182219620208 -58.39632493139775
45 1471 -34.60511581407116 -58.42711228389537
46 1493 -34.672032065803904 -58.44846678491263
47 1317 -34.69056385158238 -58.42005972842824
48 1013 -34.61779730780579 -58.410778695182834
49 1368 -34.60793704588103 -58.37716395888859
50 1329 -34.64421795065915 -58.38982179484787
51 1389 -34.68437883718915 -58.3598719118469
52 1223 -34.658012133193424 -58.41043704411051
53 1065 -34.60340798024384 -58.40964332056372
54 1185 -34.64404391493981 -58.39349327297391
55 1396 -34.62189427777645 -58.44556778676634
56 1420 -34.630801616053546 -58.38978345390259
57 1090 -34.68970884510774 -58.38293231059443
58 1333 -34.67187393631342 -58.42947785415396
59 1447 -34.698423243137654 -58.42811209714108
60 1207 -34.648198153747515 -58.427836376023336
61 1033 -34.67082924013489 -58.42691311401672
62 1407 -34.670551445145 -58.377731717499806
63 1272 -34.61977782033945 -58.43940518375044
64 1400 -34.6867735697077 -58.439830213873115
65 1051 -34.674506326205716 -58.40605816437504
66 1435 -34.674172813303194 -58.398313693712325
67 1311 -34.660273347146344 -58.40931757124403
68 1158 -34.66597178072924 -58.38134560986439
69 1111 -34.65736032617485 -58.35834613795022
70 1137 -34.67539345079266 -58.39911103088448
71 1442 -34.6535117478158 -58.416882885579156
72 1493 -34.60903103762344 -58.36917660063015
73 1295 -34.645612384976324 -58.384575698377525
74 1106 -34.63093668961082 -58.4240636004452
75 1125 -34.69399888941864 -58.447136328217944
76 1449 -34.68257872674586 -58.44338421581855
77 1302 -34.60082643083778 -58.35273400954523
78 1147 -34.649102874019015 -58.35472335936943
79 1376 -34.69122354059862 -58.41557627785843
80 1180 -34.69822425496085 -58.4440680390315
81 1354 -34.60686052522374 -58.39234240605389
82 1168 -34.661998699136355 -58.36061863819207
83 1224 -34.69298745322144 -58.3790621113103
84 1243 -34.628871534551706 -58.445777617082285
85 1426 -34.664632907551855 -58.42736588257836
86 1476 -34.672708499947404 -58.433571563662184
87 1196 -34.683056196077004 -58.38861604797472
88 1282 -34.68850671818069 -58.357184636208366
89 1127 -34.61846419604664 -58.432772289904996
90 1385 -34.63653589940336 -58.397348369770924
