1 1495 -34.644804545572256 -58.384508406411705
2 1207 -34.68463642221785 -58.41620647023585
3 1122 -34.64287874317919 -58.4051001304343
4 1495 -34.68193217617408 -58.4213969003638
5 1086 -34.63209267805203 -58.35739334299411
6 1234 -34.69017322501083 -58.35192358810735
7 1046 -34.6364431486745 -58.41256375901146
8 1414 -34.66791892640788 -58.35567478278947
9 1410 -34.67182208406111 -58.382621967010245
10 1363 -34.60254018900615 -58.36413226926102
11 1368 -34.60922049085272 -58.351414430692834
12 1334 -34.687617601460694 -58.41833167118928
13 1468 -34.69776755102855 -58.36966751826164
14 1082 -34.64230767901783 -58.376318570363885
15 1088 -34.61716940670856 -58.36196228587932
16 1002 -34.65042750041018 -58.3742818198738
17 1335 -34.68209894458198 -58.35141930644052
18 1183 -34.64839633019519 -58.437103267786135
19 1399 -34.62941616429807 -58.39842375685799
20 1324 -34.6744087665312 -58.37119593866576
21 1259 -34.66312759660422 -58.37881012995924
22 1073 -34.68182480398876 -58.42168512816505
23 1390 -34.68301839507042 -58.38773272556505
24 1343 -34.67001066223808 -58.40100520282282
25 1136 -34.652666859806736 -58.431346033337164
26 1330 -34.69473326830921 -58.42217991461277
27 1003 -34.6823804881642 -58.401313433563075
28 1286 -34.645659395804834 -58.41532324810366
29 1151 -34.657843645680266 -58.35749654946997
30 1037 -34.621777555143524 -58.42070266967127
31 1481 -34.63574871879588 -58.39697144436425
32 1295 -34.63129406946607 -58.35375396065776
33 1054 -34.64071470136422 -58.42689448664847
34 1142 -34.630149702256574 -58.38543629817859
35 1219 -34.66210885065395 -58.41660935762694
36 1120 -34.69726422625838 -58.38270936825347
37 1259 -34.63339351360665 -58.43148326262152
38 1160 -34.693747106545274 -58.3534704444675
39 1344 -34.693094846711936 -58.38327355064276
40 1457 -34.66761390813861 -58.405618112004504
41 1313 -34.60384766584274 -58.43282447999306
42 1254 -34.65975932867138 -58.36151760489466
43 1273 -34.634727296633415 -58.42202811628944
44 1130 -34.692226576222104 -58.36812169686015
45 1354 -34.61643700212224 -58.35599323806328
46 1390 -34.61836661969875 -58.38649592311861
47 1427 -34.67126302640344 -58.39640131644605
48 1123 -34.663711369072104 -58.43226469089863
49 1227 -34.64841030088169 -58.449463882828105
50 1321 -34.67410979543542 -58.416343975330264
51 1062 -34.667071159692426 -58.3915676663882
52 1027 -34.66362277980035 -58.39421624712834
53 1352 -34.63625203377374 -58.38255392799993
54 1274 -34.681550397320116 -58.40967207195643
55 1104 -34.63722716974697 -58.44005586738308
56 1125 -34.612694532139905 -58.35078697660589
57 1464 -34.64310810918529 -58.431034759234066
58 1211 -34.618119643456446 -58.41942440390051
59 1335 -34.60859095511344 -58.401024593830954
60 1457 -34.64542688322603 -58.3573585388436
61 1313 -34.621945335183696 -58.408808401841654
62 1296 -34.64951354029138 -58.43578858363591
63 1489 -34.68021574132491 -58.41297483910385
64 1481 -34.64994956454251 -58.40110158289501
65 1425 -34.61363992556504 -58.36547180977117
66 1292 -34.618719511353824 -58.38549831301438
67 1488 -34.6779906283945 -58.423648078286234
68 1289 -34.627567344754574 -58.43077811889749
69 1404 -34.68545365113851 -58.36416326528525
70 1309 -34.62461347614808 -58.42491862071647
71 1055 -34.60798567093223 -58.3540886534904
72 1077 -34.64349131341337 -58.405052404574526
73 1038 -34.699254823594536 -58.431348859768406
74 1373 -34.67241186692217 -58.41113315233331
75 1060 -34.66267212969131 -58.41934128509415
76 1255 -34.629052538829214 -58.38413565950805
77 1310 -34.67053379813649 -58.42740248689554
78 1048 -34.67211866630175 -58.378916408978625
79 1157 -34.685100140521236 -58.38318753388378
80 1207 -34.603868004489996 -58.377205229151244
81 1181 -34.69673789938786 -58.41873819737873
82 1422 -34.64794257524844 -58.386019045651494
83 1470 -34.69430534949195 -58.354284417297755
84 1041 -34.67556868278916 -58.409812717288816
85 1189 -34.62960826780917 -58.35060660097484
86 1480 -34.62371764267108 -58.43496708685021
87 1286 -34.604129506955395 -58.404728047368614
88 1493 -34.602245799890476 -58.44294954523608
89 1247 -34.6739007987123 -58.38525816489464
90 1395 -34.68057305726083 -58.407897822375354
91 1400 -34.698178585295686 -58.42287287586083
92 1475 -34.65372047858493 -58.408509631872036
93 1051 -34.66601700815463 -58.434495682934326
94 1472 -34.60385257101172 -58.43575644430132
95 1110 -34.67429048061212 -58.40939597420294
96 1240 -34.66302878024494 -58.43256504450958
97 1349 -34.67506138605776 -58.4374659098702
98 1017 -34.62253595644993 -58.395552768832275
99 1357 -34.64284074010925 -58.37641194912873
100 1054 -34.61890085590646 -58.351941524317425
101 1174 -34.6856088547612 -58.354793762315424
102 1080 -34.671411797405 -58.44809056848906
103 1337 -34.697439673134944 -58.35751440407937
104 1046 -34.66827820711955 -58.385835752576774
105 1385 -34.639191814601965 -58.41244256970302
106 1035 -34.65160413246401 -58.365783979329755
107 1410 -34.619361669196984 -58.36591136536463
108 1417 -34.68827920233876 -58.41816984842625
109 1424 -34.61881835052249 -58.36043777924391
110 1356 -34.61263605594086 -58.39272076685203
111 1000 -34.679089090260824 -58.38573330006208
112 1420 -34.68673953661531 -58.3983814816861
113 1423 -34.65450833606314 -58.39110406966451
114 1421 -34.601488309080736 -58.37930298299572
115 1476 -34.629492790801706 -58.44274826435309
116 1373 -34.61117127246816 -58.35121183642033
117 1066 -34.669012587952686 -58.4175140350924
118 1046 -34.6255837294372 -58.3953198215095
119 1012 -34.68134166906448 -58.35898635820072
120 1195 -34.60970354211226 -58.43273898516188
121 1383 -34.61145583491019 -58.44724549777298
122 1125 -34.64729639047952 -58.3814347885601
123 1194 -34.61939753607579 -58.40568586904984
124 1298 -34.68435035116347 -58.44333575393915
125 1368 -34.63813669124712 -58.37149347453741
126 1313 -34.691282665009744 -58.41873613723267
127 1032 -34.67687511825295 -58.365985657920206
128 1126 -34.67113480224915 -58.38588675319359
129 1230 -34.64740598728423 -58.35576818947753
130 1076 -34.67124553610873 -58.354140342643184
131 1232 -34.68668653217215 -58.39465954214995
132 1281 -34.6088131091399 -58.42501863254948
133 1249 -34.63603659825092 -58.431846248599065
134 1481 -34.682106442097 -58.4434745395211
135 1179 -34.68202993368522 -58.39782127260611
136 1136 -34.663341488980635 -58.411138284832575
137 1355 -34.68742293641964 -58.44239194159487
138 1455 -34.61365648799449 -58.35131108644296
139 1469 -34.642914096575524 -58.418638090757
140 1477 -34.61124784730937 -58.43373695801328
141 1183 -34.66238980716938 -58.38198888635429
142 1185 -34.6609517953657 -58.35326109782798
143 1218 -34.69478781089543 -58.43259334185842
144 1464 -34.65541261605916 -58.38080856824857
145 1438 -34.66981034068787 -58.43004240433785
146 1233 -34.643758804482616 -58.38435765320357
147 1364 -34.6125048786203 -58.39854172659642
148 1455 -34.660086132976815 -58.373216790915464
149 1490 -34.695689280364874 -58.37755094369704
150 1363 -34.66488954984278 -58.36786718252429
151 1088 -34.67931513856666 -58.43996330410658
152 1314 -34.60165120642899 -58.36895154923877
153 1229 -34.689908288568134 -58.358770509927396
154 1392 -34.64296616567949 -58.38863119072147
155 1162 -34.60715302154601 -58.362084069623634
156 1387 -34.68440212547496 -58.380477578492446
157 1500 -34.67931202849421 -58.38054118222885
158 1140 -34.67450628804525 -58.38072756778975
159 1074 -34.61525163357765 -58.43525913152876
160 1291 -34.69050814640265 -58.43202512381113
161 1258 -34.68238127723514 -58.41529660050511
162 1025 -34.689635105846776 -58.350506417163984
163 1328 -34.69914685423304 -58.42499340043471
164 1450 -34.60172468160755 -58.44030667275385
165 1078 -34.689252314737274 -58.402996181193075
166 1316 -34.68261220394569 -58.41239335568472
167 1450 -34.61522902191777 -58.366076427809105
168 1121 -34.61431556501621 -58.35806830170263
169 1371 -34.69304041355365 -58.375361774078804
170 1278 -34.686008947633056 -58.40505228321287
171 1251 -34.652340393336026 -58.38669116872322
172 1021 -34.646458601081676 -58.36048461528777
173 1453 -34.62012981773874 -58.43872391638137
174 1455 -34.66518726836935 -58.3690264753529
175 1392 -34.677262633408155 -58.379249470514644
176 1481 -34.64397289811476 -58.44629879708963
177 1346 -34.64344088264659 -58.44703721392298
178 1002 -34.60065862305533 -58.37892967212533
179 1015 -34.65728171357696 -58.44671077988532
180 1361 -34.61425444249843 -58.35910957754619
181 1433 -34.66718943122043 -58.420704162093195
182 1174 -34.67041145579983 -58.44701814527562
183 1467 -34.61486299626483 -58.37474645623944
184 1412 -34.65815479368676 -58.44475417508776
185 1240 -34.622272081442 -58.35499465643083
186 1243 -34.676171261396746 -58.37559760507425
187 1489 -34.65428414828292 -58.37799244826119
188 1364 -34.60391964079567 -58.40372888345917
189 1064 -34.6625247731418 -58.35982842653811
190 1393 -34.677083106637305 -58.391144365562496
191 1005 -34.66584383488893 -58.37415667858103
192 1011 -34.60903855944085 -58.3580684893492
193 1349 -34.64457587107829 -58.44112680498735
194 1210 -34.670421032897124 -58.39051228874094
195 1094 -34.60421167100258 -58.40798248679713
196 1298 -34.68604249695072 -58.449564969641884
197 1235 -34.65449555552021 -58.40447934385153
198 1086 -34.67509477322256 -58.44146913029483
199 1177 -34.630783778078936 -58.43627005638289
200 1201 -34.694195131307595 -58.44790893265165
201 1395 -34.69381382447203 -58.43796497432107
202 1264 -34.64080177202232 -58.361493023940156
203 1143 -34.69662436502538 -58.44834005509889
204 1140 -34.65848858953767 -58.42044768364738
205 1069 -34.65618806749861 -58.40851718569309
206 1283 -34.62013159019462 -58.38671092794492
207 1171 -34.66669261315521 -58.43345414468802
208 1092 -34.63042433806608 -58.387699574267046
209 1271 -34.626684361557786 -58.35367433683919
210 1352 -34.63476630892711 -58.410203203215445
211 1049 -34.64428399380976 -58.415079256223116
212 1442 -34.6289394353948 -58.369919105454414
213 1236 -34.686729855984105 -58.39764970382223
214 1067 -34.60905073177759 -58.36914236614769
215 1217 -34.639656446392245 -58.386686261031365
216 1476 -34.65943418698501 -58.372584549965225
217 1068 -34.68843682028136 -58.422179297465085
218 1488 -34.67988547256885 -58.37669338147115
219 1488 -34.69531353341663 -58.40529931561484
220 1309 -34.67053297687394 -58.38209630365904
221 1486 -34.687991208840565 -58.39410384409449
222 1446 -34.637733755348684 -58.35429570783437
223 1274 -34.69673768196744 -58.44092057488965
224 1432 -34.65851738389583 -58.41216425012258
225 1037 -34.690955085914105 -58.434049596049434
226 1041 -34.663313802885554 -58.406035615506084
227 1373 -34.61607881325083 -58.39233583697663
228 1069 -34.632197221945745 -58.42410650651315
229 1470 -34.61554855216657 -58.431117127392966
230 1428 -34.62052145011257 -58.359472312149265
231 1280 -34.61659992391101 -58.43940213018926
232 1448 -34.63412894017653 -58.38278688493575
233 1085 -34.65383574107926 -58.408674758456
234 1028 -34.636722605276184 -58.43719376535643
235 1053 -34.65650887251266 -58.36975750407251
236 1311 -34.6015327557932 -58.431756098043195
237 1301 -34.685351475068124 -58.44285220978985
238 1463 -34.66208512891185 -58.401709545405524
239 1235 -34.629458937936754 -58.39655043119204
240 1413 -34.61418226192884 -58.37655512532918
241 1228 -34.627566039418895 -58.39158026104656
242 1315 -34.69439696793729 -58.376732141338074
243 1108 -34.630882211464915 -58.43147047897682
244 1186 -34.67854618960071 -58.350770355648244
245 1082 -34.601824977784865 -58.39537505416643
246 1093 -34.65045353331113 -58.37435090261875
247 1171 -34.68156392092325 -58.449334696048986
248 1064 -34.621816625363074 -58.37373515607145
249 1392 -34.64391572049175 -58.41259468679371
250 1308 -34.69379727798602 -58.400840222849716
251 1126 -34.678898758200454 -58.42816876521328
252 1319 -34.65437528826913 -58.44569625589999
253 1153 -34.67616289614329 -58.4271747841137
254 1473 -34.66776689694387 -58.413089956960604
255 1429 -34.614952042521885 -58.39949342207386
256 1399 -34.604796027030254 -58.41879526508691
257 1227 -34.67482453718813 -58.42395551694618
258 1379 -34.69780468171556 -58.37022029332992
259 1381 -34.62634074947732 -58.38624462440228
260 1306 -34.63448371842158 -58.350680436189926
261 1304 -34.631494001784446 -58.396166581933635
262 1105 -34.638826342228896 -58.40719015905635
263 1142 -34.66549311125026 -58.358230192122576
264 1384 -34.663054229307996 -58.386455684589215
265 1248 -34.662159810141006 -58.415609808482756
266 1243 -34.613286036177485 -58.42563705007395
267 1314 -34.67909452139636 -58.39177360761871
268 1121 -34.66225814490349 -58.423400528108765
269 1046 -34.665967857128024 -58.426874300136156
270 1101 -34.63900355626716 -58.40430673949608
271 1380 -34.69469211054789 -58.433428896465365
272 1357 -34.63415973089515 -58.38374200499633
273 1463 -34.66440050641628 -58.43865824039483
274 1494 -34.69991066067794 -58.44271372435685
275 1279 -34.62672763476539 -58.41996935251566
276 1197 -34.69233198663533 -58.44164170875394
277 1344 -34.67675372139213 -58.443023810171766
278 1241 -34.68510335100728 -58.379942095769074
279 1263 -34.61312840071268 -58.399963730696044
280 1113 -34.68367112290533 -58.41370964226744
281 1169 -34.65557738090182 -58.44735043745536
282 1253 -34.60229814190402 -58.4201948063628
283 1270 -34.67574912411076 -58.367254818061404
284 1492 -34.64285926124183 -58.39753590949468
285 1170 -34.678074371097146 -58.404087143671646
286 1004 -34.66193099347632 -58.407486450520075
287 1050 -34.67671993333865 -58.44784489126965
288 1002 -34.63142924870185 -58.39452425373829
289 1205 -34.620456048122826 -58.39766105358873
290 1275 -34.618094553148744 -58.41006723392172
291 1322 -34.62571058556177 -58.44609437003811
292 1154 -34.691101780935334 -58.43849910176828
293 1358 -34.65604057021161 -58.41986049185132
294 1033 -34.60437428131822 -58.44974505923307
295 1477 -34.60102843965215 -58.36330355066151
296 1434 -34.66052062910088 -58.44528982511684
297 1075 -34.675552435087894 -58.3546887172762
298 1056 -34.620241311904245 -58.400781139630176
299 1350 -34.61101198876642 -58.40518777225065
300 1027 -34.68056164633969 -58.41495687888815
