1 1461 -34.61708781774871 -58.420616942852774
2 1426 -34.623969020863335 -58.370186633290395
3 1372 -34.63370168021227 -58.449952349599734
4 1064 -34.66703967060556 -58.361043452120235
5 1172 -34.611424214172835 -58.38321693695771
6 1033 -34.69547112338286 -58.44051343473086
7 1402 -34.64493868565765 -58.41175566059184
8 1484 -34.6814199627462 -58.447294637162784
9 1193 -34.67077000088589 -58.38779861349448
10 1248 -34.6396510026101 -58.41963969627271
11 1011 -34.66518823896069 -58.43108772419311
12 1178 -34.65345027623021 -58.44119066302109
13 1216 -34.629674835372064 -58.39505705813259
14 1374 -34.69085897121898 -58.42252853057196
15 1402 -34.61478114757857 -58.36571717140337
16 1290 -34.6216431099134 -58.42177052739094
17 1349 -34.662590107812484 -58.35170831054611
18 1480 -34.607330707623 -58.38839482153188
19 1092 -34.64123609757487 -58.37820400925344
20 1307 -34.64348163488963 -58.376572271467346
21 1175 -34.699436458000626 -58.38126379253059
22 1309 -34.66660781526121 -58.43251013554463
23 1204 -34.65430032335084 -58.40992589397229
24 1303 -34.62856465333986 -58.42346077540915
25 1164 -34.66106110198958 -58.36353620729883
26 1018 -34.614835053506596 -58.432942978015596
27 1464 -34.65596558127721 -58.43929732294489
28 1029 -34.63547862486378 -58.401506231375606
29 1387 -34.62236540108424 -58.4285471500304
30 1272 -34.68935206051639 -58.420531591149334
31 1342 -34.642443320399394 -58.449870487403686
32 1079 -34.67031122828602 -58.44578161729431
33 1159 -34.6113530432946 -58.44376064106956
34 1322 -34.65902543888601 -58.404633503578815
35 1184 -34.65800534613022 -58.38212029995877
36 1482 -34.62836406121014 -58.42750039113894
37 1217 -34.68666931335479 -58.37857357999557
38 1428 -34.69811145262904 -58.37925823296238
39 1189 -34.636187305082174 -58.42323202314915
40 1309 -34.6111227691709 -58.35043679313374
41 1150 -34.66284864078418 -58.429221492821874
42 1407 -34.621123389369494 -58.412720997243596
43 1470 -34.68658288114135 -58.38797159480063
44 1136 -34.61881546962311 -58.446073184984215
45 1203 -34.61424446578571 -58.415791400404274
46 1175 -34.62859093846558 -58.43317220839296
47 1457 -34.60797720810703 -58.35140374278188
48 1005 -34.68574673472518 -58.43598939093567
49 1205 -34.63338380823835 -58.364475116567405
50 1250 -34.69087444926477 -58.444956334540784
51 1487 -34.60941465406757 -58.414392655054165
52 1335 -34.68840959832436 -58.40495003180953
53 1268 -34.67399047713546 -58.43218940674854
54 1253 -34.66800180058489 -58.39332581455926
55 1337 -34.65986206554713 -58.428740602879735
56 1097 -34.60240500275834 -58.38888293861466
57 1245 -34.697343644482636 -58.44256684774487
58 1474 -34.66469279354547 -58.38417977830384
59 1097 -34.654145557871416 -58.36414210601948
60 1495 -34.696534468581646 -58.42148568675194
