1 1237 -34.68257003502579 -58.357585407492074
2 1440 -34.626903690995135 -58.43854551652277
3 1471 -34.63028787939912 -58.352991047368846
4 1375 -34.60357119572421 -58.40012722499885
5 1056 -34.65430528021362 -58.35489724045485
6 1218 -34.6165446616863 -58.39095228605457
7 1306 -34.620763895129286 -58.43294110682934
8 1395 -34.62823951408732 -58.41024034896718
9 1253 -34.67439601855322 -58.382581557459886
10 1231 -34.63885755499847 -58.437595847119624
11 1408 -34.6370998890987 -58.40706621495804
12 1446 -34.67394626605874 -58.44450432974306
13 1409 -34.61169068590554 -58.38214098931211
14 1336 -34.69442205111349 -58.4292649772804
15 1276 -34.61775273784996 -58.38526365333532
16 1108 -34.683172766177684 -58.3623397268288
17 1481 -34.608491013418416 -58.35334949684881
18 1243 -34.60626833309585 -58.43421381968945
19 1168 -34.60822145311089 -58.365520561846175
20 1466 -34.60787558797486 -58.36324145315611
21 1348 -34.67595341818182 -58.423000308387905
22 1053 -34.66624043443598 -58.367470936690665
23 1088 -34.65398232822771 -58.435597626551846
24 1070 -34.64132142670097 -58.367849798792875
25 1369 -34.61550927417017 -58.35317142595954
26 1315 -34.634727183262974 -58.38143684200718
27 1115 -34.66489638150074 -58.387525377522444
28 1432 -34.60056389706787 -58.415215356515866
29 1173 -34.6760187417891 -58.38054466914666
30 1369 -34.60153412706868 -58.4118945489844
31 1061 -34.632170103611614 -58.366148242931615
32 1321 -34.672014152792315 -58.44259194155962
33 1019 -34.615665451823254 -58.394137081308784
34 1420 -34.696927021426866 -58.355694457675355
35 1149 -34.65918767922186 -58.37972215605487
36 1445 -34.66901106911155 -58.4431408129182
37 1278 -34.60290199811496 -58.41302489783945
38 1391 -34.63900824749359 -58.402139408200654
39 1278 -34.698813232822424 -58.36778300299809
40 1174 -34.69653007151437 -58.39092097355431
41 1049 -34.69018592003534 -58.4157305038698
42 1486 -34.632904674788726 -58.41266270355028
43 1486 -34.60619243976998 -58.386135457980025
44 1145 -34.62043638443425 -58.35187115733208
45 1405 -34.60619218179869 -58.42400590953079
46 1089 -34.6728158387765 -58.3800623661661
47 1411 -34.6189337982906 -58.37501864651534
48 1419 -34.6377411352708 -58.37489353144694
49 1182 -34.670291823603584 -58.37516959668841
50 1460 -34.69806141507538 -58.41053694911605
51 1313 -34.60256492384635 -58.44942817613255
52 1108 -34.617061280915586 -58.43417333377853
53 1077 -34.635430555100506 -58.43399743874153
54 1468 -34.67356682877085 -58.41625612349294
55 1475 -34.60222491426423 -58.38561662807379
56 1080 -34.66487040549417 -58.425552691862485
57 1281 -34.643015398010036 -58.44755586627212
58 1486 -34.608374294054016 -58.42847746726325
59 1452 -34.63421133638262 -58.44403653350303
60 1198 -34.676409378978406 -58.417961732171875
61 1183 -34.64384920719758 -58.368415400457486
62 1494 -34.673461277431464 -58.44801157653563
63 1256 -34.64454030464213 -58.41000514576827
64 1149 -34.65555810912609 -58.40773499648721
65 1251 -34.65851293458506 -58.36732044296468
66 1216 -34.6140537175228 -58.41808101882931
67 1205 -34.6741746070409 -58.42900795217729
68 1361 -34.61449695612258 -58.36920870229216
69 1139 -34.64689918676734 -58.44995680839034
70 1204 -34.63003730331715 -58.386580634213026
71 1243 -34.65596178449075 -58.38898900884995
72 1084 -34.632772318601184 -58.364896307446074
73 1092 -34.65968367340683 -58.39982749007413
74 1171 -34.66359508233022 -58.42204859634789
75 1089 -34.6918423108847 -58.390382540848115
76 1459 -34.664779021551865 -58.36285775465398
77 1365 -34.625439755791916 -58.40448475790848
78 1026 -34.67636621523448 -58.366391721498765
79 1122 -34.642476683762105 -58.380215805477846
80 1166 -34.669379533782894 -58.44047559905723
81 1211 -34.68572097137552 -58.352957896221895
82 1159 -34.684667393311386 -58.36852319623965
83 1063 -34.686939944315526 -58.39861771119217
84 1435 -34.62811887791658 -58.37171813885698
85 1398 -34.69362544819883 -58.383684792977824
86 1494 -34.632274016887756 -58.42095387019146
87 1015 -34.61274294981574 -58.3922549436348
88 1344 -34.688210207548174 -58.3993998447077
89 1106 -34.66093906267859 -58.44522430608517
90 1312 -34.69008485226085 -58.446127471078675
91 1145 -34.667480174155735 -58.443594817827716
92 1066 -34.65917498743857 -58.37782196834784
93 1349 -34.66241447926555 -58.43479095285513
94 1188 -34.61618731331443 -58.362326908807226
95 1265 -34.67218355698215 -58.409045403131245
96 1417 -34.6248277497689 -58.43253932682124
97 1199 -34.6216695481912 -58.44962108664866
98 1138 -34.63123814432939 -58.37523757668869
99 1274 -34.66889864192495 -58.42827079734884
100 1095 -34.635591602944174 -58.390402003793355
101 1033 -34.63782457514131 -58.40931623507657
102 1240 -34.624931281188886 -58.390499948582686
103 1108 -34.64303770340502 -58.40848154652778
104 1124 -34.633167463317626 -58.42757323923704
105 1467 -34.625314961764666 -58.405809200009166
106 1341 -34.6070254325353 -58.385267541771235
107 1458 -34.67687546907971 -58.437870061862704
108 1217 -34.62807075402943 -58.41425269197101
109 1323 -34.68986656794425 -58.41006077347576
110 1328 -34.67158732860603 -58.370897653886814
111 1373 -34.64863995378634 -58.43299988840593
112 1230 -34.68979500719833 -58.403090087238716
113 1075 -34.685175209346 -58.38232312629328
114 1320 -34.667277323657125 -58.38903945104341
115 1401 -34.668432916282775 -58.39816491500079
116 1080 -34.605831372058155 -58.430471670315384
117 1173 -34.6873283223422 -58.3823412587937
118 1430 -34.66990045947011 -58.3744705733658
119 1040 -34.65634242425718 -58.37998444732701
120 1400 -34.698522086675325 -58.405646960298846
121 1388 -34.62706149573673 -58.421742769954385
122 1194 -34.69478666292478 -58.397216409582356
123 1120 -34.605415516650055 -58.439718990893866
124 1450 -34.6640434738623 -58.43513911774806
125 1080 -34.6890023400784 -58.39391970233479
126 1044 -34.65719080665492 -58.42543488964576
127 1422 -34.6704616387327 -58.37822278995681
128 1469 -34.67534532379159 -58.35934988360984
129 1284 -34.61183077978086 -58.42053899582425
130 1373 -34.641697791385276 -58.376020864748845
131 1464 -34.632776547204735 -58.351649936372084
132 1156 -34.6138131088364 -58.35168475299104
133 1196 -34.632867011019435 -58.40465303686877
134 1214 -34.62533204765455 -58.39967271363755
135 1459 -34.67061499102496 -58.36955335903638
136 1380 -34.607823242693044 -58.399303939815354
137 1128 -34.638417615480165 -58.373348126359886
138 1452 -34.602126590642634 -58.36150449432144
139 1038 -34.61506889615242 -58.36424322014703
140 1264 -34.60672987735591 -58.41732228738665
141 1020 -34.600988603612244 -58.37880130660372
142 1087 -34.66761914312167 -58.38778186196057
143 1008 -34.69415910541228 -58.433082071693555
144 1107 -34.62845976837077 -58.35528577761222
145 1056 -34.69826877878266 -58.44712249540714
146 1150 -34.674690953793075 -58.42343578179301
147 1100 -34.617395922010815 -58.38184824020607
148 1040 -34.61248091676846 -58.36445812911741
149 1183 -34.666328557226095 -58.43077120991713
150 1406 -34.65762449518925 -58.35186153077306
